"Against","Team","IDGAME","Phase","Player","MIN","PTS","F2M","F2A","F2GP","F3M","F3A","F3GP","FTM","FTA","FTP","OR","DR","TR","AS","ST","TO","BLK","BLKR","PF","RF","PIR","HA","results","Team_PTS","Team_F2A","Team_F3A","Team_FTA","Team_F2M","Team_F3M","Team_FTM","Team_AS","Team_OR","Team_DR","Team_TR","Team_ST","Team_TO","Team_BLK","Team_PF","Team_PIR","Team_opp_PTS","Team_opp_F2A","Team_opp_F3A","Team_opp_FTA","Team_opp_F2M","Team_opp_F3M","Team_opp_FTM","Team_opp_AS","Team_opp_OR","Team_opp_DR","Team_opp_TR","Team_opp_ST","Team_opp_TO","Team_opp_BLK","Team_opp_PF","Team_opp_PIR","Points_per_shoot","Possesions","Offensive_rating","PIE","Assists_Ratio","As_To_ratio","EFG","FT_ratio","Game_score","True_shooting","Turnover_ratio","Usage","OR_percent","Season"
"BAR","EFE","1_1","Regular Season","Shane  Larkin",32,16,6,7,85.7,1,5,20,1,1,100,0,0,0,12,2,1,0,0,1,3,26,"A","L",74,40,27,6,22,9,3,24,6,15,21,9,9,1,15,78,74,40,27,6,22,9,3,24,6,15,21,9,9,1,15,78,1.23,12.9,124,0.18,93,12,62.5,0.08,19.4,64.3,7.75,4.3,0,"2023-2024"
"BAR","EFE","1_1","Regular Season","Darius  Thompson",26,2,1,5,20,0,2,0,0,0,NA,1,1,2,3,1,3,0,0,3,1,-3,"A","L",74,40,27,6,22,9,3,24,6,15,21,9,9,1,15,78,74,40,27,6,22,9,3,24,6,15,21,9,9,1,15,78,0.29,8.6,23.3,-0.04,34.9,1,14.3,0,-2.6,14.3,34.88,3.9,8.3,"2023-2024"
"BAR","EFE","1_1","Regular Season","Erkan  Yilmaz",10,3,0,0,NA,1,1,100,0,0,NA,0,0,0,1,1,0,0,0,1,0,4,"A","L",74,40,27,6,22,9,3,24,6,15,21,9,9,1,15,78,74,40,27,6,22,9,3,24,6,15,21,9,9,1,15,78,3,1,300,0.03,100,Inf,150,0,4,150,0,1,0,"2023-2024"
"BAR","EFE","1_1","Regular Season","Derek  Willis",27,8,1,2,50,2,6,33.3,0,0,NA,2,4,6,2,2,1,1,1,1,1,12,"A","L",74,40,27,6,22,9,3,24,6,15,21,9,9,1,15,78,74,40,27,6,22,9,3,24,6,15,21,9,9,1,15,78,1,6.7,119.4,0.08,29.9,2,50,0,8.9,50,14.93,3.4,16.7,"2023-2024"
"BAR","EFE","1_1","Regular Season","Ante  Zizic",18,9,4,4,100,0,0,NA,1,2,50,0,3,3,2,0,1,0,0,0,2,14,"A","L",74,40,27,6,22,9,3,24,6,15,21,9,9,1,15,78,74,40,27,6,22,9,3,24,6,15,21,9,9,1,15,78,1.5,5.6,160.7,0.1,35.7,2,100,0.5,8.7,92.2,17.86,3.3,0,"2023-2024"
"BAR","EFE","1_1","Regular Season","Rodrigue  Beaubois",15,4,0,1,0,1,3,33.3,1,3,33.3,0,0,0,0,0,0,0,0,0,1,0,"A","L",74,40,27,6,22,9,3,24,6,15,21,9,9,1,15,78,74,40,27,6,22,9,3,24,6,15,21,9,9,1,15,78,0.57,5.1,78.4,-0.01,0,NA,37.5,0.75,0.8,37.6,0,3.6,0,"2023-2024"
"BAR","EFE","1_1","Regular Season","Elijah  Bryant",16,10,2,5,40,2,4,50,0,0,NA,1,1,2,3,0,1,0,1,1,3,10,"A","L",74,40,27,6,22,9,3,24,6,15,21,9,9,1,15,78,74,40,27,6,22,9,3,24,6,15,21,9,9,1,15,78,1.11,8.6,116.3,0.06,34.9,3,55.6,0,7,55.6,11.63,6.4,8.3,"2023-2024"
"BAR","EFE","1_1","Regular Season","Will  Clyburn",27,7,2,8,25,1,4,25,0,0,NA,1,3,4,1,2,1,0,1,3,3,3,"A","L",74,40,27,6,22,9,3,24,6,15,21,9,9,1,15,78,74,40,27,6,22,9,3,24,6,15,21,9,9,1,15,78,0.58,11.5,60.9,0,8.7,1,29.2,0,1.9,29.2,8.7,4.9,8.3,"2023-2024"
"BAR","EFE","1_1","Regular Season","Tibor  Pleiss",4,5,1,1,100,1,1,100,0,0,NA,0,0,0,0,0,0,0,0,3,0,2,"A","L",74,40,27,6,22,9,3,24,6,15,21,9,9,1,15,78,74,40,27,6,22,9,3,24,6,15,21,9,9,1,15,78,2.5,1.9,263.2,0.02,0,NA,125,0,3.2,125,0,5.1,0,"2023-2024"
"BAR","EFE","1_1","Regular Season","Justus  Hollatz",3,0,0,0,NA,0,1,0,0,0,NA,0,0,0,0,0,0,0,0,1,0,-2,"A","L",74,40,27,6,22,9,3,24,6,15,21,9,9,1,15,78,74,40,27,6,22,9,3,24,6,15,21,9,9,1,15,78,0,1,0,-0.02,0,NA,0,0,-1.1,0,0,3.4,0,"2023-2024"
"BAR","EFE","1_1","Regular Season","Tyrique  Jones",19,10,5,7,71.4,0,0,NA,0,0,NA,1,3,4,0,1,1,0,0,1,1,12,"A","L",74,40,27,6,22,9,3,24,6,15,21,9,9,1,15,78,74,40,27,6,22,9,3,24,6,15,21,9,9,1,15,78,1.43,6.7,149.3,0.08,0,0,71.4,0,8.3,71.4,14.93,4.3,8.3,"2023-2024"
"EFE","BAR","1_1","Regular Season","Oscar  da Silva",20,4,2,2,100,0,0,NA,0,0,NA,0,1,1,1,0,1,1,0,1,1,6,"H","W",91,42,20,12,32,6,9,21,9,24,33,5,13,3,15,112,91,42,20,12,32,6,9,21,9,24,33,5,13,3,15,112,2,2.9,137.9,0.02,34.5,1,100,0,3.7,100,34.48,1.5,0,"2023-2024"
"EFE","BAR","1_1","Regular Season","Jan  Vesely",22,16,8,11,72.7,0,0,NA,0,0,NA,4,3,7,1,2,2,0,1,1,0,19,"H","W",91,42,20,12,32,6,9,21,9,24,33,5,13,3,15,112,91,42,20,12,32,6,9,21,9,24,33,5,13,3,15,112,1.45,8.6,186,0.1,11.6,0.5,72.7,0,15.5,72.7,23.26,5.9,22.2,"2023-2024"
"EFE","BAR","1_1","Regular Season","Nikola  Kalinic",21,4,2,2,100,0,1,0,0,0,NA,0,3,3,2,1,1,0,0,2,0,6,"H","W",91,42,20,12,32,6,9,21,9,24,33,5,13,3,15,112,91,42,20,12,32,6,9,21,9,24,33,5,13,3,15,112,1.33,3.8,105.3,0.03,52.6,2,66.7,0,4.2,66.7,26.32,1.9,0,"2023-2024"
"EFE","BAR","1_1","Regular Season","Tomas  Satoransky",23,8,1,2,50,2,4,50,0,0,NA,0,1,1,3,0,2,0,0,2,0,5,"H","W",91,42,20,12,32,6,9,21,9,24,33,5,13,3,15,112,91,42,20,12,32,6,9,21,9,24,33,5,13,3,15,112,1.33,7.7,103.9,0.03,39,1.5,66.7,0,4.6,66.7,25.97,3.5,0,"2023-2024"
"EFE","BAR","1_1","Regular Season","Nicolas  Laprovittola",25,13,3,3,100,2,7,28.6,1,2,50,0,5,5,8,0,3,0,0,3,4,18,"H","W",91,42,20,12,32,6,9,21,9,24,33,5,13,3,15,112,91,42,20,12,32,6,9,21,9,24,33,5,13,3,15,112,1.08,13.3,97.7,0.08,60.2,2.7,60,0.2,10.5,59.7,22.56,5.5,0,"2023-2024"
"EFE","BAR","1_1","Regular Season","Dario  Brizuela",14,7,2,2,100,1,3,33.3,0,0,NA,1,2,3,3,0,0,0,0,1,0,10,"H","W",91,42,20,12,32,6,9,21,9,24,33,5,13,3,15,112,91,42,20,12,32,6,9,21,9,24,33,5,13,3,15,112,1.4,3.8,184.2,0.05,78.9,Inf,70,0,7.7,70,0,3.6,5.6,"2023-2024"
"EFE","BAR","1_1","Regular Season","Willy  Hernangomez",16,18,7,8,87.5,0,0,NA,4,6,66.7,1,2,3,0,1,2,1,0,0,6,24,"H","W",91,42,20,12,32,6,9,21,9,24,33,5,13,3,15,112,91,42,20,12,32,6,9,21,9,24,33,5,13,3,15,112,1.29,11.2,160.7,0.09,0,0,87.5,0.75,15.4,84.6,17.86,7.9,5.6,"2023-2024"
"EFE","BAR","1_1","Regular Season","Alejandro  Abrines",16,7,2,3,66.7,1,3,33.3,0,0,NA,2,0,2,0,0,0,0,0,0,1,7,"H","W",91,42,20,12,32,6,9,21,9,24,33,5,13,3,15,112,91,42,20,12,32,6,9,21,9,24,33,5,13,3,15,112,1.17,3.8,184.2,0.03,0,NA,58.3,0,5.4,58.3,0,3.7,11.1,"2023-2024"
"EFE","BAR","1_1","Regular Season","Jabari  Parker",18,10,4,5,80,0,1,0,2,2,100,0,3,3,0,1,1,1,0,3,1,10,"H","W",91,42,20,12,32,6,9,21,9,24,33,5,13,3,15,112,91,42,20,12,32,6,9,21,9,24,33,5,13,3,15,112,1.25,7.6,131.6,0.05,0,0,66.7,0.33,7.8,72.7,13.16,4.4,0,"2023-2024"
"EFE","BAR","1_1","Regular Season","Rokas  Jokubaitis",16,4,1,4,25,0,1,0,2,2,100,0,4,4,3,0,0,0,0,1,2,8,"H","W",91,42,20,12,32,6,9,21,9,24,33,5,13,3,15,112,91,42,20,12,32,6,9,21,9,24,33,5,13,3,15,112,0.57,5.6,71.4,0.03,53.6,Inf,20,0.4,3.8,34,0,3.7,0,"2023-2024"
"EFE","BAR","1_1","Regular Season","Joel  Parra",8,0,0,0,NA,0,0,NA,0,0,NA,1,0,1,0,0,1,0,0,1,0,-1,"H","W",91,42,20,12,32,6,9,21,9,24,33,5,13,3,15,112,91,42,20,12,32,6,9,21,9,24,33,5,13,3,15,112,NA,0,NA,-0.01,NA,0,NA,NA,-0.7,NA,Inf,1.2,5.6,"2023-2024"
"BAY","BER","1_2","Regular Season","Sterling  Brown",28,8,2,6,33.3,1,5,20,1,1,100,0,0,0,3,2,0,0,1,3,2,3,"A","L",68,30,24,19,16,7,15,14,2,14,16,10,8,3,17,69,68,30,24,19,16,7,15,14,2,14,16,10,8,3,17,69,0.67,11,72.7,0.02,27.3,Inf,31.8,0.09,4.4,35,0,4.6,0,"2023-2024"
"BAY","BER","1_2","Regular Season","Ziga  Samar",17,5,1,3,33.3,1,2,50,0,0,NA,0,1,1,3,0,1,0,0,3,0,2,"A","L",68,30,24,19,16,7,15,14,2,14,16,10,8,3,17,69,68,30,24,19,16,7,15,14,2,14,16,10,8,3,17,69,1,5.8,86.2,0.02,51.7,3,50,0,2.5,50,17.24,4,0,"2023-2024"
"BAY","BER","1_2","Regular Season","Matt  Thomas",23,11,0,0,NA,2,3,66.7,5,5,100,0,3,3,0,0,0,0,0,3,3,13,"A","L",68,30,24,19,16,7,15,14,2,14,16,10,8,3,17,69,68,30,24,19,16,7,15,14,2,14,16,10,8,3,17,69,1.38,5,220,0.1,0,NA,100,1.67,9.4,105.8,0,2.6,0,"2023-2024"
"BAY","BER","1_2","Regular Season","Louis  Olinde",26,12,4,5,80,1,4,25,1,2,50,0,1,1,3,2,1,2,0,3,2,13,"A","L",68,30,24,19,16,7,15,14,2,14,16,10,8,3,17,69,68,30,24,19,16,7,15,14,2,14,16,10,8,3,17,69,1.09,10.4,115.4,0.1,28.8,3,61.1,0.22,10.9,60.7,9.62,4.8,0,"2023-2024"
"BAY","BER","1_2","Regular Season","Johannes  Thiemann",26,12,3,5,60,1,4,25,3,4,75,1,4,5,1,3,1,0,1,1,5,17,"A","L",68,30,24,19,16,7,15,14,2,14,16,10,8,3,17,69,68,30,24,19,16,7,15,14,2,14,16,10,8,3,17,69,0.92,10.3,116.5,0.13,9.7,1,50,0.44,11.1,55.8,9.71,5.1,25,"2023-2024"
"BAY","BER","1_2","Regular Season","Gabriele  Procida",16,2,1,1,100,0,1,0,0,2,0,1,1,2,1,2,0,0,0,0,2,6,"A","L",68,30,24,19,16,7,15,14,2,14,16,10,8,3,17,69,68,30,24,19,16,7,15,14,2,14,16,10,8,3,17,69,0.5,1.8,111.1,0.04,55.6,Inf,50,1,3.9,34.7,0,2,25,"2023-2024"
"BAY","BER","1_2","Regular Season","Matteo  Spagnolo",17,6,3,6,50,0,0,NA,0,0,NA,0,1,1,2,0,1,0,0,2,2,5,"A","L",68,30,24,19,16,7,15,14,2,14,16,10,8,3,17,69,68,30,24,19,16,7,15,14,2,14,16,10,8,3,17,69,1,6.7,89.6,0.03,29.9,2,50,0,2.9,50,14.93,4.7,0,"2023-2024"
"BAY","BER","1_2","Regular Season","Malte  Delow",13,0,0,0,NA,0,1,0,0,0,NA,0,3,3,1,0,3,0,0,0,0,0,"A","L",68,30,24,19,16,7,15,14,2,14,16,10,8,3,17,69,68,30,24,19,16,7,15,14,2,14,16,10,8,3,17,69,0,3.8,0,0,26.3,0.3,0,0,-2.1,0,78.95,3.5,0,"2023-2024"
"BAY","BER","1_2","Regular Season","Jonas  Mattisseck",9,2,1,2,50,0,1,0,0,0,NA,0,0,0,0,1,0,0,0,0,1,2,"A","L",68,30,24,19,16,7,15,14,2,14,16,10,8,3,17,69,68,30,24,19,16,7,15,14,2,14,16,10,8,3,17,69,0.67,2.9,69,0.01,0,NA,33.3,0,1.3,33.3,0,3.8,0,"2023-2024"
"BAY","BER","1_2","Regular Season","Kresimir  Nikic",7,4,1,2,50,0,0,NA,2,2,100,0,0,0,0,0,0,1,1,0,1,4,"A","L",68,30,24,19,16,7,15,14,2,14,16,10,8,3,17,69,68,30,24,19,16,7,15,14,2,14,16,10,8,3,17,69,1,2.8,142.9,0.04,0,NA,50,1,3.7,69.4,0,4.7,0,"2023-2024"
"BAY","BER","1_2","Regular Season","Justin  Bean",16,6,0,0,NA,1,3,33.3,3,3,100,0,0,0,0,0,1,0,0,2,3,4,"A","L",68,30,24,19,16,7,15,14,2,14,16,10,8,3,17,69,68,30,24,19,16,7,15,14,2,14,16,10,8,3,17,69,1,5.1,117.6,0.01,0,0,50,1,2.5,69.4,19.61,3.8,0,"2023-2024"
"BER","BAY","1_2","Regular Season","Nick  Weiler-Babb",25,8,1,1,100,2,7,28.6,0,0,NA,0,3,3,2,1,0,0,0,2,1,8,"H","W",80,36,31,10,23,9,7,12,16,26,42,5,16,3,21,81,80,36,31,10,23,9,7,12,16,26,42,5,16,3,21,81,1,7.7,103.9,0.06,26,Inf,50,0,6.1,50,0,2.9,0,"2023-2024"
"BER","BAY","1_2","Regular Season","Isaac  Bonga",26,11,3,4,75,1,4,25,2,2,100,6,4,10,1,1,2,0,0,2,2,17,"H","W",80,36,31,10,23,9,7,12,16,26,42,5,16,3,21,81,80,36,31,10,23,9,7,12,16,26,42,5,16,3,21,81,1.1,4.7,234,0.1,21.3,0.5,56.2,0.25,11.3,61.9,42.55,3.8,18.8,"2023-2024"
"BER","BAY","1_2","Regular Season","Leandro  Bolmaro",21,10,5,6,83.3,0,3,0,0,0,NA,0,5,5,3,0,3,0,0,2,1,10,"H","W",80,36,31,10,23,9,7,12,16,26,42,5,16,3,21,81,80,36,31,10,23,9,7,12,16,26,42,5,16,3,21,81,1.11,11.5,87,0.08,26.1,1,55.6,0,5.5,55.6,26.09,5.2,0,"2023-2024"
"BER","BAY","1_2","Regular Season","Serge  Ibaka",18,8,3,4,75,0,1,0,2,4,50,4,5,9,0,1,2,2,1,3,3,13,"H","W",80,36,31,10,23,9,7,12,16,26,42,5,16,3,21,81,80,36,31,10,23,9,7,12,16,26,42,5,16,3,21,81,0.89,4.6,173.9,0.07,0,0,60,0.8,8.4,59.2,43.48,4.5,12.5,"2023-2024"
"BER","BAY","1_2","Regular Season","Devin   Booker",31,10,5,10,50,0,0,NA,0,0,NA,4,2,6,2,0,2,0,1,2,3,11,"H","W",80,36,31,10,23,9,7,12,16,26,42,5,16,3,21,81,80,36,31,10,23,9,7,12,16,26,42,5,16,3,21,81,1,7.7,129.9,0.06,26,1,50,0,7,50,25.97,3.5,12.5,"2023-2024"
"BER","BAY","1_2","Regular Season","Sylvain  Francisco",19,17,3,5,60,3,6,50,2,2,100,0,2,2,3,2,1,0,0,1,3,20,"H","W",80,36,31,10,23,9,7,12,16,26,42,5,16,3,21,81,80,36,31,10,23,9,7,12,16,26,42,5,16,3,21,81,1.31,12.4,137.1,0.15,24.2,3,68.2,0.18,15,71.5,8.06,6.2,0,"2023-2024"
"BER","BAY","1_2","Regular Season","Carsen  Edwards",18,5,1,4,25,1,6,16.7,0,0,NA,1,1,2,0,0,3,0,1,2,0,-7,"H","W",80,36,31,10,23,9,7,12,16,26,42,5,16,3,21,81,80,36,31,10,23,9,7,12,16,26,42,5,16,3,21,81,0.5,11.5,43.5,-0.06,0,0,25,0,-4,25,26.09,6.6,3.1,"2023-2024"
"BER","BAY","1_2","Regular Season","Andreas  Obst",20,8,1,1,100,2,3,66.7,0,0,NA,0,0,0,0,0,2,0,0,2,1,4,"H","W",80,36,31,10,23,9,7,12,16,26,42,5,16,3,21,81,80,36,31,10,23,9,7,12,16,26,42,5,16,3,21,81,2,5.8,137.9,0.03,0,0,100,0,3.6,100,34.48,2.7,0,"2023-2024"
"BER","BAY","1_2","Regular Season","Jan Niklas  Wimberg",12,1,0,0,NA,0,1,0,1,2,50,1,1,2,0,0,0,1,0,1,2,3,"H","W",80,36,31,10,23,9,7,12,16,26,42,5,16,3,21,81,80,36,31,10,23,9,7,12,16,26,42,5,16,3,21,81,0.33,0.8,125,0,0,NA,0,2,1.2,26.6,0,1.4,3.1,"2023-2024"
"BER","BAY","1_2","Regular Season","Danko   Brankovic",2,0,0,0,NA,0,0,NA,0,0,NA,0,0,0,0,0,1,0,0,1,1,-1,"H","W",80,36,31,10,23,9,7,12,16,26,42,5,16,3,21,81,80,36,31,10,23,9,7,12,16,26,42,5,16,3,21,81,NA,1,0,-0.02,0,0,NA,NA,-1.4,NA,100,4.6,0,"2023-2024"
"BER","BAY","1_2","Regular Season","Freddie  Gillespie",8,2,1,1,100,0,0,NA,0,0,NA,0,3,3,1,0,0,0,0,3,0,3,"H","W",80,36,31,10,23,9,7,12,16,26,42,5,16,3,21,81,80,36,31,10,23,9,7,12,16,26,42,5,16,3,21,81,2,1,200,0.03,100,Inf,100,0,2.1,100,0,1.1,0,"2023-2024"
"MAC","PAR","1_3","Regular Season","Zach  LeDay",26,5,2,3,66.7,0,2,0,1,2,50,1,2,3,1,1,3,0,0,1,4,6,"A","L",81,39,17,18,26,5,14,18,5,17,22,7,15,2,18,85,81,39,17,18,26,5,14,18,5,17,22,7,15,2,18,85,0.71,7.6,65.8,0.01,13.2,0.3,40,0.4,1.5,42.5,39.47,3.5,10,"2023-2024"
"MAC","PAR","1_3","Regular Season","Balsa  Koprivica",11,6,2,2,100,0,0,NA,2,2,100,1,2,3,0,0,0,2,0,3,1,9,"A","L",81,39,17,18,26,5,14,18,5,17,22,7,15,2,18,85,81,39,17,18,26,5,14,18,5,17,22,7,15,2,18,85,1.5,1.8,333.3,0.05,0,NA,100,1,6.9,104.2,0,2.7,10,"2023-2024"
"MAC","PAR","1_3","Regular Season","Kevin  Punter",24,11,3,4,75,1,5,20,2,2,100,0,1,1,1,1,3,0,0,1,4,9,"A","L",81,39,17,18,26,5,14,18,5,17,22,7,15,2,18,85,81,39,17,18,26,5,14,18,5,17,22,7,15,2,18,85,1,12.4,88.7,0.04,8.1,0.3,50,0.22,4.9,55.7,24.19,5.4,0,"2023-2024"
"MAC","PAR","1_3","Regular Season","Uros  Trifunovic",14,2,1,2,50,0,1,0,0,0,NA,0,3,3,2,1,0,0,0,1,1,6,"A","L",81,39,17,18,26,5,14,18,5,17,22,7,15,2,18,85,81,39,17,18,26,5,14,18,5,17,22,7,15,2,18,85,0.67,2.9,69,0.04,69,Inf,33.3,0,3.2,33.3,0,2.2,0,"2023-2024"
"MAC","PAR","1_3","Regular Season","Mateusz  Ponitka",5,0,0,0,NA,0,0,NA,0,0,NA,1,0,1,2,0,2,0,0,0,0,1,"A","L",81,39,17,18,26,5,14,18,5,17,22,7,15,2,18,85,81,39,17,18,26,5,14,18,5,17,22,7,15,2,18,85,NA,1,0,0,200,1,NA,NA,0.1,NA,200,4.1,10,"2023-2024"
"MAC","PAR","1_3","Regular Season","Aleksa  Avramovic",26,24,8,9,88.9,1,3,33.3,5,6,83.3,0,0,0,2,1,2,0,0,2,4,23,"A","L",81,39,17,18,26,5,14,18,5,17,22,7,15,2,18,85,81,39,17,18,26,5,14,18,5,17,22,7,15,2,18,85,1.33,16,150,0.15,12.5,1,79.2,0.5,18.4,82,12.5,6.5,0,"2023-2024"
"MAC","PAR","1_3","Regular Season","Alen  Smailagic",25,10,4,6,66.7,0,0,NA,2,4,50,1,2,3,0,0,0,0,0,3,2,8,"A","L",81,39,17,18,26,5,14,18,5,17,22,7,15,2,18,85,81,39,17,18,26,5,14,18,5,17,22,7,15,2,18,85,1,6.5,153.8,0.04,0,NA,66.7,0.67,6.7,64.4,0,3.1,10,"2023-2024"
"MAC","PAR","1_3","Regular Season","Ognjen  Jaramaz",13,0,0,1,0,0,1,0,0,0,NA,0,2,2,3,1,1,0,0,2,1,2,"A","L",81,39,17,18,26,5,14,18,5,17,22,7,15,2,18,85,81,39,17,18,26,5,14,18,5,17,22,7,15,2,18,85,0,2.9,0,0.01,103.4,3,0,0,0.5,0,34.48,2.3,0,"2023-2024"
"MAC","PAR","1_3","Regular Season","James  Nunnally",24,10,2,4,50,2,2,100,0,0,NA,1,2,3,2,0,3,0,1,1,0,8,"A","L",81,39,17,18,26,5,14,18,5,17,22,7,15,2,18,85,81,39,17,18,26,5,14,18,5,17,22,7,15,2,18,85,1.67,7.7,129.9,0.07,26,0.7,83.3,0,6.7,83.3,38.96,3.8,10,"2023-2024"
"MAC","PAR","1_3","Regular Season","Danilo  Andjusic",6,0,0,2,0,0,1,0,0,0,NA,0,1,1,2,1,1,0,0,0,1,1,"A","L",81,39,17,18,26,5,14,18,5,17,22,7,15,2,18,85,81,39,17,18,26,5,14,18,5,17,22,7,15,2,18,85,0,3.8,0,0,52.6,2,0,0,-0.4,0,26.32,6.8,0,"2023-2024"
"MAC","PAR","1_3","Regular Season","P.J.  Dozier",19,11,3,4,75,1,2,50,2,2,100,0,2,2,3,0,0,0,0,2,1,13,"A","L",81,39,17,18,26,5,14,18,5,17,22,7,15,2,18,85,81,39,17,18,26,5,14,18,5,17,22,7,15,2,18,85,1.38,6.6,166.7,0.09,45.5,Inf,75,0.33,10.3,79.9,0,3.7,0,"2023-2024"
"MAC","PAR","1_3","Regular Season","Frank  Kaminsky",6,2,1,2,50,0,0,NA,0,0,NA,0,0,0,0,1,0,0,1,2,0,-1,"A","L",81,39,17,18,26,5,14,18,5,17,22,7,15,2,18,85,81,39,17,18,26,5,14,18,5,17,22,7,15,2,18,85,1,1.9,105.3,0,0,NA,50,0,1.2,50,0,3.4,0,"2023-2024"
"PAR","MAC","1_3","Regular Season","Antonius  Cleveland",22,4,0,2,0,0,2,0,4,4,100,0,2,2,4,2,2,0,0,4,3,5,"H","W",96,43,26,20,27,9,15,31,10,18,28,11,12,2,19,115,96,43,26,20,27,9,15,31,10,18,28,11,12,2,19,115,0.5,7.4,54.1,0.01,54.1,2,0,1,3,34.7,27.03,3.1,0,"2023-2024"
"PAR","MAC","1_3","Regular Season","Lorenzo  Brown",25,22,5,7,71.4,4,5,80,0,0,NA,0,1,1,8,2,3,0,0,2,0,25,"H","W",96,43,26,20,27,9,15,31,10,18,28,11,12,2,19,115,96,43,26,20,27,9,15,31,10,18,28,11,12,2,19,115,1.83,14.4,152.8,0.13,55.6,2.7,91.7,0,21.3,91.7,20.83,5.3,0,"2023-2024"
"PAR","MAC","1_3","Regular Season","Jake  Cohen",15,2,1,1,100,0,1,0,0,0,NA,0,1,1,3,0,0,0,0,3,0,2,"H","W",96,43,26,20,27,9,15,31,10,18,28,11,12,2,19,115,96,43,26,20,27,9,15,31,10,18,28,11,12,2,19,115,1,1.9,105.3,0.01,157.9,Inf,50,0,2.2,50,0,1.2,0,"2023-2024"
"PAR","MAC","1_3","Regular Season","Josh  Nebo",15,14,5,6,83.3,0,0,NA,4,5,80,2,2,4,3,1,0,1,1,0,3,23,"H","W",96,43,26,20,27,9,15,31,10,18,28,11,12,2,19,115,96,43,26,20,27,9,15,31,10,18,28,11,12,2,19,115,1.27,6,233.3,0.1,50,Inf,83.3,0.83,17.2,85.4,0,4.9,10,"2023-2024"
"PAR","MAC","1_3","Regular Season","Bonzie  Colson",22,12,5,8,62.5,0,4,0,2,4,50,3,4,7,0,2,2,1,0,1,2,12,"H","W",96,43,26,20,27,9,15,31,10,18,28,11,12,2,19,115,96,43,26,20,27,9,15,31,10,18,28,11,12,2,19,115,0.75,12.2,98.4,0.04,0,0,41.7,0.33,8.4,43.6,16.39,6.4,15,"2023-2024"
"PAR","MAC","1_3","Regular Season","James  Webb III",15,3,1,2,50,0,2,0,1,2,50,0,0,0,0,0,0,0,1,2,1,-3,"H","W",96,43,26,20,27,9,15,31,10,18,28,11,12,2,19,115,96,43,26,20,27,9,15,31,10,18,28,11,12,2,19,115,0.5,4.7,63.8,-0.02,0,NA,25,0.5,-0.6,30.7,0,2.9,0,"2023-2024"
"PAR","MAC","1_3","Regular Season","Rafael  Menco",7,0,0,2,0,0,0,NA,0,0,NA,0,0,0,1,0,0,0,0,0,0,-1,"H","W",96,43,26,20,27,9,15,31,10,18,28,11,12,2,19,115,96,43,26,20,27,9,15,31,10,18,28,11,12,2,19,115,0,1.9,0,-0.01,52.6,Inf,0,0,-0.7,0,0,2.5,0,"2023-2024"
"PAR","MAC","1_3","Regular Season","Roman  Sorkin",21,14,5,7,71.4,1,2,50,1,1,100,2,3,5,0,2,2,0,0,2,3,17,"H","W",96,43,26,20,27,9,15,31,10,18,28,11,12,2,19,115,96,43,26,20,27,9,15,31,10,18,28,11,12,2,19,115,1.4,9.1,153.8,0.07,0,0,72.2,0.11,11.6,74.2,21.98,4.9,10,"2023-2024"
"PAR","MAC","1_3","Regular Season","John  Dibartolomeo",22,6,0,1,0,2,3,66.7,0,0,NA,2,3,5,2,1,1,0,0,3,2,10,"H","W",96,43,26,20,27,9,15,31,10,18,28,11,12,2,19,115,96,43,26,20,27,9,15,31,10,18,28,11,12,2,19,115,1.5,2.9,206.9,0.04,69,2,75,0,6.5,75,34.48,2,10,"2023-2024"
"PAR","MAC","1_3","Regular Season","Jasiel  Rivero",14,11,4,5,80,0,0,NA,3,4,75,1,0,1,2,0,2,0,0,1,4,13,"H","W",96,43,26,20,27,9,15,31,10,18,28,11,12,2,19,115,96,43,26,20,27,9,15,31,10,18,28,11,12,2,19,115,1.22,7.4,148.6,0.05,27,1,80,0.8,8.4,81.4,27.03,5.6,5,"2023-2024"
"PAR","MAC","1_3","Regular Season","Tamir  Blatt",20,8,1,2,50,2,7,28.6,0,0,NA,0,2,2,8,1,0,0,0,1,0,12,"H","W",96,43,26,20,27,9,15,31,10,18,28,11,12,2,19,115,96,43,26,20,27,9,15,31,10,18,28,11,12,2,19,115,0.89,8.6,93,0.06,93,Inf,44.4,0,9.7,44.4,0,4,0,"2023-2024"
"CRV","VIL","1_4","Regular Season","Paris  Lee",30,7,2,3,66.7,1,3,33.3,0,0,NA,1,2,3,9,2,4,0,0,1,1,14,"A","L",73,29,25,21,17,9,12,17,9,18,27,5,14,3,14,79,73,29,25,21,17,9,12,17,9,18,27,5,14,3,14,79,1.17,8.6,81.4,0.12,104.7,2.2,58.3,0,9.2,58.3,46.51,3.5,5.6,"2023-2024"
"CRV","VIL","1_4","Regular Season","Joffrey  Lauvergne",23,18,5,7,71.4,2,5,40,2,5,40,4,2,6,1,0,1,0,0,1,4,19,"A","L",73,29,25,21,17,9,12,17,9,18,27,5,14,3,14,79,73,29,25,21,17,9,12,17,9,18,27,5,14,3,14,79,1.06,10.8,166.7,0.12,9.3,1,66.7,0.42,13.9,63.4,9.26,6.8,22.2,"2023-2024"
"CRV","VIL","1_4","Regular Season","Timothe  Luwawu-Cabarrot",30,13,2,5,40,1,3,33.3,6,6,100,1,0,1,0,2,2,0,1,3,4,9,"A","L",73,29,25,21,17,9,12,17,9,18,27,5,14,3,14,79,73,29,25,21,17,9,12,17,9,18,27,5,14,3,14,79,0.93,11.2,116.1,0.05,0,0,43.8,0.75,8.1,61.1,17.86,4.4,5.6,"2023-2024"
"CRV","VIL","1_4","Regular Season","Nando  de Colo",26,13,1,2,50,3,5,60,2,3,66.7,0,2,2,5,0,2,0,0,0,2,16,"A","L",73,29,25,21,17,9,12,17,9,18,27,5,14,3,14,79,73,29,25,21,17,9,12,17,9,18,27,5,14,3,14,79,1.3,9.9,131.3,0.13,50.5,2.5,78.6,0.43,11.4,78.1,20.2,4.1,0,"2023-2024"
"CRV","VIL","1_4","Regular Season","John  Egbunu",24,7,3,6,50,0,0,NA,1,2,50,1,0,1,0,0,2,1,1,2,2,2,"A","L",73,29,25,21,17,9,12,17,9,18,27,5,14,3,14,79,73,29,25,21,17,9,12,17,9,18,27,5,14,3,14,79,0.88,7.6,92.1,0,0,0,50,0.33,2.2,50.9,26.32,3.8,5.6,"2023-2024"
"CRV","VIL","1_4","Regular Season","Mike  Scott",22,13,3,3,100,2,5,40,1,3,33.3,1,1,2,1,0,0,0,0,0,1,12,"A","L",73,29,25,21,17,9,12,17,9,18,27,5,14,3,14,79,73,29,25,21,17,9,12,17,9,18,27,5,14,3,14,79,1.18,8,162.5,0.1,12.5,Inf,75,0.38,10.3,69.7,0,4.4,5.6,"2023-2024"
"CRV","VIL","1_4","Regular Season","Youssoupha  Fall",10,0,0,0,NA,0,0,NA,0,0,NA,0,3,3,0,0,1,1,0,2,1,2,"A","L",73,29,25,21,17,9,12,17,9,18,27,5,14,3,14,79,73,29,25,21,17,9,12,17,9,18,27,5,14,3,14,79,NA,1,0,0,0,0,NA,NA,-0.2,NA,100,1,0,"2023-2024"
"CRV","VIL","1_4","Regular Season","Mbaye  Ndiaye",12,0,0,1,0,0,1,0,0,0,NA,1,3,4,1,0,1,1,0,2,0,1,"A","L",73,29,25,21,17,9,12,17,9,18,27,5,14,3,14,79,73,29,25,21,17,9,12,17,9,18,27,5,14,3,14,79,0,1.9,0,0,52.6,1,0,0,-0.2,0,52.63,2.6,5.6,"2023-2024"
"CRV","VIL","1_4","Regular Season","Noam  Yaacov",6,0,0,1,0,0,0,NA,0,2,0,0,1,1,0,0,0,0,0,0,5,3,"A","L",73,29,25,21,17,9,12,17,9,18,27,5,14,3,14,79,73,29,25,21,17,9,12,17,9,18,27,5,14,3,14,79,0,1.8,0,-0.02,0,NA,0,2,-1.2,0,0,3.2,0,"2023-2024"
"CRV","VIL","1_4","Regular Season","Frank  Jackson",16,2,1,1,100,0,3,0,0,0,NA,0,4,4,0,1,1,0,0,3,1,1,"A","L",73,29,25,21,17,9,12,17,9,18,27,5,14,3,14,79,73,29,25,21,17,9,12,17,9,18,27,5,14,3,14,79,0.5,4.8,41.7,0,0,0,25,0,-0.4,25,20.83,3.2,0,"2023-2024"
"VIL","CRV","1_4","Regular Season","Branko  Lazic",13,6,0,0,NA,2,2,100,0,0,NA,1,1,2,0,0,0,0,0,0,0,8,"H","W",94,37,34,13,16,17,11,19,15,22,37,10,9,2,21,103,94,37,34,13,16,17,11,19,15,22,37,10,9,2,21,103,3,1,600,0.04,0,NA,150,0,6.4,150,0,1.4,3.3,"2023-2024"
"VIL","CRV","1_4","Regular Season","Marko  Simonovic",18,14,4,4,100,2,2,100,0,0,NA,1,0,1,0,0,1,0,0,5,1,10,"H","W",94,37,34,13,16,17,11,19,15,22,37,10,9,2,21,103,94,37,34,13,16,17,11,19,15,22,37,10,9,2,21,103,2.33,5.8,241.4,0.05,0,0,116.7,0,9.9,116.7,17.24,3.6,3.3,"2023-2024"
"VIL","CRV","1_4","Regular Season","Shabazz  Napier",21,21,2,3,66.7,5,8,62.5,2,2,100,0,3,3,1,2,2,0,0,2,1,20,"H","W",94,37,34,13,16,17,11,19,15,22,37,10,9,2,21,103,94,37,34,13,16,17,11,19,15,22,37,10,9,2,21,103,1.62,13.3,157.9,0.11,7.5,0.5,86.4,0.18,16.9,88.4,15.04,6.2,0,"2023-2024"
"VIL","CRV","1_4","Regular Season","Rokas  Giedraitis",28,17,2,4,50,4,7,57.1,1,2,50,1,4,5,4,2,0,0,0,3,1,20,"H","W",94,37,34,13,16,17,11,19,15,22,37,10,9,2,21,103,94,37,34,13,16,17,11,19,15,22,37,10,9,2,21,103,1.31,10.4,163.5,0.11,38.5,Inf,72.7,0.18,16.8,71.5,0,4,3.3,"2023-2024"
"VIL","CRV","1_4","Regular Season","Ognjen  Kuzmic",12,0,0,2,0,0,0,NA,0,0,NA,3,1,4,4,0,0,1,1,1,0,5,"H","W",94,37,34,13,16,17,11,19,15,22,37,10,9,2,21,103,94,37,34,13,16,17,11,19,15,22,37,10,9,2,21,103,0,-1,0,0.02,-400,Inf,0,0,4.1,0,0,1.6,10,"2023-2024"
"VIL","CRV","1_4","Regular Season","Stefan  Lazarevic",5,0,0,0,NA,0,0,NA,0,0,NA,0,1,1,0,0,0,0,0,0,0,1,"H","W",94,37,34,13,16,17,11,19,15,22,37,10,9,2,21,103,94,37,34,13,16,17,11,19,15,22,37,10,9,2,21,103,NA,0,NA,0.01,NA,NA,NA,NA,0.3,NA,NA,0,0,"2023-2024"
"VIL","CRV","1_4","Regular Season","Milos  Teodosic",15,3,0,3,0,1,3,33.3,0,0,NA,0,3,3,2,1,1,0,0,4,0,-1,"H","W",94,37,34,13,16,17,11,19,15,22,37,10,9,2,21,103,94,37,34,13,16,17,11,19,15,22,37,10,9,2,21,103,0.5,6.7,44.8,-0.01,29.9,2,25,0,-0.1,25,14.93,4.4,0,"2023-2024"
"VIL","CRV","1_4","Regular Season","Adam  Hanga",22,7,1,6,16.7,1,5,20,2,2,100,1,3,4,3,2,1,1,0,1,3,9,"H","W",94,37,34,13,16,17,11,19,15,22,37,10,9,2,21,103,94,37,34,13,16,17,11,19,15,22,37,10,9,2,21,103,0.54,11.4,61.4,0.03,26.3,3,22.7,0.18,5.1,29.5,8.77,5.5,3.3,"2023-2024"
"VIL","CRV","1_4","Regular Season","Luka  Mitrovic",21,9,3,3,100,0,0,NA,3,4,75,1,0,1,2,1,0,0,0,2,4,14,"H","W",94,37,34,13,16,17,11,19,15,22,37,10,9,2,21,103,94,37,34,13,16,17,11,19,15,22,37,10,9,2,21,103,1.29,3.6,250,0.06,55.6,Inf,100,1.33,10,94.5,0,2.1,3.3,"2023-2024"
"VIL","CRV","1_4","Regular Season","Mike  Tobey",13,0,0,1,0,0,3,0,0,0,NA,2,3,5,0,1,2,0,0,1,0,-1,"H","W",94,37,34,13,16,17,11,19,15,22,37,10,9,2,21,103,94,37,34,13,16,17,11,19,15,22,37,10,9,2,21,103,0,3.8,0,-0.01,0,0,0,0,-1.9,0,52.63,4.3,6.7,"2023-2024"
"VIL","CRV","1_4","Regular Season","Dalibor  Ilic",14,5,1,5,20,1,2,50,0,0,NA,5,0,5,0,0,0,0,2,1,1,3,"H","W",94,37,34,13,16,17,11,19,15,22,37,10,9,2,21,103,94,37,34,13,16,17,11,19,15,22,37,10,9,2,21,103,0.71,1.9,263.2,0.01,0,NA,35.7,0,4,35.7,0,4.7,16.7,"2023-2024"
"VIL","CRV","1_4","Regular Season","Nemanja  Nedovic",17,12,3,6,50,1,2,50,3,3,100,0,3,3,3,1,2,0,0,1,3,15,"H","W",94,37,34,13,16,17,11,19,15,22,37,10,9,2,21,103,94,37,34,13,16,17,11,19,15,22,37,10,9,2,21,103,1.09,10.9,110.1,0.07,27.5,1.5,56.2,0.38,9.6,64.4,18.35,6.2,0,"2023-2024"
"BOL","ZAL","1_5","Regular Season","Keenan  Evans",27,25,5,9,55.6,4,6,66.7,3,4,75,0,4,4,0,2,3,0,0,4,3,20,"A","W",82,39,19,18,18,11,13,11,7,21,28,6,14,3,19,79,82,39,19,18,18,11,13,11,7,21,28,6,14,3,19,79,1.32,19,131.6,0.15,0,0,73.3,0.27,16.3,74.6,15.79,7.3,0,"2023-2024"
"BOL","ZAL","1_5","Regular Season","Kevarrius  Hayes",27,2,1,5,20,0,0,NA,0,0,NA,4,4,8,1,2,2,1,0,1,1,8,"A","W",82,39,19,18,18,11,13,11,7,21,28,6,14,3,19,79,82,39,19,18,18,11,13,11,7,21,28,6,14,3,19,79,0.4,2.9,69,0.04,34.5,0.5,20,0,3.9,20,68.97,2.6,28.6,"2023-2024"
"BOL","ZAL","1_5","Regular Season","Rolands  Smits",26,10,4,6,66.7,0,2,0,2,3,66.7,0,1,1,1,0,2,1,1,3,3,5,"A","W",82,39,19,18,18,11,13,11,7,21,28,6,14,3,19,79,82,39,19,18,18,11,13,11,7,21,28,6,14,3,19,79,0.91,10.9,91.7,0.02,9.2,0.5,50,0.38,4.1,53.6,18.35,4.4,0,"2023-2024"
"BOL","ZAL","1_5","Regular Season","Tomas  Dimsa",27,8,2,4,50,1,3,33.3,1,3,33.3,1,3,4,3,0,1,1,0,1,2,10,"A","W",82,39,19,18,18,11,13,11,7,21,28,6,14,3,19,79,82,39,19,18,18,11,13,11,7,21,28,6,14,3,19,79,0.8,8,100,0.06,37.5,3,50,0.43,6.5,48.1,12.5,3.5,7.1,"2023-2024"
"BOL","ZAL","1_5","Regular Season","Edgaras  Ulanovas",28,11,1,5,20,2,2,100,3,3,100,1,3,4,3,0,2,0,0,2,4,14,"A","W",82,39,19,18,18,11,13,11,7,21,28,6,14,3,19,79,82,39,19,18,18,11,13,11,7,21,28,6,14,3,19,79,1.1,8.9,123.6,0.08,33.7,1.5,57.1,0.43,8.2,66.1,22.47,3.7,7.1,"2023-2024"
"BOL","ZAL","1_5","Regular Season","Naz  Mitrou-Long",12,6,0,1,0,2,3,66.7,0,0,NA,0,2,2,1,0,2,0,0,1,0,4,"A","W",82,39,19,18,18,11,13,11,7,21,28,6,14,3,19,79,82,39,19,18,18,11,13,11,7,21,28,6,14,3,19,79,1.5,5.8,103.4,0.03,17.2,0.5,75,0,2.9,75,34.48,5,0,"2023-2024"
"BOL","ZAL","1_5","Regular Season","Lukas  Lekavicius",8,2,0,1,0,0,0,NA,2,3,66.7,0,1,1,1,1,0,0,0,0,2,5,"A","W",82,39,19,18,18,11,13,11,7,21,28,6,14,3,19,79,82,39,19,18,18,11,13,11,7,21,28,6,14,3,19,79,0.5,2.2,90.9,0.03,45.5,Inf,0,3,2.9,43.1,0,2.9,0,"2023-2024"
"BOL","ZAL","1_5","Regular Season","Dovydas  Giedraitis",0,0,0,0,NA,0,0,NA,0,0,NA,0,0,0,0,0,0,0,0,0,0,0,"A","W",82,39,19,18,18,11,13,11,7,21,28,6,14,3,19,79,82,39,19,18,18,11,13,11,7,21,28,6,14,3,19,79,NA,0,NA,0,NA,NA,NA,NA,0,NA,NA,NA,0,"2023-2024"
"BOL","ZAL","1_5","Regular Season","Laurynas  Birutis",9,4,2,4,50,0,0,NA,0,0,NA,1,0,1,0,0,0,0,0,1,0,2,"A","W",82,39,19,18,18,11,13,11,7,21,28,6,14,3,19,79,82,39,19,18,18,11,13,11,7,21,28,6,14,3,19,79,1,2.9,137.9,0.01,0,NA,50,0,2.3,50,0,4.4,7.1,"2023-2024"
"BOL","ZAL","1_5","Regular Season","Brady   Manek",15,8,1,2,50,2,3,66.7,0,0,NA,0,0,0,0,0,1,0,0,1,0,4,"A","W",82,39,19,18,18,11,13,11,7,21,28,6,14,3,19,79,82,39,19,18,18,11,13,11,7,21,28,6,14,3,19,79,1.6,5.8,137.9,0.03,0,0,80,0,4.3,80,17.24,4,0,"2023-2024"
"BOL","ZAL","1_5","Regular Season","Arnas  Butkevicius",20,6,2,2,100,0,0,NA,2,2,100,0,3,3,1,1,1,0,0,5,2,7,"A","W",82,39,19,18,18,11,13,11,7,21,28,6,14,3,19,79,82,39,19,18,18,11,13,11,7,21,28,6,14,3,19,79,1.5,3.7,162.2,0.04,27,1,100,1,5,104.2,27.03,1.9,0,"2023-2024"
"ZAL","BOL","1_5","Regular Season","Isaia  Cordinier",29,12,4,5,80,1,2,50,1,1,100,1,3,4,9,0,1,0,0,1,1,22,"H","L",79,39,25,11,23,8,9,21,9,20,29,8,14,1,18,87,79,39,25,11,23,8,9,21,9,20,29,8,14,1,18,87,1.5,7.1,169,0.16,126.8,9,78.6,0.14,15.6,80.6,14.08,2.8,5.6,"2023-2024"
"ZAL","BOL","1_5","Regular Season","Marco  Belinelli",15,7,3,5,60,0,4,0,1,1,100,1,2,3,2,0,0,0,0,1,2,7,"H","L",79,39,25,11,23,8,9,21,9,20,29,8,14,1,18,87,79,39,25,11,23,8,9,21,9,20,29,8,14,1,18,87,0.7,8.1,86.4,0.03,24.7,Inf,33.3,0.11,4.2,37.1,0,6.1,5.6,"2023-2024"
"ZAL","BOL","1_5","Regular Season","Tornike  Shengelia",31,17,4,5,80,2,4,50,3,4,75,2,2,4,4,0,3,0,0,1,4,21,"H","L",79,39,25,11,23,8,9,21,9,20,29,8,14,1,18,87,79,39,25,11,23,8,9,21,9,20,29,8,14,1,18,87,1.31,11.3,150.4,0.12,35.4,1.3,77.8,0.44,14.1,79,26.55,4.3,11.1,"2023-2024"
"ZAL","BOL","1_5","Regular Season","Daniel  Hackett",29,7,3,6,50,0,6,0,1,1,100,0,3,3,0,3,1,0,1,3,3,2,"H","L",79,39,25,11,23,8,9,21,9,20,29,8,14,1,18,87,79,39,25,11,23,8,9,21,9,20,29,8,14,1,18,87,0.54,12.9,54.3,0,0,0,25,0.08,1.5,28.1,7.75,4.5,0,"2023-2024"
"ZAL","BOL","1_5","Regular Season","Bryant  Dunston",8,0,0,0,NA,0,0,NA,0,0,NA,1,0,1,0,0,0,0,0,1,0,0,"H","L",79,39,25,11,23,8,9,21,9,20,29,8,14,1,18,87,79,39,25,11,23,8,9,21,9,20,29,8,14,1,18,87,NA,-1,0,0,0,NA,NA,NA,0.3,NA,0,0,5.6,"2023-2024"
"ZAL","BOL","1_5","Regular Season","Alessandro  Pajola",11,0,0,0,NA,0,1,0,0,0,NA,0,2,2,2,0,1,0,0,3,0,-1,"H","L",79,39,25,11,23,8,9,21,9,20,29,8,14,1,18,87,79,39,25,11,23,8,9,21,9,20,29,8,14,1,18,87,0,1.9,0,-0.01,105.3,2,0,0,-0.9,0,52.63,1.8,0,"2023-2024"
"ZAL","BOL","1_5","Regular Season","Jaleen  Smith",12,4,1,1,100,0,1,0,2,2,100,0,0,0,2,2,2,0,0,1,2,6,"H","L",79,39,25,11,23,8,9,21,9,20,29,8,14,1,18,87,79,39,25,11,23,8,9,21,9,20,29,8,14,1,18,87,1,4.7,85.1,0.03,42.6,1,50,1,4,69.4,42.55,3.9,0,"2023-2024"
"ZAL","BOL","1_5","Regular Season","Ognjen  Dobric",25,12,3,5,60,2,4,50,0,0,NA,0,0,0,0,2,0,0,1,2,2,9,"H","L",79,39,25,11,23,8,9,21,9,20,29,8,14,1,18,87,79,39,25,11,23,8,9,21,9,20,29,8,14,1,18,87,1.33,8.6,139.5,0.06,0,NA,66.7,0,8.9,66.7,0,3.5,0,"2023-2024"
"ZAL","BOL","1_5","Regular Season","Devontae  Cacok",5,2,1,2,50,0,0,NA,0,0,NA,1,2,3,0,0,3,0,1,2,0,-2,"H","L",79,39,25,11,23,8,9,21,9,20,29,8,14,1,18,87,79,39,25,11,23,8,9,21,9,20,29,8,14,1,18,87,1,3.8,52.6,-0.01,0,0,50,0,-1.5,50,78.95,9.7,5.6,"2023-2024"
"ZAL","BOL","1_5","Regular Season","Jordan  Mickey",25,18,4,8,50,3,3,100,1,2,50,1,5,6,1,1,1,0,0,3,4,21,"H","L",79,39,25,11,23,8,9,21,9,20,29,8,14,1,18,87,79,39,25,11,23,8,9,21,9,20,29,8,14,1,18,87,1.38,11.4,157.9,0.12,8.8,1,77.3,0.18,14.4,75.8,8.77,5,5.6,"2023-2024"
"ZAL","BOL","1_5","Regular Season","Achille  Polonara",11,0,0,2,0,0,0,NA,0,0,NA,2,1,3,1,0,2,1,0,0,1,2,"H","L",79,39,25,11,23,8,9,21,9,20,29,8,14,1,18,87,79,39,25,11,23,8,9,21,9,20,29,8,14,1,18,87,0,1.9,0,0,52.6,0.5,0,0,-0.3,0,105.26,3.5,11.1,"2023-2024"
"OLY","PAN","1_6","Regular Season","Luca  Vildoza",21,5,1,2,50,1,5,20,0,0,NA,0,0,0,4,1,3,0,0,1,1,2,"H","L",78,32,24,19,16,10,16,15,7,24,31,8,18,2,17,83,78,32,24,19,16,10,16,15,7,24,31,8,18,2,17,83,0.71,9.6,52.1,0.01,41.7,1.3,35.7,0,1.3,35.7,31.25,4.6,0,"2023-2024"
"OLY","PAN","1_6","Regular Season","Aleksander  Balcerowski",12,7,2,4,50,1,2,50,0,0,NA,1,1,2,0,2,0,0,1,3,0,4,"H","L",78,32,24,19,16,10,16,15,7,24,31,8,18,2,17,83,78,32,24,19,16,10,16,15,7,24,31,8,18,2,17,83,1.17,4.8,145.8,0.04,0,NA,58.3,0,5.8,58.3,0,4.9,7.1,"2023-2024"
"OLY","PAN","1_6","Regular Season","Jerian  Grant",32,5,1,2,50,0,2,0,3,4,75,0,3,3,4,2,2,0,0,2,2,8,"H","L",78,32,24,19,16,10,16,15,7,24,31,8,18,2,17,83,78,32,24,19,16,10,16,15,7,24,31,8,18,2,17,83,0.62,7.4,67.6,0.05,54.1,2,25,1,5.1,43.4,27.03,2.4,0,"2023-2024"
"OLY","PAN","1_6","Regular Season","Marius  Grigonis",30,17,2,3,66.7,4,6,66.7,1,2,50,0,2,2,2,0,1,0,0,4,2,14,"H","L",78,32,24,19,16,10,16,15,7,24,31,8,18,2,17,83,78,32,24,19,16,10,16,15,7,24,31,8,18,2,17,83,1.55,10.4,163.5,0.1,19.2,2,88.9,0.22,12.1,86,9.62,3.5,0,"2023-2024"
"OLY","PAN","1_6","Regular Season","Juan  Hernangomez",43,13,2,5,40,2,3,66.7,3,3,100,3,7,10,2,1,2,2,0,0,3,25,"H","L",78,32,24,19,16,10,16,15,7,24,31,8,18,2,17,83,78,32,24,19,16,10,16,15,7,24,31,8,18,2,17,83,1.18,8,162.5,0.16,25,1,62.5,0.38,15,69.7,25,2.6,21.4,"2023-2024"
"OLY","PAN","1_6","Regular Season","Panagiotis  Kalaitzakis",0,0,0,0,NA,0,0,NA,0,0,NA,0,0,0,0,0,0,0,0,0,0,0,"H","L",78,32,24,19,16,10,16,15,7,24,31,8,18,2,17,83,78,32,24,19,16,10,16,15,7,24,31,8,18,2,17,83,NA,0,NA,0,NA,NA,NA,NA,0,NA,NA,NA,0,"2023-2024"
"OLY","PAN","1_6","Regular Season","Kyle  Guy",11,0,0,0,NA,0,0,NA,0,0,NA,0,0,0,0,0,0,0,0,0,1,1,"H","L",78,32,24,19,16,10,16,15,7,24,31,8,18,2,17,83,78,32,24,19,16,10,16,15,7,24,31,8,18,2,17,83,NA,0,NA,0,NA,NA,NA,NA,0,NA,NA,0,0,"2023-2024"
"OLY","PAN","1_6","Regular Season","Kostas  Sloukas",31,20,5,9,55.6,2,6,33.3,4,4,100,1,2,3,3,0,7,0,1,4,5,11,"H","L",78,32,24,19,16,10,16,15,7,24,31,8,18,2,17,83,78,32,24,19,16,10,16,15,7,24,31,8,18,2,17,83,1.05,21.8,91.7,0.05,13.8,0.4,53.3,0.27,7.1,59.7,32.11,7.4,7.1,"2023-2024"
"OLY","PAN","1_6","Regular Season","Mathias  Lessort",34,10,3,6,50,0,0,NA,4,4,100,2,8,10,0,2,3,0,0,2,4,18,"H","L",78,32,24,19,16,10,16,15,7,24,31,8,18,2,17,83,78,32,24,19,16,10,16,15,7,24,31,8,18,2,17,83,1,8.4,119,0.11,0,0,50,0.67,9,64.4,35.71,3.1,14.3,"2023-2024"
"OLY","PAN","1_6","Regular Season","Kostas  Antetokounmpo",0,0,0,0,NA,0,0,NA,0,0,NA,0,0,0,0,0,0,0,0,0,0,0,"H","L",78,32,24,19,16,10,16,15,7,24,31,8,18,2,17,83,78,32,24,19,16,10,16,15,7,24,31,8,18,2,17,83,NA,0,NA,0,NA,NA,NA,NA,0,NA,NA,NA,0,"2023-2024"
"OLY","PAN","1_6","Regular Season","Eleftherios  Mantzoukas",8,1,0,1,0,0,0,NA,1,2,50,0,1,1,0,0,0,0,0,1,1,0,"H","L",78,32,24,19,16,10,16,15,7,24,31,8,18,2,17,83,78,32,24,19,16,10,16,15,7,24,31,8,18,2,17,83,0.33,1.8,55.6,-0.01,0,NA,0,2,-0.2,26.6,0,2.3,0,"2023-2024"
"PAN","OLY","1_6","Regular Season","Thomas  Walkup",39,17,1,3,33.3,5,10,50,0,0,NA,0,2,2,5,3,3,0,0,3,2,16,"A","W",88,35,32,6,19,15,5,20,7,19,26,13,13,2,20,97,88,35,32,6,19,15,5,20,7,19,26,13,13,2,20,97,1.31,15.4,110.4,0.09,32.5,1.7,65.4,0,13.2,65.4,19.48,4,0,"2023-2024"
"PAN","OLY","1_6","Regular Season","Isaiah  Canaan",32,14,1,2,50,4,6,66.7,0,0,NA,0,2,2,2,2,2,0,0,5,1,11,"A","W",88,35,32,6,19,15,5,20,7,19,26,13,13,2,20,97,88,35,32,6,19,15,5,20,7,19,26,13,13,2,20,97,1.75,9.6,145.8,0.06,20.8,1,87.5,0,10.4,87.5,20.83,3,0,"2023-2024"
"PAN","OLY","1_6","Regular Season","Kostas  Papanikolaou",26,3,0,1,0,1,5,20,0,0,NA,0,2,2,5,0,1,0,0,1,2,5,"A","W",88,35,32,6,19,15,5,20,7,19,26,13,13,2,20,97,88,35,32,6,19,15,5,20,7,19,26,13,13,2,20,97,0.5,6.7,44.8,0.02,74.6,5,25,0,1.9,25,14.93,2.6,0,"2023-2024"
"PAN","OLY","1_6","Regular Season","Alec  Peters",37,17,5,7,71.4,2,2,100,1,1,100,4,6,10,4,4,1,0,1,2,2,31,"A","W",88,35,32,6,19,15,5,20,7,19,26,13,13,2,20,97,88,35,32,6,19,15,5,20,7,19,26,13,13,2,20,97,1.7,6.2,274.2,0.18,64.5,4,88.9,0.11,23.1,90,16.13,2.7,28.6,"2023-2024"
"PAN","OLY","1_6","Regular Season","Nikola  Milutinov",35,15,6,12,50,0,0,NA,3,3,100,2,5,7,1,1,1,2,1,2,5,21,"A","W",88,35,32,6,19,15,5,20,7,19,26,13,13,2,20,97,88,35,32,6,19,15,5,20,7,19,26,13,13,2,20,97,1,11.8,127.1,0.1,8.5,1,50,0.25,13.2,56.3,8.47,4,14.3,"2023-2024"
"PAN","OLY","1_6","Regular Season","Nigel  Williams-Goss",27,16,3,5,60,3,6,50,1,2,50,0,0,0,3,1,1,0,0,1,4,16,"A","W",88,35,32,6,19,15,5,20,7,19,26,13,13,2,20,97,88,35,32,6,19,15,5,20,7,19,26,13,13,2,20,97,1.23,12.4,129,0.08,24.2,3,68.2,0.18,12,67.3,8.06,4.6,0,"2023-2024"
"PAN","OLY","1_6","Regular Season","Michalis  Lountzis",0,0,0,0,NA,0,0,NA,0,0,NA,0,0,0,0,0,0,0,0,0,0,0,"A","W",88,35,32,6,19,15,5,20,7,19,26,13,13,2,20,97,88,35,32,6,19,15,5,20,7,19,26,13,13,2,20,97,NA,0,NA,0,NA,NA,NA,NA,0,NA,NA,NA,0,"2023-2024"
"PAN","OLY","1_6","Regular Season","Giannoulis  Larentzakis",12,0,0,1,0,0,3,0,0,0,NA,0,0,0,0,0,2,0,0,2,0,-8,"A","W",88,35,32,6,19,15,5,20,7,19,26,13,13,2,20,97,88,35,32,6,19,15,5,20,7,19,26,13,13,2,20,97,0,5.8,0,-0.05,0,0,0,0,-5.6,0,34.48,4.8,0,"2023-2024"
"PAN","OLY","1_6","Regular Season","Luke  Sikma",10,4,2,2,100,0,0,NA,0,0,NA,1,2,3,0,1,0,0,0,2,0,6,"A","W",88,35,32,6,19,15,5,20,7,19,26,13,13,2,20,97,88,35,32,6,19,15,5,20,7,19,26,13,13,2,20,97,2,1,400,0.04,0,NA,100,0,4.9,100,0,1.9,7.1,"2023-2024"
"PAN","OLY","1_6","Regular Season","Shaquielle  McKissic",6,2,1,2,50,0,0,NA,0,0,NA,0,0,0,0,1,2,0,0,2,1,-1,"A","W",88,35,32,6,19,15,5,20,7,19,26,13,13,2,20,97,88,35,32,6,19,15,5,20,7,19,26,13,13,2,20,97,1,3.8,52.6,-0.01,0,0,50,0,-0.8,50,52.63,6.5,0,"2023-2024"
"FEN","MIL","1_7","Regular Season","Nicolo  Melli",28,7,2,4,50,0,1,0,3,4,75,1,4,5,2,1,2,1,0,2,2,10,"A","L",82,36,26,18,18,11,13,18,8,29,37,9,17,3,16,99,82,36,26,18,18,11,13,18,8,29,37,9,17,3,16,99,0.78,7.4,94.6,0.05,27,1,40,0.8,6.1,51.8,27.03,2.9,6.2,"2023-2024"
"FEN","MIL","1_7","Regular Season","Diego  Flaccadori",16,3,0,1,0,1,2,50,0,0,NA,0,0,0,2,2,1,0,0,2,1,3,"A","L",82,36,26,18,18,11,13,18,8,29,37,9,17,3,16,99,82,36,26,18,18,11,13,18,8,29,37,9,17,3,16,99,1,3.8,78.9,0.01,52.6,2,50,0,2.9,50,26.32,2.3,0,"2023-2024"
"FEN","MIL","1_7","Regular Season","Shavon  Shields",37,10,1,7,14.3,2,6,33.3,2,2,100,0,5,5,4,2,3,0,1,1,5,11,"A","L",82,36,26,18,18,11,13,18,8,29,37,9,17,3,16,99,82,36,26,18,18,11,13,18,8,29,37,9,17,3,16,99,0.67,16.2,61.7,0.05,24.7,1.3,30.8,0.15,5,36,18.52,4.2,0,"2023-2024"
"FEN","MIL","1_7","Regular Season","Nikola  Mirotic",36,27,6,9,66.7,3,5,60,6,8,75,4,7,11,1,2,3,1,0,1,7,38,"A","L",82,36,26,18,18,11,13,18,8,29,37,9,17,3,16,99,82,36,26,18,18,11,13,18,8,29,37,9,17,3,16,99,1.23,15.9,169.8,0.2,6.3,0.3,75,0.57,24.9,77.1,18.87,5.2,25,"2023-2024"
"FEN","MIL","1_7","Regular Season","Johannes  Voigtmann",32,21,5,7,71.4,3,7,42.9,2,4,50,2,5,7,2,0,4,1,0,1,3,21,"A","L",82,36,26,18,18,11,13,18,8,29,37,9,17,3,16,99,82,36,26,18,18,11,13,18,8,29,37,9,17,3,16,99,1.17,17,123.5,0.11,11.8,0.5,67.9,0.29,14.2,66.6,23.53,5.7,12.5,"2023-2024"
"FEN","MIL","1_7","Regular Season","Alex  Poythress",13,5,1,2,50,1,2,50,0,0,NA,0,2,2,0,1,0,0,0,2,2,6,"A","L",82,36,26,18,18,11,13,18,8,29,37,9,17,3,16,99,82,36,26,18,18,11,13,18,8,29,37,9,17,3,16,99,1.25,3.8,131.6,0.03,0,NA,62.5,0,3.8,62.5,0,2.8,0,"2023-2024"
"FEN","MIL","1_7","Regular Season","Giordano  Bortolani",2,0,0,0,NA,0,0,NA,0,0,NA,0,0,0,0,0,0,0,0,1,0,-1,"A","L",82,36,26,18,18,11,13,18,8,29,37,9,17,3,16,99,82,36,26,18,18,11,13,18,8,29,37,9,17,3,16,99,NA,0,NA,-0.01,NA,NA,NA,NA,-0.4,NA,NA,0,0,"2023-2024"
"FEN","MIL","1_7","Regular Season","Kevin  Pangos",26,2,1,4,25,0,2,0,0,0,NA,1,1,2,5,0,3,0,0,2,1,0,"A","L",82,36,26,18,18,11,13,18,8,29,37,9,17,3,16,99,82,36,26,18,18,11,13,18,8,29,37,9,17,3,16,99,0.33,7.7,26,-0.01,64.9,1.7,16.7,0,-1.1,16.7,38.96,3.2,6.2,"2023-2024"
"FEN","MIL","1_7","Regular Season","Stefano  Tonut",18,3,0,0,NA,1,1,100,0,0,NA,0,4,4,1,0,0,0,0,1,1,8,"A","L",82,36,26,18,18,11,13,18,8,29,37,9,17,3,16,99,82,36,26,18,18,11,13,18,8,29,37,9,17,3,16,99,3,1,300,0.05,100,Inf,150,0,4.2,150,0,0.5,0,"2023-2024"
"FEN","MIL","1_7","Regular Season","Giampaolo  Ricci",0,0,0,0,NA,0,0,NA,0,0,NA,0,0,0,0,0,0,0,0,1,0,-1,"A","L",82,36,26,18,18,11,13,18,8,29,37,9,17,3,16,99,82,36,26,18,18,11,13,18,8,29,37,9,17,3,16,99,NA,0,NA,-0.01,NA,NA,NA,NA,-0.4,NA,NA,NA,0,"2023-2024"
"FEN","MIL","1_7","Regular Season","Kyle  Hines",15,4,2,2,100,0,0,NA,0,0,NA,0,1,1,1,1,1,0,0,2,0,4,"A","L",82,36,26,18,18,11,13,18,8,29,37,9,17,3,16,99,82,36,26,18,18,11,13,18,8,29,37,9,17,3,16,99,2,2.9,137.9,0.03,34.5,1,100,0,3.6,100,34.48,1.8,0,"2023-2024"
"MIL","FEN","1_7","Regular Season","Johnathan  Motley",13,2,1,2,50,0,0,NA,0,0,NA,0,2,2,1,0,3,0,0,4,1,-2,"H","W",85,34,31,11,18,14,7,15,4,19,23,5,12,1,23,70,85,34,31,11,18,14,7,15,4,19,23,5,12,1,23,70,1,4.8,41.7,-0.03,20.8,0.3,50,0,-2.3,50,62.5,3.8,0,"2023-2024"
"MIL","FEN","1_7","Regular Season","Nigel  Hayes-Davis",31,0,0,0,NA,0,7,0,0,0,NA,0,2,2,0,1,1,0,0,2,1,-6,"H","W",85,34,31,11,18,14,7,15,4,19,23,5,12,1,23,70,85,34,31,11,18,14,7,15,4,19,23,5,12,1,23,70,0,7.7,0,-0.06,0,0,0,0,-5.1,0,12.99,2.5,0,"2023-2024"
"MIL","FEN","1_7","Regular Season","Dyshawn  Pierre",33,11,1,5,20,3,3,100,0,0,NA,2,4,6,2,0,1,0,1,0,0,13,"H","W",85,34,31,11,18,14,7,15,4,19,23,5,12,1,23,70,85,34,31,11,18,14,7,15,4,19,23,5,12,1,23,70,1.38,6.7,164.2,0.12,29.9,2,68.8,0,10,68.8,14.93,2.7,25,"2023-2024"
"MIL","FEN","1_7","Regular Season","Tyler  Dorsey",30,15,3,8,37.5,3,5,60,0,0,NA,1,2,3,3,1,1,0,2,2,3,13,"H","W",85,34,31,11,18,14,7,15,4,19,23,5,12,1,23,70,85,34,31,11,18,14,7,15,4,19,23,5,12,1,23,70,1.15,12.5,120,0.11,24,3,57.7,0,10.9,57.7,8,4.6,12.5,"2023-2024"
"MIL","FEN","1_7","Regular Season","Yam  Madar",14,8,3,3,100,0,1,0,2,4,50,0,1,1,2,2,1,0,0,2,3,10,"H","W",85,34,31,11,18,14,7,15,4,19,23,5,12,1,23,70,85,34,31,11,18,14,7,15,4,19,23,5,12,1,23,70,1,6.5,123.1,0.06,30.8,2,75,1,7.5,69.4,15.38,4.7,0,"2023-2024"
"MIL","FEN","1_7","Regular Season","Scottie  Wilbekin",31,19,3,6,50,4,8,50,1,1,100,0,1,1,4,1,2,0,0,3,3,16,"H","W",85,34,31,11,18,14,7,15,4,19,23,5,12,1,23,70,85,34,31,11,18,14,7,15,4,19,23,5,12,1,23,70,1.27,15.8,120.3,0.12,25.3,2,64.3,0.07,12.9,65.8,12.66,5.2,0,"2023-2024"
"MIL","FEN","1_7","Regular Season","Sertac  Sanli",6,0,0,0,NA,0,0,NA,0,0,NA,0,0,0,1,0,0,0,0,2,0,-1,"H","W",85,34,31,11,18,14,7,15,4,19,23,5,12,1,23,70,85,34,31,11,18,14,7,15,4,19,23,5,12,1,23,70,NA,0,NA,-0.01,Inf,Inf,NA,NA,-0.1,NA,NA,0,0,"2023-2024"
"MIL","FEN","1_7","Regular Season","Georgios  Papagiannis",31,15,3,4,75,3,3,100,0,0,NA,1,3,4,0,0,1,0,0,4,0,13,"H","W",85,34,31,11,18,14,7,15,4,19,23,5,12,1,23,70,85,34,31,11,18,14,7,15,4,19,23,5,12,1,23,70,2.14,6.7,223.9,0.11,0,0,107.1,0,11.5,107.1,14.93,2.5,12.5,"2023-2024"
"MIL","FEN","1_7","Regular Season","Melih  Mahmutoglu",0,0,0,0,NA,0,0,NA,0,0,NA,0,0,0,0,0,0,0,0,0,0,0,"H","W",85,34,31,11,18,14,7,15,4,19,23,5,12,1,23,70,85,34,31,11,18,14,7,15,4,19,23,5,12,1,23,70,NA,0,NA,0,NA,NA,NA,NA,0,NA,NA,NA,0,"2023-2024"
"MIL","FEN","1_7","Regular Season","Marko  Guduric",19,15,4,4,100,1,3,33.3,4,6,66.7,0,1,1,1,0,1,0,0,4,5,13,"H","W",85,34,31,11,18,14,7,15,4,19,23,5,12,1,23,70,85,34,31,11,18,14,7,15,4,19,23,5,12,1,23,70,1.15,10.2,147.1,0.07,9.8,1,78.6,0.86,9.7,77.8,9.8,5.5,0,"2023-2024"
"MIL","FEN","1_7","Regular Season","Nick  Calathes",8,0,0,2,0,0,0,NA,0,0,NA,0,1,1,0,0,1,0,0,0,0,-2,"H","W",85,34,31,11,18,14,7,15,4,19,23,5,12,1,23,70,85,34,31,11,18,14,7,15,4,19,23,5,12,1,23,70,0,2.9,0,-0.02,0,0,0,0,-2.1,0,34.48,3.7,0,"2023-2024"
"MIL","FEN","1_7","Regular Season","Nathan  Sestina",8,0,0,0,NA,0,1,0,0,0,NA,0,2,2,1,0,0,1,0,0,0,3,"H","W",85,34,31,11,18,14,7,15,4,19,23,5,12,1,23,70,85,34,31,11,18,14,7,15,4,19,23,5,12,1,23,70,0,1,0,0.02,100,Inf,0,0,1.3,0,0,1.2,0,"2023-2024"
"ASM","VAL","1_8","Regular Season","Josep  Puerto",15,0,0,0,NA,0,2,0,0,0,NA,3,2,5,1,0,2,0,1,2,2,1,"H","W",70,28,26,19,11,11,15,14,13,22,35,5,19,4,22,69,70,28,26,19,11,11,15,14,13,22,35,5,19,4,22,69,0,1,0,-0.02,100,0.5,0,0,-0.8,0,200,2.6,11.5,"2023-2024"
"ASM","VAL","1_8","Regular Season","Chris  Jones",25,14,1,5,20,3,4,75,3,4,75,0,0,0,3,1,2,0,0,1,3,12,"H","W",70,28,26,19,11,11,15,14,13,22,35,5,19,4,22,69,70,28,26,19,11,11,15,14,13,22,35,5,19,4,22,69,1.08,12.2,114.8,0.11,24.6,1.5,61.1,0.44,9.6,65.1,16.39,5,0,"2023-2024"
"ASM","VAL","1_8","Regular Season","Damien  Inglis",20,9,2,3,66.7,1,4,25,2,2,100,0,6,6,1,1,1,1,0,2,3,14,"H","W",70,28,26,19,11,11,15,14,13,22,35,5,19,4,22,69,70,28,26,19,11,11,15,14,13,22,35,5,19,4,22,69,1,8.5,105.9,0.12,11.8,1,50,0.29,7.7,57.1,11.76,4.4,0,"2023-2024"
"ASM","VAL","1_8","Regular Season","Kassius  Robertson",25,8,0,3,0,2,4,50,2,3,66.7,0,3,3,0,1,5,0,0,3,2,0,"H","W",70,28,26,19,11,11,15,14,13,22,35,5,19,4,22,69,70,28,26,19,11,11,15,14,13,22,35,5,19,4,22,69,0.8,12.8,62.5,-0.02,0,0,42.9,0.43,-0.8,48.1,39.06,5.2,0,"2023-2024"
"ASM","VAL","1_8","Regular Season","Brandon  Davies",15,4,2,3,66.7,0,1,0,0,0,NA,0,1,1,0,0,3,0,0,4,1,-3,"H","W",70,28,26,19,11,11,15,14,13,22,35,5,19,4,22,69,70,28,26,19,11,11,15,14,13,22,35,5,19,4,22,69,1,6.7,59.7,-0.05,0,0,50,0,-2.3,50,44.78,4.6,0,"2023-2024"
"ASM","VAL","1_8","Regular Season","Jared  Harper",8,1,0,0,NA,0,2,0,1,2,50,0,0,0,0,0,1,0,0,1,2,-2,"H","W",70,28,26,19,11,11,15,14,13,22,35,5,19,4,22,69,70,28,26,19,11,11,15,14,13,22,35,5,19,4,22,69,0.25,3.7,27,-0.05,0,0,0,1,-2.2,17.4,27.03,4.8,0,"2023-2024"
"ASM","VAL","1_8","Regular Season","Victor  Claver",4,0,0,0,NA,0,0,NA,0,0,NA,0,1,1,0,0,0,0,0,0,0,1,"H","W",70,28,26,19,11,11,15,14,13,22,35,5,19,4,22,69,70,28,26,19,11,11,15,14,13,22,35,5,19,4,22,69,NA,0,NA,0.01,NA,NA,NA,NA,0.3,NA,NA,0,0,"2023-2024"
"ASM","VAL","1_8","Regular Season","Nate  Reuvers",17,5,1,2,50,1,3,33.3,0,0,NA,1,5,6,0,0,1,1,0,2,0,6,"H","W",70,28,26,19,11,11,15,14,13,22,35,5,19,4,22,69,70,28,26,19,11,11,15,14,13,22,35,5,19,4,22,69,1,4.8,104.2,0.06,0,0,50,0,3.4,50,20.83,3.5,3.8,"2023-2024"
"ASM","VAL","1_8","Regular Season","Jaime  Pradilla",9,3,0,0,NA,1,1,100,0,0,NA,2,0,2,3,0,0,0,0,1,1,8,"H","W",70,28,26,19,11,11,15,14,13,22,35,5,19,4,22,69,70,28,26,19,11,11,15,14,13,22,35,5,19,4,22,69,3,-1,-300,0.07,-300,Inf,150,0,5.8,150,0,1.1,7.7,"2023-2024"
"ASM","VAL","1_8","Regular Season","Stefan  Jovic",19,2,0,1,0,0,1,0,2,2,100,0,0,0,4,0,0,0,0,1,1,4,"H","W",70,28,26,19,11,11,15,14,13,22,35,5,19,4,22,69,70,28,26,19,11,11,15,14,13,22,35,5,19,4,22,69,0.5,2.8,71.4,0.04,142.9,Inf,0,1,3,34.7,0,1.5,0,"2023-2024"
"ASM","VAL","1_8","Regular Season","Boubacar  Toure",18,5,2,4,50,0,0,NA,1,2,50,4,0,4,2,1,3,0,1,2,2,5,"H","W",70,28,26,19,11,11,15,14,13,22,35,5,19,4,22,69,70,28,26,19,11,11,15,14,13,22,35,5,19,4,22,69,0.83,3.7,135.1,0.02,54.1,0.7,50,0.5,4,51.2,81.08,4.3,15.4,"2023-2024"
"ASM","VAL","1_8","Regular Season","Semi  Ojeleye",22,19,3,7,42.9,3,4,75,4,4,100,3,4,7,0,1,1,2,0,3,3,23,"H","W",70,28,26,19,11,11,15,14,13,22,35,5,19,4,22,69,70,28,26,19,11,11,15,14,13,22,35,5,19,4,22,69,1.27,10.3,184.5,0.21,0,0,68.2,0.36,17.2,74.5,9.71,6.1,11.5,"2023-2024"
"VAL","ASM","1_8","Regular Season","John  Brown III",32,8,4,6,66.7,0,0,NA,0,0,NA,0,0,0,0,4,1,1,0,2,4,12,"A","L",65,33,24,15,15,8,11,13,8,17,25,12,15,2,20,62,65,33,24,15,15,8,11,13,8,17,25,12,15,2,20,62,1.33,6.7,119.4,0.1,0,0,66.7,0,8.3,66.7,14.93,2.2,0,"2023-2024"
"VAL","ASM","1_8","Regular Season","Alpha  Diallo",24,5,1,3,33.3,1,4,25,0,0,NA,1,1,2,3,2,3,0,1,4,2,1,"A","L",65,33,24,15,15,8,11,13,8,17,25,12,15,2,20,62,65,33,24,15,15,8,11,13,8,17,25,12,15,2,20,62,0.71,8.6,58.1,-0.01,34.9,1,35.7,0,1.4,35.7,34.88,4.2,6.2,"2023-2024"
"VAL","ASM","1_8","Regular Season","Donatas  Motiejunas",23,8,3,5,60,0,1,0,2,4,50,3,2,5,0,1,3,1,0,1,3,9,"A","L",65,33,24,15,15,8,11,13,8,17,25,12,15,2,20,62,65,33,24,15,15,8,11,13,8,17,25,12,15,2,20,62,0.8,7.4,108.1,0.05,0,0,50,0.67,5.2,51.5,40.54,4.8,18.8,"2023-2024"
"VAL","ASM","1_8","Regular Season","Terry  Tarpey",11,0,0,2,0,0,0,NA,0,0,NA,0,1,1,1,1,1,0,0,3,0,-3,"A","L",65,33,24,15,15,8,11,13,8,17,25,12,15,2,20,62,65,33,24,15,15,8,11,13,8,17,25,12,15,2,20,62,0,2.9,0,-0.04,34.5,1,0,0,-1.6,0,34.48,2.8,0,"2023-2024"
"VAL","ASM","1_8","Regular Season","Mike  James",33,21,4,8,50,3,9,33.3,4,6,66.7,2,5,7,7,3,0,0,2,1,6,29,"A","L",65,33,24,15,15,8,11,13,8,17,25,12,15,2,20,62,65,33,24,15,15,8,11,13,8,17,25,12,15,2,20,62,0.91,16.9,124.3,0.31,41.4,Inf,50,0.35,21.5,53.5,0,6.1,12.5,"2023-2024"
"VAL","ASM","1_8","Regular Season","Elie  Okobo",29,17,0,2,0,4,7,57.1,5,5,100,0,2,2,1,1,4,0,0,3,4,13,"A","L",65,33,24,15,15,8,11,13,8,17,25,12,15,2,20,62,65,33,24,15,15,8,11,13,8,17,25,12,15,2,20,62,1.21,14.6,116.4,0.12,6.8,0.2,66.7,0.56,9.4,75.9,27.4,5.3,0,"2023-2024"
"VAL","ASM","1_8","Regular Season","Jaron  Blossomgame",18,4,2,4,50,0,2,0,0,0,NA,1,3,4,0,0,0,0,0,2,2,4,"A","L",65,33,24,15,15,8,11,13,8,17,25,12,15,2,20,62,65,33,24,15,15,8,11,13,8,17,25,12,15,2,20,62,0.67,4.8,83.3,0.02,0,NA,33.3,0,1.4,33.3,0,3.4,6.2,"2023-2024"
"VAL","ASM","1_8","Regular Season","Petr  Cornelie",8,0,0,0,NA,0,0,NA,0,0,NA,0,0,0,0,0,0,0,0,1,0,-1,"A","L",65,33,24,15,15,8,11,13,8,17,25,12,15,2,20,62,65,33,24,15,15,8,11,13,8,17,25,12,15,2,20,62,NA,0,NA,-0.01,NA,NA,NA,NA,-0.4,NA,NA,0,0,"2023-2024"
"VAL","ASM","1_8","Regular Season","Matthew  Strazel",10,2,1,1,100,0,1,0,0,0,NA,0,2,2,1,0,0,0,0,0,1,5,"A","L",65,33,24,15,15,8,11,13,8,17,25,12,15,2,20,62,65,33,24,15,15,8,11,13,8,17,25,12,15,2,20,62,1,1.9,105.3,0.05,52.6,Inf,50,0,2.3,50,0,2,0,"2023-2024"
"VAL","ASM","1_8","Regular Season","Donta  Hall",10,0,0,2,0,0,0,NA,0,0,NA,1,1,2,0,0,3,0,1,3,0,-7,"A","L",65,33,24,15,15,8,11,13,8,17,25,12,15,2,20,62,65,33,24,15,15,8,11,13,8,17,25,12,15,2,20,62,0,3.8,0,-0.08,0,0,0,0,-4.6,0,78.95,5.1,6.2,"2023-2024"
"BAS","RMB","1_9","Regular Season","Fabien  Causeur",20,7,2,4,50,1,3,33.3,0,0,NA,0,3,3,0,0,1,2,0,3,0,4,"A","W",79,29,39,12,13,15,8,19,6,25,31,7,9,4,23,76,79,29,39,12,13,15,8,19,6,25,31,7,9,4,23,76,1,7.7,90.9,0.03,0,0,50,0,3.4,50,12.99,3.9,0,"2023-2024"
"BAS","RMB","1_9","Regular Season","Ismaila  Diagne",6,0,0,0,NA,0,0,NA,0,0,NA,0,0,0,0,0,1,0,0,3,0,-4,"A","W",79,29,39,12,13,15,8,19,6,25,31,7,9,4,23,76,79,29,39,12,13,15,8,19,6,25,31,7,9,4,23,76,NA,1,0,-0.03,0,0,NA,NA,-2.2,NA,100,1.6,0,"2023-2024"
"BAS","RMB","1_9","Regular Season","Facundo  Campazzo",23,2,1,5,20,0,5,0,0,0,NA,0,1,1,5,1,1,0,2,2,4,-1,"A","W",79,29,39,12,13,15,8,19,6,25,31,7,9,4,23,76,79,29,39,12,13,15,8,19,6,25,31,7,9,4,23,76,0.2,10.6,18.9,-0.03,47.2,5,10,0,-1.6,10,9.43,4.7,0,"2023-2024"
"BAS","RMB","1_9","Regular Season","Guerschon  Yabusele",35,18,2,4,50,4,8,50,2,2,100,1,7,8,0,2,2,1,0,1,2,22,"A","W",79,29,39,12,13,15,8,19,6,25,31,7,9,4,23,76,79,29,39,12,13,15,8,19,6,25,31,7,9,4,23,76,1.29,13.3,135.3,0.16,0,0,66.7,0.17,15.1,69.9,15.04,4.1,8.3,"2023-2024"
"BAS","RMB","1_9","Regular Season","Dzanan  Musa",23,13,2,5,40,2,3,66.7,3,5,60,0,7,7,2,0,1,0,1,2,4,16,"A","W",79,29,39,12,13,15,8,19,6,25,31,7,9,4,23,76,79,29,39,12,13,15,8,19,6,25,31,7,9,4,23,76,1,10.8,120.4,0.11,18.5,2,62.5,0.62,9.9,63.7,9.26,4.7,0,"2023-2024"
"BAS","RMB","1_9","Regular Season","Rudy  Fernandez",18,0,0,0,NA,0,3,0,0,0,NA,2,1,3,4,1,0,0,0,1,0,4,"A","W",79,29,39,12,13,15,8,19,6,25,31,7,9,4,23,76,79,29,39,12,13,15,8,19,6,25,31,7,9,4,23,76,0,1,0,0.03,400,Inf,0,0,3,0,0,1.6,16.7,"2023-2024"
"BAS","RMB","1_9","Regular Season","Alberto   Abalde",2,0,0,0,NA,0,0,NA,0,0,NA,0,0,0,0,0,0,0,0,0,0,0,"A","W",79,29,39,12,13,15,8,19,6,25,31,7,9,4,23,76,79,29,39,12,13,15,8,19,6,25,31,7,9,4,23,76,NA,0,NA,0,NA,NA,NA,NA,0,NA,NA,0,0,"2023-2024"
"BAS","RMB","1_9","Regular Season","Mario  Hezonja",10,9,1,2,50,2,4,50,1,1,100,0,1,1,0,1,0,0,0,5,1,4,"A","W",79,29,39,12,13,15,8,19,6,25,31,7,9,4,23,76,79,29,39,12,13,15,8,19,6,25,31,7,9,4,23,76,1.29,6.2,145.2,0.03,0,NA,66.7,0.17,5.3,69.9,0,6.3,0,"2023-2024"
"BAS","RMB","1_9","Regular Season","Sergio  Rodriguez",17,5,1,2,50,1,3,33.3,0,0,NA,0,0,0,3,1,2,0,0,1,1,4,"A","W",79,29,39,12,13,15,8,19,6,25,31,7,9,4,23,76,79,29,39,12,13,15,8,19,6,25,31,7,9,4,23,76,1,6.7,74.6,0.03,44.8,1.5,50,0,3,50,29.85,4,0,"2023-2024"
"BAS","RMB","1_9","Regular Season","Vincent  Poirier",25,10,3,6,50,1,1,100,1,2,50,3,4,7,3,1,1,1,0,3,2,16,"A","W",79,29,39,12,13,15,8,19,6,25,31,7,9,4,23,76,79,29,39,12,13,15,8,19,6,25,31,7,9,4,23,76,1.11,5.6,178.6,0.1,53.6,3,64.3,0.29,11.2,63.5,17.86,3.5,25,"2023-2024"
"BAS","RMB","1_9","Regular Season","Sergio  Llull",21,15,1,1,100,4,9,44.4,1,2,50,0,1,1,2,0,0,0,0,2,1,11,"A","W",79,29,39,12,13,15,8,19,6,25,31,7,9,4,23,76,79,29,39,12,13,15,8,19,6,25,31,7,9,4,23,76,1.25,10.4,144.2,0.08,19.2,Inf,70,0.2,10.5,68.9,0,5,0,"2023-2024"
"RMB","BAS","1_9","Regular Season","Markus  Howard",23,10,3,7,42.9,1,8,12.5,1,1,100,0,0,0,5,0,1,0,2,2,2,1,"H","L",77,51,27,16,24,5,14,18,19,32,51,4,13,3,15,92,77,51,27,16,24,5,14,18,19,32,51,4,13,3,15,92,0.62,15.8,63.3,0.01,31.6,5,30,0.07,2.8,32.4,6.33,5.8,0,"2023-2024"
"RMB","BAS","1_9","Regular Season","Tadas  Sedekerskis",27,8,3,4,75,0,1,0,2,2,100,2,8,10,2,0,2,0,0,1,2,17,"H","L",77,51,27,16,24,5,14,18,19,32,51,4,13,3,15,92,77,51,27,16,24,5,14,18,19,32,51,4,13,3,15,92,1.14,5.6,142.9,0.11,35.7,1,60,0.4,8.5,68,35.71,2.4,5.3,"2023-2024"
"RMB","BAS","1_9","Regular Season","Codi  Miller-McIntyre",20,0,0,0,NA,0,4,0,0,0,NA,1,3,4,4,0,2,1,0,2,0,1,"H","L",77,51,27,16,24,5,14,18,19,32,51,4,13,3,15,92,77,51,27,16,24,5,14,18,19,32,51,4,13,3,15,92,0,4.8,0,0,83.3,2,0,0,-0.5,0,41.67,2.4,2.6,"2023-2024"
"RMB","BAS","1_9","Regular Season","Maik  Kotsar",11,5,1,2,50,0,0,NA,3,4,75,1,1,2,1,0,0,0,0,1,3,8,"H","L",77,51,27,16,24,5,14,18,19,32,51,4,13,3,15,92,77,51,27,16,24,5,14,18,19,32,51,4,13,3,15,92,0.83,2.6,192.3,0.04,38.5,Inf,50,2,4.9,66.5,0,2.8,2.6,"2023-2024"
"RMB","BAS","1_9","Regular Season","Matthew  Costello",21,16,3,5,60,3,5,60,1,1,100,0,3,3,0,1,1,1,0,2,4,18,"H","L",77,51,27,16,24,5,14,18,19,32,51,4,13,3,15,92,77,51,27,16,24,5,14,18,19,32,51,4,13,3,15,92,1.45,11,145.5,0.11,0,0,75,0.1,12.2,76.6,9.09,4.4,0,"2023-2024"
"RMB","BAS","1_9","Regular Season","Nico  Mannion",19,13,3,6,50,1,4,25,4,4,100,2,0,2,3,0,2,0,0,1,2,11,"H","L",77,51,27,16,24,5,14,18,19,32,51,4,13,3,15,92,77,51,27,16,24,5,14,18,19,32,51,4,13,3,15,92,0.93,11.3,115,0.06,26.5,1.5,45,0.4,8.7,55.3,17.7,5.9,5.3,"2023-2024"
"RMB","BAS","1_9","Regular Season","Sander  Raieste",2,0,0,0,NA,0,0,NA,0,0,NA,0,1,1,0,0,0,0,0,0,0,1,"H","L",77,51,27,16,24,5,14,18,19,32,51,4,13,3,15,92,77,51,27,16,24,5,14,18,19,32,51,4,13,3,15,92,NA,0,NA,0.01,NA,NA,NA,NA,0.3,NA,NA,0,0,"2023-2024"
"RMB","BAS","1_9","Regular Season","Vanja  Marinkovic",16,0,0,5,0,0,3,0,0,0,NA,0,4,4,1,0,0,0,1,1,2,-3,"H","L",77,51,27,16,24,5,14,18,19,32,51,4,13,3,15,92,77,51,27,16,24,5,14,18,19,32,51,4,13,3,15,92,0,7.7,0,-0.03,13,Inf,0,0,-4.1,0,0,4.1,0,"2023-2024"
"RMB","BAS","1_9","Regular Season","Nikos  Rogkavopoulos",12,4,2,6,33.3,0,1,0,0,0,NA,2,2,4,0,0,1,0,1,0,0,1,"H","L",77,51,27,16,24,5,14,18,19,32,51,4,13,3,15,92,77,51,27,16,24,5,14,18,19,32,51,4,13,3,15,92,0.57,5.8,69,0.01,0,0,28.6,0,0.9,28.6,17.24,5.4,5.3,"2023-2024"
"RMB","BAS","1_9","Regular Season","Khalifa  Diop",24,8,4,5,80,0,0,NA,0,0,NA,6,5,11,1,2,2,0,0,4,0,15,"H","L",77,51,27,16,24,5,14,18,19,32,51,4,13,3,15,92,77,51,27,16,24,5,14,18,19,32,51,4,13,3,15,92,1.6,1,800,0.1,100,0.5,80,0,10.9,80,200,2.4,15.8,"2023-2024"
"RMB","BAS","1_9","Regular Season","Chima  Moneke",24,13,5,11,45.5,0,1,0,3,4,75,5,5,10,1,1,2,1,0,1,7,22,"H","L",77,51,27,16,24,5,14,18,19,32,51,4,13,3,15,92,77,51,27,16,24,5,14,18,19,32,51,4,13,3,15,92,0.81,10.3,126.2,0.1,9.7,0.5,41.7,0.33,11.2,47.2,19.42,5.4,13.2,"2023-2024"
"BAS","BER","2_1","Regular Season","Sterling  Brown",21,5,1,5,20,1,5,20,0,0,NA,0,1,1,1,0,2,0,0,1,0,-4,"H","L",86,39,28,17,23,8,16,19,10,20,30,12,16,2,19,92,86,39,28,17,23,8,16,19,10,20,30,12,16,2,19,92,0.5,11.5,43.5,-0.03,8.7,0.5,25,0,-2.6,25,17.39,5.1,0,"2023-2024"
"BAS","BER","2_1","Regular Season","Ziga  Samar",17,0,0,3,0,0,0,NA,0,0,NA,1,1,2,5,1,2,0,0,2,1,2,"H","L",86,39,28,17,23,8,16,19,10,20,30,12,16,2,19,92,86,39,28,17,23,8,16,19,10,20,30,12,16,2,19,92,0,3.8,0,0,131.6,2.5,0,0,0.6,0,52.63,2.6,5,"2023-2024"
"BAS","BER","2_1","Regular Season","Kresimir  Nikic",4,2,1,1,100,0,0,NA,0,0,NA,2,0,2,0,1,0,0,0,0,0,5,"H","L",86,39,28,17,23,8,16,19,10,20,30,12,16,2,19,92,86,39,28,17,23,8,16,19,10,20,30,12,16,2,19,92,2,-1,-200,0.03,0,NA,100,0,4.1,100,0,2.2,10,"2023-2024"
"BAS","BER","2_1","Regular Season","Louis  Olinde",24,11,3,4,75,0,2,0,5,5,100,1,2,3,2,1,1,1,1,4,4,13,"H","L",86,39,28,17,23,8,16,19,10,20,30,12,16,2,19,92,86,39,28,17,23,8,16,19,10,20,30,12,16,2,19,92,1,7.9,139.2,0.06,25.3,2,50,0.83,9.8,67.1,12.66,3.4,5,"2023-2024"
"BAS","BER","2_1","Regular Season","Johannes  Thiemann",25,13,4,6,66.7,1,2,50,2,2,100,1,9,10,1,1,2,0,0,0,2,22,"H","L",86,39,28,17,23,8,16,19,10,20,30,12,16,2,19,92,86,39,28,17,23,8,16,19,10,20,30,12,16,2,19,92,1.3,9.5,136.8,0.14,10.5,0.5,68.8,0.25,12.5,73.2,21.05,3.8,5,"2023-2024"
"BAS","BER","2_1","Regular Season","Gabriele  Procida",19,12,1,3,33.3,2,7,28.6,4,4,100,0,1,1,1,3,1,0,1,3,2,7,"H","L",86,39,28,17,23,8,16,19,10,20,30,12,16,2,19,92,86,39,28,17,23,8,16,19,10,20,30,12,16,2,19,92,0.86,12.2,98.4,0.04,8.2,1,40,0.4,8,51,8.2,5.9,0,"2023-2024"
"BAS","BER","2_1","Regular Season","Matteo  Spagnolo",23,12,6,7,85.7,0,0,NA,0,0,NA,0,0,0,2,0,4,0,0,2,0,7,"H","L",86,39,28,17,23,8,16,19,10,20,30,12,16,2,19,92,86,39,28,17,23,8,16,19,10,20,30,12,16,2,19,92,1.71,10.6,113.2,0.05,18.9,0.5,85.7,0,6.1,85.7,37.74,4.2,0,"2023-2024"
"BAS","BER","2_1","Regular Season","Malte  Delow",12,5,0,0,NA,1,2,50,2,2,100,0,1,1,1,0,0,0,0,1,3,8,"H","L",86,39,28,17,23,8,16,19,10,20,30,12,16,2,19,92,86,39,28,17,23,8,16,19,10,20,30,12,16,2,19,92,1.25,2.8,178.6,0.04,35.7,Inf,75,1,4.6,86.8,0,2.1,0,"2023-2024"
"BAS","BER","2_1","Regular Season","Tim  Schneider",17,17,5,5,100,2,5,40,1,2,50,1,1,2,0,2,0,0,0,2,1,16,"H","L",86,39,28,17,23,8,16,19,10,20,30,12,16,2,19,92,86,39,28,17,23,8,16,19,10,20,30,12,16,2,19,92,1.42,9.5,178.9,0.1,0,NA,80,0.2,14.6,78.1,0,5.7,5,"2023-2024"
"BAS","BER","2_1","Regular Season","Matt  Thomas",24,5,1,4,25,1,5,20,0,0,NA,2,3,5,6,1,3,0,0,3,1,5,"H","L",86,39,28,17,23,8,16,19,10,20,30,12,16,2,19,92,86,39,28,17,23,8,16,19,10,20,30,12,16,2,19,92,0.56,9.6,52.1,0.02,62.5,2,27.8,0,2.8,27.8,31.25,4.4,10,"2023-2024"
"BAS","BER","2_1","Regular Season","Justin  Bean",14,4,1,1,100,0,0,NA,2,2,100,2,1,3,0,2,1,1,0,1,3,11,"H","L",86,39,28,17,23,8,16,19,10,20,30,12,16,2,19,92,86,39,28,17,23,8,16,19,10,20,30,12,16,2,19,92,1.33,0.8,500,0.05,0,0,100,2,6.7,106.4,125,1.8,10,"2023-2024"
"BER","BAS","2_1","Regular Season","Markus  Howard",21,5,1,1,100,1,7,14.3,0,0,NA,0,2,2,5,1,5,0,0,4,2,0,"A","W",91,35,33,19,21,12,13,19,12,23,35,8,19,2,17,95,91,35,33,19,21,12,13,19,12,23,35,8,19,2,17,95,0.62,12.5,40,-0.01,40,1,31.2,0,-1.3,31.2,40,5.2,0,"2023-2024"
"BER","BAS","2_1","Regular Season","Tadas  Sedekerskis",29,11,4,8,50,1,1,100,0,0,NA,7,6,13,2,3,2,0,1,1,0,21,"A","W",91,35,33,19,21,12,13,19,12,23,35,8,19,2,17,95,91,35,33,19,21,12,13,19,12,23,35,8,19,2,17,95,1.22,3.8,289.5,0.13,52.6,1,61.1,0,15.4,61.1,52.63,3.2,29.2,"2023-2024"
"BER","BAS","2_1","Regular Season","Codi  Miller-McIntyre",27,17,3,4,75,3,7,42.9,2,3,66.7,0,1,1,1,1,4,0,0,2,3,11,"A","W",91,35,33,19,21,12,13,19,12,23,35,8,19,2,17,95,91,35,33,19,21,12,13,19,12,23,35,8,19,2,17,95,1.21,15.7,108.3,0.06,6.4,0.2,68.2,0.27,8.5,69,25.48,5.1,0,"2023-2024"
"BER","BAS","2_1","Regular Season","Khalifa  Diop",14,7,2,4,50,0,0,NA,3,4,75,1,1,2,1,0,2,0,0,4,3,4,"A","W",91,35,33,19,21,12,13,19,12,23,35,8,19,2,17,95,91,35,33,19,21,12,13,19,12,23,35,8,19,2,17,95,0.88,6.5,107.7,0,15.4,0.5,50,1,2.7,60.8,30.77,4.7,4.2,"2023-2024"
"BER","BAS","2_1","Regular Season","Matthew  Costello",24,10,2,4,50,2,6,33.3,0,2,0,2,4,6,1,0,1,1,0,2,1,8,"A","W",91,35,33,19,21,12,13,19,12,23,35,8,19,2,17,95,91,35,33,19,21,12,13,19,12,23,35,8,19,2,17,95,0.83,9.5,105.3,0.04,10.5,1,50,0.2,6,46,10.53,4.2,8.3,"2023-2024"
"BER","BAS","2_1","Regular Season","Nico  Mannion",16,8,1,1,100,2,4,50,0,0,NA,0,2,2,4,0,1,0,0,0,0,11,"A","W",91,35,33,19,21,12,13,19,12,23,35,8,19,2,17,95,91,35,33,19,21,12,13,19,12,23,35,8,19,2,17,95,1.6,5.8,137.9,0.08,69,4,80,0,8.1,80,17.24,3.1,0,"2023-2024"
"BER","BAS","2_1","Regular Season","Vanja  Marinkovic",22,9,0,1,0,2,5,40,3,4,75,2,2,4,0,1,0,0,0,1,4,12,"A","W",91,35,33,19,21,12,13,19,12,23,35,8,19,2,17,95,91,35,33,19,21,12,13,19,12,23,35,8,19,2,17,95,0.9,5.5,163.6,0.05,0,NA,50,0.67,7.8,58,0,3,8.3,"2023-2024"
"BER","BAS","2_1","Regular Season","Nikos  Rogkavopoulos",5,3,0,0,NA,1,2,50,0,0,NA,0,0,0,0,0,0,1,0,0,0,3,"A","W",91,35,33,19,21,12,13,19,12,23,35,8,19,2,17,95,91,35,33,19,21,12,13,19,12,23,35,8,19,2,17,95,1.5,1.9,157.9,0.02,0,NA,75,0,2.7,75,0,3.4,0,"2023-2024"
"BER","BAS","2_1","Regular Season","Maik  Kotsar",18,6,3,4,75,0,0,NA,0,0,NA,0,1,1,3,1,2,0,0,0,0,8,"A","W",91,35,33,19,21,12,13,19,12,23,35,8,19,2,17,95,91,35,33,19,21,12,13,19,12,23,35,8,19,2,17,95,1.5,5.8,103.4,0.06,51.7,1.5,75,0,5.8,75,34.48,2.8,0,"2023-2024"
"BER","BAS","2_1","Regular Season","Chima  Moneke",23,15,5,8,62.5,0,1,0,5,6,83.3,0,4,4,2,1,2,0,1,3,6,17,"A","W",91,35,33,19,21,12,13,19,12,23,35,8,19,2,17,95,91,35,33,19,21,12,13,19,12,23,35,8,19,2,17,95,1,13.1,114.5,0.08,15.3,1,55.6,0.67,10.7,64.4,15.27,5,0,"2023-2024"
"EFE","RMB","2_2","Regular Season","Fabien  Causeur",26,18,2,2,100,4,7,57.1,2,2,100,2,2,4,1,0,1,0,0,2,2,19,"A","W",103,34,29,28,21,12,25,22,10,28,38,3,9,3,16,129,103,34,29,28,21,12,25,22,10,28,38,3,9,3,16,129,1.64,8.5,211.8,0.08,11.8,1,88.9,0.22,15,91.1,11.76,4,10,"2023-2024"
"EFE","RMB","2_2","Regular Season","Facundo  Campazzo",26,15,2,6,33.3,2,4,50,5,5,100,0,6,6,10,0,2,0,0,1,2,24,"A","W",103,34,29,28,21,12,25,22,10,28,38,3,9,3,16,129,103,34,29,28,21,12,25,22,10,28,38,3,9,3,16,129,1,13.6,110.3,0.11,73.5,5,50,0.5,16,61.5,14.71,5.2,0,"2023-2024"
"EFE","RMB","2_2","Regular Season","Walter  Tavares",17,5,1,3,33.3,0,0,NA,3,4,75,1,0,1,2,0,1,2,0,2,4,8,"A","W",103,34,29,28,21,12,25,22,10,28,38,3,9,3,16,129,103,34,29,28,21,12,25,22,10,28,38,3,9,3,16,129,0.71,4.6,108.7,0.01,43.5,2,33.3,1.33,4.6,52.5,21.74,3.2,5,"2023-2024"
"EFE","RMB","2_2","Regular Season","Guerschon  Yabusele",26,22,3,4,75,3,3,100,7,7,100,2,6,8,4,2,0,0,0,0,4,39,"A","W",103,34,29,28,21,12,25,22,10,28,38,3,9,3,16,129,103,34,29,28,21,12,25,22,10,28,38,3,9,3,16,129,1.57,7.8,282.1,0.16,51.3,Inf,107.1,1,27.5,109.1,0,3.7,10,"2023-2024"
"EFE","RMB","2_2","Regular Season","Dzanan  Musa",22,10,4,5,80,0,4,0,2,2,100,1,2,3,1,0,2,1,0,2,3,9,"A","W",103,34,29,28,21,12,25,22,10,28,38,3,9,3,16,129,103,34,29,28,21,12,25,22,10,28,38,3,9,3,16,129,0.91,10.4,96.2,0.02,9.6,0.5,44.4,0.22,5.2,50.6,19.23,5.1,5,"2023-2024"
"EFE","RMB","2_2","Regular Season","Mario  Hezonja",22,14,3,7,42.9,2,5,40,2,2,100,2,6,8,0,1,1,0,2,2,1,12,"A","W",103,34,29,28,21,12,25,22,10,28,38,3,9,3,16,129,103,34,29,28,21,12,25,22,10,28,38,3,9,3,16,129,1,11.4,122.8,0.06,0,0,50,0.17,10,54.3,8.77,6,10,"2023-2024"
"EFE","RMB","2_2","Regular Season","Sergio  Rodriguez",11,2,0,0,NA,0,4,0,2,2,100,0,2,2,2,0,2,0,0,1,1,0,"A","W",103,34,29,28,21,12,25,22,10,28,38,3,9,3,16,129,103,34,29,28,21,12,25,22,10,28,38,3,9,3,16,129,0.33,6.6,30.3,0,30.3,1,0,0.5,-1.2,20.5,30.3,5.9,0,"2023-2024"
"EFE","RMB","2_2","Regular Season","Gabriel  Deck",14,2,1,2,50,0,0,NA,0,0,NA,1,1,2,1,0,0,0,0,1,0,3,"A","W",103,34,29,28,21,12,25,22,10,28,38,3,9,3,16,129,103,34,29,28,21,12,25,22,10,28,38,3,9,3,16,129,1,1,200,0.01,100,Inf,50,0,2.3,50,0,1.4,5,"2023-2024"
"EFE","RMB","2_2","Regular Season","Vincent  Poirier",19,12,5,5,100,0,0,NA,2,4,50,1,2,3,0,0,0,0,0,2,3,14,"A","W",103,34,29,28,21,12,25,22,10,28,38,3,9,3,16,129,103,34,29,28,21,12,25,22,10,28,38,3,9,3,16,129,1.33,5.5,218.2,0.05,0,NA,100,0.8,10.2,88.8,0,3.4,5,"2023-2024"
"EFE","RMB","2_2","Regular Season","Sergio  Llull",14,3,0,0,NA,1,2,50,0,0,NA,0,0,0,1,0,0,0,0,3,0,0,"A","W",103,34,29,28,21,12,25,22,10,28,38,3,9,3,16,129,103,34,29,28,21,12,25,22,10,28,38,3,9,3,16,129,1.5,1.9,157.9,0,52.6,Inf,75,0,1.5,75,0,1.4,0,"2023-2024"
"EFE","RMB","2_2","Regular Season","Eli  Ndiaye",1,0,0,0,NA,0,0,NA,0,0,NA,0,1,1,0,0,0,0,0,0,0,1,"A","W",103,34,29,28,21,12,25,22,10,28,38,3,9,3,16,129,103,34,29,28,21,12,25,22,10,28,38,3,9,3,16,129,NA,0,NA,0,NA,NA,NA,NA,0.3,NA,NA,0,0,"2023-2024"
"RMB","EFE","2_2","Regular Season","Shane  Larkin",24,5,1,3,33.3,1,3,33.3,0,0,NA,0,2,2,4,0,1,0,0,2,2,6,"H","L",80,44,25,15,20,10,10,18,13,19,32,7,10,2,20,77,80,44,25,15,20,10,10,18,13,19,32,7,10,2,20,77,0.83,6.7,74.6,0.03,59.7,4,41.7,0,3.2,41.7,14.93,2.7,0,"2023-2024"
"RMB","EFE","2_2","Regular Season","Will  Clyburn",17,4,1,6,16.7,0,2,0,2,2,100,3,2,5,1,0,1,0,1,1,1,1,"H","L",80,44,25,15,20,10,10,18,13,19,32,7,10,2,20,77,80,44,25,15,20,10,10,18,13,19,32,7,10,2,20,77,0.4,6.6,60.6,0,15.2,1,12.5,0.25,0.8,22.5,15.15,5.4,11.5,"2023-2024"
"RMB","EFE","2_2","Regular Season","Darius  Thompson",32,20,6,9,66.7,2,3,66.7,2,3,66.7,3,4,7,5,1,2,0,0,5,2,23,"H","L",80,44,25,15,20,10,10,18,13,19,32,7,10,2,20,77,80,44,25,15,20,10,10,18,13,19,32,7,10,2,20,77,1.33,11.8,169.5,0.17,42.4,2.5,75,0.25,18.2,75.1,16.95,4.5,11.5,"2023-2024"
"RMB","EFE","2_2","Regular Season","Tibor  Pleiss",11,6,2,3,66.7,0,2,0,2,2,100,0,0,0,2,0,0,0,0,1,1,5,"H","L",80,44,25,15,20,10,10,18,13,19,32,7,10,2,20,77,80,44,25,15,20,10,10,18,13,19,32,7,10,2,20,77,0.86,5.6,107.1,0.03,35.7,Inf,40,0.4,4.3,51,0,5,0,"2023-2024"
"RMB","EFE","2_2","Regular Season","Tyrique  Jones",15,5,2,4,50,0,0,NA,1,2,50,0,1,1,0,0,0,0,1,2,2,2,"H","L",80,44,25,15,20,10,10,18,13,19,32,7,10,2,20,77,80,44,25,15,20,10,10,18,13,19,32,7,10,2,20,77,0.83,4.7,106.4,0.01,0,NA,50,0.5,2.1,51.2,0,3,0,"2023-2024"
"RMB","EFE","2_2","Regular Season","Rodrigue  Beaubois",22,19,4,7,57.1,3,5,60,2,3,66.7,1,2,3,1,0,2,1,1,1,3,17,"H","L",80,44,25,15,20,10,10,18,13,19,32,7,10,2,20,77,80,44,25,15,20,10,10,18,13,19,32,7,10,2,20,77,1.27,13.7,138.7,0.12,7.3,0.5,70.8,0.25,13.3,71.3,14.6,6.5,3.8,"2023-2024"
"RMB","EFE","2_2","Regular Season","Melih   Tunca",1,0,0,1,0,0,0,NA,0,0,NA,0,0,0,0,2,1,0,0,0,0,0,"H","L",80,44,25,15,20,10,10,18,13,19,32,7,10,2,20,77,80,44,25,15,20,10,10,18,13,19,32,7,10,2,20,77,0,1.9,0,0,0,0,0,0,0.3,0,52.63,18.7,0,"2023-2024"
"RMB","EFE","2_2","Regular Season","Justus  Hollatz",9,3,0,1,0,1,1,100,0,0,NA,0,0,0,2,0,0,0,0,2,1,3,"H","L",80,44,25,15,20,10,10,18,13,19,32,7,10,2,20,77,80,44,25,15,20,10,10,18,13,19,32,7,10,2,20,77,1.5,1.9,157.9,0.02,105.3,Inf,75,0,2.6,75,0,2.1,0,"2023-2024"
"RMB","EFE","2_2","Regular Season","Erkan  Yilmaz",22,0,0,1,0,0,4,0,0,0,NA,2,3,5,3,3,1,0,0,3,1,3,"H","L",80,44,25,15,20,10,10,18,13,19,32,7,10,2,20,77,80,44,25,15,20,10,10,18,13,19,32,7,10,2,20,77,0,3.8,0,0.01,78.9,3,0,0,1.7,0,26.32,2.5,7.7,"2023-2024"
"RMB","EFE","2_2","Regular Season","Derek  Willis",22,9,0,1,0,3,5,60,0,0,NA,0,2,2,0,1,1,1,0,1,0,8,"H","L",80,44,25,15,20,10,10,18,13,19,32,7,10,2,20,77,80,44,25,15,20,10,10,18,13,19,32,7,10,2,20,77,1.5,6.7,134.3,0.07,0,0,75,0,6.9,75,14.93,3,0,"2023-2024"
"RMB","EFE","2_2","Regular Season","Ante  Zizic",23,9,4,8,50,0,0,NA,1,3,33.3,4,3,7,0,0,1,0,0,2,2,9,"H","L",80,44,25,15,20,10,10,18,13,19,32,7,10,2,20,77,80,44,25,15,20,10,10,18,13,19,32,7,10,2,20,77,0.82,6.1,147.5,0.04,0,0,50,0.38,6.1,48.3,16.39,4.2,15.4,"2023-2024"
"BAY","PAN","2_4","Regular Season","Luca  Vildoza",30,8,3,4,75,0,5,0,2,2,100,0,4,4,5,2,4,0,0,1,1,9,"H","W",78,28,24,19,17,9,17,12,5,22,27,6,14,2,16,84,78,28,24,19,17,9,17,12,5,22,27,6,14,2,16,84,0.73,13.3,60.2,0.06,37.6,1.2,33.3,0.22,5.2,40.5,30.08,5,0,"2023-2024"
"BAY","PAN","2_4","Regular Season","Jerian  Grant",33,14,2,5,40,2,2,100,4,4,100,0,3,3,4,1,3,0,1,2,3,16,"H","W",78,28,24,19,17,9,17,12,5,22,27,6,14,2,16,84,78,28,24,19,17,9,17,12,5,22,27,6,14,2,16,84,1.27,11.3,123.9,0.11,35.4,1.3,71.4,0.57,11.6,79.9,26.55,3.8,0,"2023-2024"
"BAY","PAN","2_4","Regular Season","Mathias  Lessort",33,16,7,10,70,0,0,NA,2,3,66.7,3,3,6,2,0,2,1,1,2,4,20,"H","W",78,28,24,19,17,9,17,12,5,22,27,6,14,2,16,84,78,28,24,19,17,9,17,12,5,22,27,6,14,2,16,84,1.23,9.9,161.6,0.12,20.2,1,70,0.3,13.7,70.7,20.2,4.3,30,"2023-2024"
"BAY","PAN","2_4","Regular Season","Marius  Grigonis",24,11,2,3,66.7,1,6,16.7,4,4,100,1,2,3,0,1,0,0,0,2,6,13,"H","W",78,28,24,19,17,9,17,12,5,22,27,6,14,2,16,84,78,28,24,19,17,9,17,12,5,22,27,6,14,2,16,84,0.85,9.4,117,0.05,0,NA,38.9,0.44,7.4,51.1,0,4.8,10,"2023-2024"
"BAY","PAN","2_4","Regular Season","Juan  Hernangomez",25,10,1,1,100,2,3,66.7,2,2,100,0,6,6,0,0,3,0,0,2,2,12,"H","W",78,28,24,19,17,9,17,12,5,22,27,6,14,2,16,84,78,28,24,19,17,9,17,12,5,22,27,6,14,2,16,84,1.67,7.6,131.6,0.08,0,0,100,0.5,6.4,102.5,39.47,3.4,0,"2023-2024"
"BAY","PAN","2_4","Regular Season","Kyle  Guy",6,0,0,0,NA,0,2,0,0,0,NA,0,0,0,0,0,1,0,0,3,0,-6,"H","W",78,28,24,19,17,9,17,12,5,22,27,6,14,2,16,84,78,28,24,19,17,9,17,12,5,22,27,6,14,2,16,84,0,2.9,0,-0.05,0,0,0,0,-3.6,0,34.48,5.4,0,"2023-2024"
"BAY","PAN","2_4","Regular Season","Dimitris  Moraitis",1,0,0,0,NA,0,0,NA,0,0,NA,0,0,0,1,0,1,0,0,0,0,0,"H","W",78,28,24,19,17,9,17,12,5,22,27,6,14,2,16,84,78,28,24,19,17,9,17,12,5,22,27,6,14,2,16,84,NA,1,0,0,100,1,NA,NA,-0.3,NA,100,10.8,0,"2023-2024"
"BAY","PAN","2_4","Regular Season","Aleksander  Balcerowski",6,2,0,1,0,0,1,0,2,2,100,0,0,0,0,1,0,0,0,0,1,2,"H","W",78,28,24,19,17,9,17,12,5,22,27,6,14,2,16,84,78,28,24,19,17,9,17,12,5,22,27,6,14,2,16,84,0.5,2.8,71.4,0.01,0,NA,0,1,1.6,34.7,0,5.2,0,"2023-2024"
"BAY","PAN","2_4","Regular Season","Ioannis  Papapetrou",24,8,2,3,66.7,1,2,50,1,2,50,0,4,4,0,1,0,1,1,3,3,10,"H","W",78,28,24,19,17,9,17,12,5,22,27,6,14,2,16,84,78,28,24,19,17,9,17,12,5,22,27,6,14,2,16,84,1.14,5.6,142.9,0.06,0,NA,70,0.4,7,68,0,2.6,0,"2023-2024"
"BAY","PAN","2_4","Regular Season","Kostas  Antetokounmpo",1,0,0,0,NA,0,0,NA,0,0,NA,0,0,0,0,0,0,0,0,0,0,0,"H","W",78,28,24,19,17,9,17,12,5,22,27,6,14,2,16,84,78,28,24,19,17,9,17,12,5,22,27,6,14,2,16,84,NA,0,NA,0,NA,NA,NA,NA,0,NA,NA,0,0,"2023-2024"
"BAY","PAN","2_4","Regular Season","Eleftherios  Mantzoukas",15,9,0,1,0,3,3,100,0,0,NA,1,0,1,0,0,0,0,0,1,0,8,"H","W",78,28,24,19,17,9,17,12,5,22,27,6,14,2,16,84,78,28,24,19,17,9,17,12,5,22,27,6,14,2,16,84,2.25,2.9,310.3,0.06,0,NA,112.5,0,7.7,112.5,0,2.9,10,"2023-2024"
"PAN","BAY","2_4","Regular Season","Isaac  Bonga",29,10,2,4,50,1,4,25,3,3,100,1,5,6,2,2,1,0,0,2,4,16,"A","L",71,44,27,7,23,6,7,11,14,20,34,7,9,3,20,69,71,44,27,7,23,6,7,11,14,20,34,7,9,3,20,69,0.91,8.9,112.4,0.12,22.5,2,43.8,0.38,9.4,53.6,11.24,3.4,3.6,"2023-2024"
"PAN","BAY","2_4","Regular Season","Leandro  Bolmaro",27,19,9,12,75,0,3,0,1,1,100,1,2,3,2,3,0,0,0,1,4,24,"A","L",71,44,27,7,23,6,7,11,14,20,34,7,9,3,20,69,71,44,27,7,23,6,7,11,14,20,34,7,9,3,20,69,1.19,13.9,136.7,0.21,14.4,Inf,60,0.07,17.4,61.5,0,5.5,3.6,"2023-2024"
"PAN","BAY","2_4","Regular Season","Andreas  Obst",18,7,2,3,66.7,1,5,20,0,0,NA,0,3,3,1,1,0,0,0,1,1,7,"A","L",71,44,27,7,23,6,7,11,14,20,34,7,9,3,20,69,71,44,27,7,23,6,7,11,14,20,34,7,9,3,20,69,0.88,7.7,90.9,0.06,13,Inf,43.8,0,4.8,43.8,0,4.3,0,"2023-2024"
"PAN","BAY","2_4","Regular Season","Serge  Ibaka",20,7,2,4,50,1,2,50,0,0,NA,2,4,6,2,0,0,3,0,3,0,12,"A","L",71,44,27,7,23,6,7,11,14,20,34,7,9,3,20,69,71,44,27,7,23,6,7,11,14,20,34,7,9,3,20,69,1.17,3.8,184.2,0.1,52.6,Inf,58.3,0,8.9,58.3,0,2.9,7.1,"2023-2024"
"PAN","BAY","2_4","Regular Season","Devin   Booker",30,11,5,10,50,0,2,0,1,1,100,6,1,7,2,0,3,0,0,2,1,9,"A","L",71,44,27,7,23,6,7,11,14,20,34,7,9,3,20,69,71,44,27,7,23,6,7,11,14,20,34,7,9,3,20,69,0.85,9.1,120.9,0.05,22,0.7,41.7,0.08,6.7,44.2,32.97,5,21.4,"2023-2024"
"PAN","BAY","2_4","Regular Season","Nick  Weiler-Babb",13,2,0,1,0,0,0,NA,2,2,100,2,0,2,0,0,0,0,0,3,1,1,"A","L",71,44,27,7,23,6,7,11,14,20,34,7,9,3,20,69,71,44,27,7,23,6,7,11,14,20,34,7,9,3,20,69,0.67,-0.1,-2000,-0.01,0,NA,0,2,1.5,53.2,0,1.4,7.1,"2023-2024"
"PAN","BAY","2_4","Regular Season","Sylvain  Francisco",19,8,1,3,33.3,2,4,50,0,0,NA,0,1,1,1,1,2,0,1,0,2,6,"A","L",71,44,27,7,23,6,7,11,14,20,34,7,9,3,20,69,71,44,27,7,23,6,7,11,14,20,34,7,9,3,20,69,1.14,8.6,93,0.05,11.6,0.5,57.1,0,4.3,57.1,23.26,4.6,0,"2023-2024"
"PAN","BAY","2_4","Regular Season","Carsen  Edwards",16,0,0,4,0,0,3,0,0,0,NA,0,1,1,0,0,3,0,1,4,3,-11,"A","L",71,44,27,7,23,6,7,11,14,20,34,7,9,3,20,69,71,44,27,7,23,6,7,11,14,20,34,7,9,3,20,69,0,9.6,0,-0.14,0,0,0,0,-9.2,0,31.25,6,0,"2023-2024"
"PAN","BAY","2_4","Regular Season","Niels  Giffey",19,7,2,3,66.7,1,4,25,0,0,NA,2,2,4,0,0,0,0,0,3,0,4,"A","L",71,44,27,7,23,6,7,11,14,20,34,7,9,3,20,69,71,44,27,7,23,6,7,11,14,20,34,7,9,3,20,69,1,4.8,145.8,0.03,0,NA,50,0,4.1,50,0,3.5,7.1,"2023-2024"
"PAN","BAY","2_4","Regular Season","Freddie  Gillespie",8,0,0,0,NA,0,0,NA,0,0,NA,0,1,1,1,0,0,0,0,1,0,1,"A","L",71,44,27,7,23,6,7,11,14,20,34,7,9,3,20,69,71,44,27,7,23,6,7,11,14,20,34,7,9,3,20,69,NA,0,NA,0.01,Inf,Inf,NA,NA,0.6,NA,NA,0,0,"2023-2024"
"PAR","VIL","2_5","Regular Season","Mike  Scott",28,9,4,6,66.7,0,4,0,1,1,100,2,0,2,1,0,2,0,1,1,1,3,"H","L",62,39,27,12,19,4,12,9,11,21,32,4,13,0,17,47,62,39,27,12,19,4,12,9,11,21,32,4,13,0,17,47,0.82,10,90,0.04,10,0.5,40,0.1,3.3,43.1,20,4.2,9.1,"2023-2024"
"PAR","VIL","2_5","Regular Season","Paris  Lee",27,6,3,4,75,0,5,0,0,0,NA,0,2,2,3,1,1,0,0,2,2,5,"H","L",62,39,27,12,19,4,12,9,11,21,32,4,13,0,17,47,62,39,27,12,19,4,12,9,11,21,32,4,13,0,17,47,0.67,9.6,62.5,0.05,31.2,3,33.3,0,2.8,33.3,10.42,3.5,0,"2023-2024"
"PAR","VIL","2_5","Regular Season","Timothe  Luwawu-Cabarrot",31,10,3,5,60,0,4,0,4,4,100,1,4,5,1,1,1,0,0,2,3,11,"H","L",62,39,27,12,19,4,12,9,11,21,32,4,13,0,17,47,62,39,27,12,19,4,12,9,11,21,32,4,13,0,17,47,0.77,10.3,97.1,0.13,9.7,1,33.3,0.44,6.7,46.5,9.71,3.6,4.5,"2023-2024"
"PAR","VIL","2_5","Regular Season","John  Egbunu",19,6,3,3,100,0,0,NA,0,0,NA,2,1,3,0,0,0,0,0,2,0,7,"H","L",62,39,27,12,19,4,12,9,11,21,32,4,13,0,17,47,62,39,27,12,19,4,12,9,11,21,32,4,13,0,17,47,2,1,600,0.11,0,NA,100,0,6,100,0,1.5,9.1,"2023-2024"
"PAR","VIL","2_5","Regular Season","Frank  Jackson",21,16,4,7,57.1,2,5,40,2,2,100,1,2,3,0,1,2,0,1,3,3,11,"H","L",62,39,27,12,19,4,12,9,11,21,32,4,13,0,17,47,62,39,27,12,19,4,12,9,11,21,32,4,13,0,17,47,1.14,13.3,120.3,0.15,0,0,58.3,0.17,9.1,62.1,15.04,6.7,4.5,"2023-2024"
"PAR","VIL","2_5","Regular Season","Charles Lombahe Kahudi",12,3,0,3,0,1,2,50,0,0,NA,0,3,3,0,0,0,0,1,2,1,0,"H","L",62,39,27,12,19,4,12,9,11,21,32,4,13,0,17,47,62,39,27,12,19,4,12,9,11,21,32,4,13,0,17,47,0.6,4.8,62.5,0,0,NA,30,0,0,30,0,4,0,"2023-2024"
"PAR","VIL","2_5","Regular Season","Joffrey  Lauvergne",20,3,0,7,0,1,2,50,0,0,NA,4,1,5,1,1,1,0,2,4,3,-2,"H","L",62,39,27,12,19,4,12,9,11,21,32,4,13,0,17,47,62,39,27,12,19,4,12,9,11,21,32,4,13,0,17,47,0.33,5.8,51.7,-0.09,17.2,1,16.7,0,-0.7,16.7,17.24,4.7,18.2,"2023-2024"
"PAR","VIL","2_5","Regular Season","Edwin  Jackson",13,5,1,1,100,0,2,0,3,3,100,0,2,2,1,0,1,0,0,1,2,6,"H","L",62,39,27,12,19,4,12,9,11,21,32,4,13,0,17,47,62,39,27,12,19,4,12,9,11,21,32,4,13,0,17,47,0.83,5.1,98,0.07,19.6,1,33.3,1,3.2,57.9,19.61,3.9,0,"2023-2024"
"PAR","VIL","2_5","Regular Season","Nando  de Colo",19,4,1,3,33.3,0,2,0,2,2,100,1,4,5,1,0,5,0,1,0,4,4,"H","L",62,39,27,12,19,4,12,9,11,21,32,4,13,0,17,47,62,39,27,12,19,4,12,9,11,21,32,4,13,0,17,47,0.57,9.5,42.1,0.01,10.5,0.2,20,0.4,-1.5,34,52.63,5.4,4.5,"2023-2024"
"PAR","VIL","2_5","Regular Season","Mbaye  Ndiaye",8,0,0,0,NA,0,1,0,0,0,NA,0,2,2,1,0,0,0,0,0,0,2,"H","L",62,39,27,12,19,4,12,9,11,21,32,4,13,0,17,47,62,39,27,12,19,4,12,9,11,21,32,4,13,0,17,47,0,1,0,0.04,100,Inf,0,0,0.6,0,0,1.2,0,"2023-2024"
"VIL","PAR","2_5","Regular Season","Zach  LeDay",28,13,3,3,100,1,1,100,4,5,80,2,5,7,2,1,0,2,0,0,3,27,"A","W",88,41,19,21,28,4,20,18,8,26,34,11,9,6,19,116,88,41,19,21,28,4,20,18,8,26,34,11,9,6,19,116,1.44,4,325,0.12,50,Inf,112.5,1.25,18.1,104.8,0,2.3,12.5,"2023-2024"
"VIL","PAR","2_5","Regular Season","Aleksa  Avramovic",23,4,2,4,50,0,2,0,0,0,NA,1,2,3,3,1,2,0,0,1,0,4,"A","W",88,41,19,21,28,4,20,18,8,26,34,11,9,6,19,116,88,41,19,21,28,4,20,18,8,26,34,11,9,6,19,116,0.67,6.7,59.7,0.02,44.8,1.5,33.3,0,2.6,33.3,29.85,3.6,6.2,"2023-2024"
"VIL","PAR","2_5","Regular Season","Kevin  Punter",23,11,3,6,50,0,3,0,5,5,100,0,3,3,3,2,2,1,0,4,2,10,"A","W",88,41,19,21,28,4,20,18,8,26,34,11,9,6,19,116,88,41,19,21,28,4,20,18,8,26,34,11,9,6,19,116,0.79,12.7,86.6,0.04,23.6,1.5,33.3,0.56,8,49.1,15.75,5.9,0,"2023-2024"
"VIL","PAR","2_5","Regular Season","James  Nunnally",32,17,4,5,80,2,4,50,3,3,100,0,5,5,6,1,2,0,0,1,3,26,"A","W",88,41,19,21,28,4,20,18,8,26,34,11,9,6,19,116,88,41,19,21,28,4,20,18,8,26,34,11,9,6,19,116,1.42,11.8,144.1,0.12,50.8,3,77.8,0.33,17.4,82.4,16.95,3.9,0,"2023-2024"
"VIL","PAR","2_5","Regular Season","Frank  Kaminsky",16,8,4,5,80,0,0,NA,0,0,NA,2,2,4,2,1,0,0,0,4,2,12,"A","W",88,41,19,21,28,4,20,18,8,26,34,11,9,6,19,116,88,41,19,21,28,4,20,18,8,26,34,11,9,6,19,116,1.6,2.9,275.9,0.05,69,Inf,80,0,8.9,80,0,3.2,12.5,"2023-2024"
"VIL","PAR","2_5","Regular Season","Balsa  Koprivica",9,4,2,4,50,0,0,NA,0,0,NA,1,2,3,0,1,0,3,0,1,0,8,"A","W",88,41,19,21,28,4,20,18,8,26,34,11,9,6,19,116,88,41,19,21,28,4,20,18,8,26,34,11,9,6,19,116,1,2.9,137.9,0.03,0,NA,50,0,6,50,0,4.5,6.2,"2023-2024"
"VIL","PAR","2_5","Regular Season","Alen  Smailagic",15,12,5,5,100,0,1,0,2,2,100,1,3,4,1,1,1,0,0,3,3,16,"A","W",88,41,19,21,28,4,20,18,8,26,34,11,9,6,19,116,88,41,19,21,28,4,20,18,8,26,34,11,9,6,19,116,1.5,6.6,181.8,0.07,15.2,1,83.3,0.33,10.9,87.2,15.15,5.4,6.2,"2023-2024"
"VIL","PAR","2_5","Regular Season","Uros  Trifunovic",14,3,0,1,0,1,1,100,0,0,NA,0,1,1,1,0,1,0,0,1,0,2,"A","W",88,41,19,21,28,4,20,18,8,26,34,11,9,6,19,116,88,41,19,21,28,4,20,18,8,26,34,11,9,6,19,116,1.5,2.9,103.4,0.01,34.5,1,75,0,1.6,75,34.48,2.2,0,"2023-2024"
"VIL","PAR","2_5","Regular Season","Danilo  Andjusic",16,8,2,4,50,0,3,0,4,4,100,1,1,2,0,1,1,0,0,1,2,6,"A","W",88,41,19,21,28,4,20,18,8,26,34,11,9,6,19,116,88,41,19,21,28,4,20,18,8,26,34,11,9,6,19,116,0.73,8.4,95.2,0.02,0,0,28.6,0.57,4.5,45.7,11.9,6.2,6.2,"2023-2024"
"VIL","PAR","2_5","Regular Season","P.J.  Dozier",15,6,2,3,66.7,0,4,0,2,2,100,0,2,2,0,2,0,0,0,3,1,3,"A","W",88,41,19,21,28,4,20,18,8,26,34,11,9,6,19,116,88,41,19,21,28,4,20,18,8,26,34,11,9,6,19,116,0.67,7.6,78.9,0.01,0,NA,28.6,0.29,3.3,38.1,0,5.4,0,"2023-2024"
"VIL","PAR","2_5","Regular Season","Mateusz  Ponitka",9,2,1,1,100,0,0,NA,0,0,NA,0,0,0,0,0,0,0,0,0,0,2,"A","W",88,41,19,21,28,4,20,18,8,26,34,11,9,6,19,116,88,41,19,21,28,4,20,18,8,26,34,11,9,6,19,116,2,1,200,0.01,0,NA,100,0,1.7,100,0,1.1,0,"2023-2024"
"ASM","BOL","2_6","Regular Season","Isaia  Cordinier",16,6,3,3,100,0,1,0,0,0,NA,1,1,2,2,1,2,0,0,3,2,7,"A","W",83,30,31,13,13,16,9,18,13,27,40,4,13,1,27,88,83,30,31,13,13,16,9,18,13,27,40,4,13,1,27,88,1.5,4.8,125,0.04,41.7,1,75,0,4.6,75,41.67,3.8,3.8,"2023-2024"
"ASM","BOL","2_6","Regular Season","Marco  Belinelli",20,13,1,2,50,3,6,50,2,3,66.7,0,2,2,1,0,1,0,0,2,1,9,"A","W",83,30,31,13,13,16,9,18,13,27,40,4,13,1,27,88,83,30,31,13,13,16,9,18,13,27,40,4,13,1,27,88,1.18,9.9,131.3,0.06,10.1,1,68.8,0.38,8.1,69.7,10.1,5.2,0,"2023-2024"
"ASM","BOL","2_6","Regular Season","Tornike  Shengelia",26,12,2,4,50,2,5,40,2,2,100,2,3,5,4,1,1,0,0,2,4,18,"A","W",83,30,31,13,13,16,9,18,13,27,40,4,13,1,27,88,83,30,31,13,13,16,9,18,13,27,40,4,13,1,27,88,1.09,8.5,141.2,0.1,47.1,4,55.6,0.22,11.6,60.7,11.76,4.2,7.7,"2023-2024"
"ASM","BOL","2_6","Regular Season","Daniel  Hackett",17,8,0,1,0,2,5,40,2,2,100,0,2,2,0,0,1,0,0,5,5,5,"A","W",83,30,31,13,13,16,9,18,13,27,40,4,13,1,27,88,83,30,31,13,13,16,9,18,13,27,40,4,13,1,27,88,1,7.6,105.3,0,0,0,50,0.33,2.2,58.1,13.16,4.7,0,"2023-2024"
"ASM","BOL","2_6","Regular Season","Bryant  Dunston",24,2,1,4,25,0,0,NA,0,0,NA,5,3,8,3,0,1,0,0,3,1,7,"A","W",83,30,31,13,13,16,9,18,13,27,40,4,13,1,27,88,83,30,31,13,13,16,9,18,13,27,40,4,13,1,27,88,0.5,0,Inf,0.03,Inf,3,25,0,3.9,25,Inf,2.1,19.2,"2023-2024"
"ASM","BOL","2_6","Regular Season","Gabriel  Lundberg",22,14,3,6,50,2,3,66.7,2,4,50,1,3,4,4,0,2,0,0,3,3,14,"A","W",83,30,31,13,13,16,9,18,13,27,40,4,13,1,27,88,83,30,31,13,13,16,9,18,13,27,40,4,13,1,27,88,1.08,11.3,123.9,0.08,35.4,2,66.7,0.44,10.1,65.1,17.7,5.8,3.8,"2023-2024"
"ASM","BOL","2_6","Regular Season","Alessandro  Pajola",11,2,1,2,50,0,1,0,0,0,NA,1,1,2,1,0,0,0,1,3,0,-1,"A","W",83,30,31,13,13,16,9,18,13,27,40,4,13,1,27,88,83,30,31,13,13,16,9,18,13,27,40,4,13,1,27,88,0.67,1.9,105.3,0,52.6,Inf,33.3,0,0.8,33.3,0,2.7,3.8,"2023-2024"
"ASM","BOL","2_6","Regular Season","Jaleen  Smith",13,12,0,1,0,4,5,80,0,0,NA,2,1,3,1,0,0,0,0,1,1,14,"A","W",83,30,31,13,13,16,9,18,13,27,40,4,13,1,27,88,83,30,31,13,13,16,9,18,13,27,40,4,13,1,27,88,2,3.8,315.8,0.1,26.3,Inf,100,0,11.4,100,0,4.6,7.7,"2023-2024"
"ASM","BOL","2_6","Regular Season","Ognjen  Dobric",21,9,1,1,100,2,3,66.7,1,2,50,0,3,3,2,1,2,0,0,2,2,11,"A","W",83,30,31,13,13,16,9,18,13,27,40,4,13,1,27,88,83,30,31,13,13,16,9,18,13,27,40,4,13,1,27,88,1.5,6.6,136.4,0.07,30.3,1,100,0.5,7.5,92.2,30.3,3.3,0,"2023-2024"
"ASM","BOL","2_6","Regular Season","Devontae  Cacok",6,0,0,1,0,0,0,NA,0,0,NA,0,1,1,0,0,0,0,0,2,0,-2,"A","W",83,30,31,13,13,16,9,18,13,27,40,4,13,1,27,88,83,30,31,13,13,16,9,18,13,27,40,4,13,1,27,88,0,1,0,-0.02,0,NA,0,0,-1.2,0,0,1.7,0,"2023-2024"
"ASM","BOL","2_6","Regular Season","Jordan  Mickey",21,5,1,5,20,1,2,50,0,0,NA,1,7,8,0,0,3,1,0,1,0,5,"A","W",83,30,31,13,13,16,9,18,13,27,40,4,13,1,27,88,83,30,31,13,13,16,9,18,13,27,40,4,13,1,27,88,0.71,8.6,58.1,0.03,0,0,35.7,0,1,35.7,34.88,4.8,3.8,"2023-2024"
"ASM","BOL","2_6","Regular Season","Awudu  Abass",3,0,0,0,NA,0,0,NA,0,0,NA,0,0,0,0,1,0,0,0,0,0,1,"A","W",83,30,31,13,13,16,9,18,13,27,40,4,13,1,27,88,83,30,31,13,13,16,9,18,13,27,40,4,13,1,27,88,NA,0,NA,0.01,NA,NA,NA,NA,1,NA,NA,0,0,"2023-2024"
"BOL","ASM","2_6","Regular Season","John  Brown III",14,0,0,2,0,0,0,NA,0,0,NA,1,2,3,0,0,0,0,0,4,1,-2,"H","L",59,42,22,25,17,4,13,9,14,15,29,4,7,1,19,47,59,42,22,25,17,4,13,9,14,15,29,4,7,1,19,47,0,1,0,-0.13,0,NA,0,0,-1.7,0,0,1.4,3.6,"2023-2024"
"BOL","ASM","2_6","Regular Season","Alpha  Diallo",20,6,3,6,50,0,1,0,0,0,NA,0,1,1,0,0,2,0,0,3,1,-1,"H","L",59,42,22,25,17,4,13,9,14,15,29,4,7,1,19,47,59,42,22,25,17,4,13,9,14,15,29,4,7,1,19,47,0.86,8.6,69.8,-0.07,0,0,42.9,0,-0.6,42.9,23.26,4.4,0,"2023-2024"
"BOL","ASM","2_6","Regular Season","Donatas  Motiejunas",15,7,3,8,37.5,0,1,0,1,5,20,2,2,4,3,1,0,0,1,0,6,10,"H","L",59,42,22,25,17,4,13,9,14,15,29,4,7,1,19,47,59,42,22,25,17,4,13,9,14,15,29,4,7,1,19,47,0.5,8.8,79.5,0.15,34.1,Inf,33.3,0.56,5.4,31.3,0,7.3,7.1,"2023-2024"
"BOL","ASM","2_6","Regular Season","Yakuba  Ouattara",18,5,2,3,66.7,0,1,0,1,1,100,2,1,3,0,0,1,0,0,2,1,4,"H","L",59,42,22,25,17,4,13,9,14,15,29,4,7,1,19,47,59,42,22,25,17,4,13,9,14,15,29,4,7,1,19,47,1,3.3,151.5,0.07,0,0,50,0.25,2.9,56.3,30.3,2.9,7.1,"2023-2024"
"BOL","ASM","2_6","Regular Season","Mike  James",30,14,2,6,33.3,2,5,40,4,9,44.4,1,0,1,3,0,2,0,0,1,8,11,"H","L",59,42,22,25,17,4,13,9,14,15,29,4,7,1,19,47,59,42,22,25,17,4,13,9,14,15,29,4,7,1,19,47,0.7,15.3,91.5,0.09,19.6,1.5,45.5,0.82,6.3,46.8,13.07,5.5,3.6,"2023-2024"
"BOL","ASM","2_6","Regular Season","Elie  Okobo",28,0,0,5,0,0,3,0,0,0,NA,0,2,2,2,1,1,0,0,2,1,-5,"H","L",59,42,22,25,17,4,13,9,14,15,29,4,7,1,19,47,59,42,22,25,17,4,13,9,14,15,29,4,7,1,19,47,0,8.6,0,-0.22,23.3,2,0,0,-4.4,0,11.63,3.1,0,"2023-2024"
"BOL","ASM","2_6","Regular Season","Jaron  Blossomgame",17,2,1,3,33.3,0,2,0,0,0,NA,3,1,4,0,0,0,1,0,0,1,4,"H","L",59,42,22,25,17,4,13,9,14,15,29,4,7,1,19,47,59,42,22,25,17,4,13,9,14,15,29,4,7,1,19,47,0.4,1.9,105.3,0.04,0,NA,20,0,2,20,0,2.9,10.7,"2023-2024"
"BOL","ASM","2_6","Regular Season","Petr  Cornelie",18,7,2,4,50,1,4,25,0,0,NA,3,3,6,0,0,0,0,0,3,0,5,"H","L",59,42,22,25,17,4,13,9,14,15,29,4,7,1,19,47,59,42,22,25,17,4,13,9,14,15,29,4,7,1,19,47,0.88,4.8,145.8,0.13,0,NA,43.8,0,4.4,43.8,0,4.3,10.7,"2023-2024"
"BOL","ASM","2_6","Regular Season","Terry  Tarpey",6,2,0,0,NA,0,0,NA,2,2,100,0,0,0,1,1,0,0,0,0,2,6,"H","L",59,42,22,25,17,4,13,9,14,15,29,4,7,1,19,47,59,42,22,25,17,4,13,9,14,15,29,4,7,1,19,47,1,0.8,250,0.15,125,Inf,NA,Inf,3.7,113.6,0,1.4,0,"2023-2024"
"BOL","ASM","2_6","Regular Season","Matthew  Strazel",17,9,2,2,100,1,5,20,2,2,100,0,0,0,0,1,0,0,0,3,3,6,"H","L",59,42,22,25,17,4,13,9,14,15,29,4,7,1,19,47,59,42,22,25,17,4,13,9,14,15,29,4,7,1,19,47,1,7.6,118.4,0.11,0,NA,50,0.29,5.1,57.1,0,4.5,0,"2023-2024"
"BOL","ASM","2_6","Regular Season","Donta  Hall",15,7,2,3,66.7,0,0,NA,3,6,50,2,3,5,0,0,1,0,0,1,3,9,"H","L",59,42,22,25,17,4,13,9,14,15,29,4,7,1,19,47,59,42,22,25,17,4,13,9,14,15,29,4,7,1,19,47,0.78,4.5,155.6,0.19,0,0,66.7,2,5.4,62.1,22.22,4.3,7.1,"2023-2024"
"BAR","OLY","2_7","Regular Season","Thomas  Walkup",35,14,4,10,40,2,5,40,0,0,NA,2,1,3,2,0,5,0,1,1,1,4,"H","L",68,39,25,7,21,7,5,17,5,15,20,11,12,2,16,64,68,39,25,7,21,7,5,17,5,15,20,11,12,2,16,64,0.93,17.3,80.9,0.03,11.6,0.4,46.7,0,3.6,46.7,28.9,5.8,20,"2023-2024"
"BAR","OLY","2_7","Regular Season","Isaiah  Canaan",18,9,2,4,50,1,3,33.3,2,2,100,1,0,1,0,2,2,0,0,4,2,4,"H","L",68,39,25,7,21,7,5,17,5,15,20,11,12,2,16,64,68,39,25,7,21,7,5,17,5,15,20,11,12,2,16,64,1,8.5,105.9,0.02,0,0,50,0.29,4.4,57.1,23.53,5.6,10,"2023-2024"
"BAR","OLY","2_7","Regular Season","Kostas  Papanikolaou",30,7,3,6,50,0,2,0,1,1,100,0,4,4,3,4,2,1,1,2,3,12,"H","L",68,39,25,7,21,7,5,17,5,15,20,11,12,2,16,64,68,39,25,7,21,7,5,17,5,15,20,11,12,2,16,64,0.78,10,70,0.1,30,1.5,37.5,0.12,7.8,41.5,20,3.5,0,"2023-2024"
"BAR","OLY","2_7","Regular Season","Alec  Peters",32,11,2,3,66.7,2,5,40,1,1,100,1,3,4,3,2,1,0,0,2,1,14,"H","L",68,39,25,7,21,7,5,17,5,15,20,11,12,2,16,64,68,39,25,7,21,7,5,17,5,15,20,11,12,2,16,64,1.22,8.1,135.8,0.13,37,3,62.5,0.12,10.9,65.2,12.35,3,10,"2023-2024"
"BAR","OLY","2_7","Regular Season","Nikola  Milutinov",27,10,5,9,55.6,0,0,NA,0,1,0,1,3,4,2,2,0,1,0,0,4,18,"H","L",68,39,25,7,21,7,5,17,5,15,20,11,12,2,16,64,68,39,25,7,21,7,5,17,5,15,20,11,12,2,16,64,1,8.1,123.5,0.13,24.7,Inf,55.6,0.11,11,53,0,3.5,10,"2023-2024"
"BAR","OLY","2_7","Regular Season","Michalis  Lountzis",8,3,0,0,NA,1,3,33.3,0,0,NA,0,2,2,2,0,0,0,0,1,0,4,"H","L",68,39,25,7,21,7,5,17,5,15,20,11,12,2,16,64,68,39,25,7,21,7,5,17,5,15,20,11,12,2,16,64,1,2.9,103.4,0.04,69,Inf,50,0,2.9,50,0,3.8,0,"2023-2024"
"BAR","OLY","2_7","Regular Season","Giannoulis  Larentzakis",18,5,1,2,50,1,7,14.3,0,0,NA,0,0,0,3,0,1,0,0,2,2,0,"H","L",68,39,25,7,21,7,5,17,5,15,20,11,12,2,16,64,68,39,25,7,21,7,5,17,5,15,20,11,12,2,16,64,0.56,9.6,52.1,-0.02,31.2,3,27.8,0,-0.2,27.8,10.42,5.6,0,"2023-2024"
"BAR","OLY","2_7","Regular Season","Moustapha  Fall",13,4,2,2,100,0,0,NA,0,0,NA,0,1,1,2,0,1,0,0,2,0,4,"H","L",68,39,25,7,21,7,5,17,5,15,20,11,12,2,16,64,68,39,25,7,21,7,5,17,5,15,20,11,12,2,16,64,2,2.9,137.9,0.04,69,2,100,0,3.3,100,34.48,2.3,0,"2023-2024"
"BAR","OLY","2_7","Regular Season","Ignas  Brazdeikis",18,5,2,3,66.7,0,0,NA,1,2,50,0,1,1,0,1,0,0,1,2,2,4,"H","L",68,39,25,7,21,7,5,17,5,15,20,11,12,2,16,64,68,39,25,7,21,7,5,17,5,15,20,11,12,2,16,64,1,3.7,135.1,0.03,0,NA,66.7,0.67,3.8,64.4,0,2.2,0,"2023-2024"
"OLY","BAR","2_7","Regular Season","Oscar  da Silva",21,7,3,4,75,0,0,NA,1,2,50,2,1,3,1,0,2,1,0,1,1,8,"A","W",77,23,26,10,12,15,8,20,5,22,27,7,17,3,15,92,77,23,26,10,12,15,8,20,5,22,27,7,17,3,15,92,1.17,4.7,148.9,0.04,21.3,0.5,75,0.5,5.7,71.7,42.55,3.7,20,"2023-2024"
"OLY","BAR","2_7","Regular Season","Jan  Vesely",22,8,3,8,37.5,0,0,NA,2,2,100,2,2,4,3,4,1,2,1,3,3,14,"A","W",77,23,26,10,12,15,8,20,5,22,27,7,17,3,15,92,77,23,26,10,12,15,8,20,5,22,27,7,17,3,15,92,0.8,7.6,105.3,0.07,39.5,3,37.5,0.25,10.9,45,13.16,5.1,20,"2023-2024"
"OLY","BAR","2_7","Regular Season","Nikola  Kalinic",27,8,1,2,50,2,3,66.7,0,0,NA,0,6,6,1,3,2,0,0,1,0,13,"A","W",77,23,26,10,12,15,8,20,5,22,27,7,17,3,15,92,77,23,26,10,12,15,8,20,5,22,27,7,17,3,15,92,1.6,6.7,119.4,0.09,14.9,0.5,80,0,8.8,80,29.85,2.9,0,"2023-2024"
"OLY","BAR","2_7","Regular Season","Tomas  Satoransky",20,5,0,1,0,1,3,33.3,2,2,100,0,1,1,2,0,2,0,1,2,2,2,"A","W",77,23,26,10,12,15,8,20,5,22,27,7,17,3,15,92,77,23,26,10,12,15,8,20,5,22,27,7,17,3,15,92,0.83,6.6,75.8,0.01,30.3,1,37.5,0.5,1.5,51.2,30.3,3.9,0,"2023-2024"
"OLY","BAR","2_7","Regular Season","Nicolas  Laprovittola",28,17,4,4,100,3,5,60,0,0,NA,0,0,0,7,0,3,0,0,0,3,22,"A","W",77,23,26,10,12,15,8,20,5,22,27,7,17,3,15,92,77,23,26,10,12,15,8,20,5,22,27,7,17,3,15,92,1.89,11.5,147.8,0.13,60.9,2.3,94.4,0,15.4,94.4,26.09,4.9,0,"2023-2024"
"OLY","BAR","2_7","Regular Season","Dario  Brizuela",3,0,0,0,NA,0,0,NA,0,0,NA,0,0,0,1,0,0,0,0,0,0,1,"A","W",77,23,26,10,12,15,8,20,5,22,27,7,17,3,15,92,77,23,26,10,12,15,8,20,5,22,27,7,17,3,15,92,NA,0,NA,0.01,Inf,Inf,NA,NA,0.7,NA,NA,0,0,"2023-2024"
"OLY","BAR","2_7","Regular Season","Willy  Hernangomez",18,0,0,2,0,0,1,0,0,0,NA,0,7,7,0,0,2,0,0,2,1,1,"A","W",77,23,26,10,12,15,8,20,5,22,27,7,17,3,15,92,77,23,26,10,12,15,8,20,5,22,27,7,17,3,15,92,0,4.8,0,0,0,0,0,0,-2.8,0,41.67,3.2,0,"2023-2024"
"OLY","BAR","2_7","Regular Season","Alejandro  Abrines",15,16,0,0,NA,5,7,71.4,1,2,50,0,2,2,1,0,2,0,0,3,3,14,"A","W",77,23,26,10,12,15,8,20,5,22,27,7,17,3,15,92,77,23,26,10,12,15,8,20,5,22,27,7,17,3,15,92,1.78,9.5,168.4,0.07,10.5,0.5,107.1,0.29,10.8,101.5,21.05,7.5,0,"2023-2024"
"OLY","BAR","2_7","Regular Season","Jabari  Parker",13,3,0,0,NA,1,2,50,0,0,NA,0,1,1,0,0,0,0,0,1,0,2,"A","W",77,23,26,10,12,15,8,20,5,22,27,7,17,3,15,92,77,23,26,10,12,15,8,20,5,22,27,7,17,3,15,92,1.5,1.9,157.9,0.01,0,NA,75,0,1.9,75,0,1.7,0,"2023-2024"
"OLY","BAR","2_7","Regular Season","James  Nnaji",0,0,0,0,NA,0,0,NA,0,0,NA,0,0,0,0,0,0,0,0,0,0,0,"A","W",77,23,26,10,12,15,8,20,5,22,27,7,17,3,15,92,77,23,26,10,12,15,8,20,5,22,27,7,17,3,15,92,NA,0,NA,0,NA,NA,NA,NA,0,NA,NA,NA,0,"2023-2024"
"OLY","BAR","2_7","Regular Season","Rokas  Jokubaitis",21,10,1,1,100,2,4,50,2,2,100,0,2,2,4,0,2,0,0,0,2,14,"A","W",77,23,26,10,12,15,8,20,5,22,27,7,17,3,15,92,77,23,26,10,12,15,8,20,5,22,27,7,17,3,15,92,1.43,7.6,131.6,0.08,52.6,2,80,0.4,9.1,85,26.32,4.3,0,"2023-2024"
"OLY","BAR","2_7","Regular Season","Joel  Parra",12,3,0,1,0,1,1,100,0,0,NA,1,0,1,0,0,1,0,0,2,1,1,"A","W",77,23,26,10,12,15,8,20,5,22,27,7,17,3,15,92,77,23,26,10,12,15,8,20,5,22,27,7,17,3,15,92,1.5,1.9,157.9,0,0,0,75,0,0.9,75,52.63,2.8,10,"2023-2024"
"FEN","VAL","2_8","Regular Season","Nate  Reuvers",17,5,1,1,100,1,4,25,0,0,NA,0,5,5,0,0,0,0,0,2,0,5,"H","W",77,49,13,24,24,4,17,17,12,25,37,4,12,2,21,83,77,49,13,24,24,4,17,17,12,25,37,4,12,2,21,83,1,4.8,104.2,0.04,0,NA,50,0,3,50,0,2.8,0,"2023-2024"
"FEN","VAL","2_8","Regular Season","Chris  Jones",27,11,5,10,50,0,2,0,1,2,50,2,1,3,7,2,2,1,1,1,2,14,"H","W",77,49,13,24,24,4,17,17,12,25,37,4,12,2,21,83,77,49,13,24,24,4,17,17,12,25,37,4,12,2,21,83,0.79,12.4,88.7,0.1,56.5,3.5,41.7,0.17,11.1,42.7,16.13,5.2,8.3,"2023-2024"
"FEN","VAL","2_8","Regular Season","Boubacar  Toure",16,5,2,3,66.7,0,0,NA,1,2,50,1,0,1,0,0,1,1,1,1,2,4,"H","W",77,49,13,24,24,4,17,17,12,25,37,4,12,2,21,83,77,49,13,24,24,4,17,17,12,25,37,4,12,2,21,83,1,3.7,135.1,0.02,0,0,66.7,0.67,3.3,64.4,27.03,2.9,4.2,"2023-2024"
"FEN","VAL","2_8","Regular Season","Kassius  Robertson",24,6,0,4,0,2,4,50,0,2,0,2,2,4,2,0,1,0,1,2,1,1,"H","W",77,49,13,24,24,4,17,17,12,25,37,4,12,2,21,83,77,49,13,24,24,4,17,17,12,25,37,4,12,2,21,83,0.6,7.6,78.9,0,26.3,2,37.5,0.25,2,33.8,13.16,3.9,8.3,"2023-2024"
"FEN","VAL","2_8","Regular Season","Semi  Ojeleye",24,8,1,3,33.3,0,1,0,6,7,85.7,2,5,7,0,0,2,0,0,4,4,9,"H","W",77,49,13,24,24,4,17,17,12,25,37,4,12,2,21,83,77,49,13,24,24,4,17,17,12,25,37,4,12,2,21,83,0.73,6.8,117.6,0.04,0,0,25,1.75,4.5,56.5,29.41,3.6,8.3,"2023-2024"
"FEN","VAL","2_8","Regular Season","Victor  Claver",17,4,2,3,66.7,0,0,NA,0,0,NA,0,4,4,1,0,0,0,0,0,0,8,"H","W",77,49,13,24,24,4,17,17,12,25,37,4,12,2,21,83,77,49,13,24,24,4,17,17,12,25,37,4,12,2,21,83,1.33,2.9,137.9,0.07,34.5,Inf,66.7,0,4.6,66.7,0,1.7,0,"2023-2024"
"FEN","VAL","2_8","Regular Season","Josep  Puerto",12,1,0,3,0,0,0,NA,1,2,50,1,3,4,1,0,3,0,2,2,2,-3,"H","W",77,49,13,24,24,4,17,17,12,25,37,4,12,2,21,83,77,49,13,24,24,4,17,17,12,25,37,4,12,2,21,83,0.2,5.6,17.9,-0.03,17.9,0.3,0,0.67,-3,12.9,53.57,5.4,4.2,"2023-2024"
"FEN","VAL","2_8","Regular Season","Jaime  Pradilla",5,2,1,1,100,0,0,NA,0,0,NA,0,0,0,1,0,1,0,0,1,1,2,"H","W",77,49,13,24,24,4,17,17,12,25,37,4,12,2,21,83,77,49,13,24,24,4,17,17,12,25,37,4,12,2,21,83,2,1.9,105.3,0.01,52.6,1,100,0,1,100,52.63,3.8,0,"2023-2024"
"FEN","VAL","2_8","Regular Season","Guillem  Ferrando",10,2,0,0,NA,0,1,0,2,2,100,0,1,1,1,0,0,0,0,1,1,3,"H","W",77,49,13,24,24,4,17,17,12,25,37,4,12,2,21,83,77,49,13,24,24,4,17,17,12,25,37,4,12,2,21,83,0.67,1.8,111.1,0.02,55.6,Inf,0,2,1.9,53.2,0,1.8,0,"2023-2024"
"FEN","VAL","2_8","Regular Season","Damien  Inglis",21,10,4,7,57.1,0,0,NA,2,3,66.7,1,4,5,0,0,1,0,1,2,4,11,"H","W",77,49,13,24,24,4,17,17,12,25,37,4,12,2,21,83,77,49,13,24,24,4,17,17,12,25,37,4,12,2,21,83,1,8,125,0.07,0,0,57.1,0.43,6.4,60.1,12.5,4.2,4.2,"2023-2024"
"FEN","VAL","2_8","Regular Season","Stefan  Jovic",5,5,1,1,100,1,1,100,0,0,NA,0,0,0,1,1,0,0,0,1,2,8,"H","W",77,49,13,24,24,4,17,17,12,25,37,4,12,2,21,83,77,49,13,24,24,4,17,17,12,25,37,4,12,2,21,83,2.5,1.9,263.2,0.05,52.6,Inf,125,0,5.7,125,0,3.8,0,"2023-2024"
"FEN","VAL","2_8","Regular Season","Brandon  Davies",21,18,7,13,53.8,0,0,NA,4,4,100,3,0,3,3,1,1,0,0,4,7,21,"H","W",77,49,13,24,24,4,17,17,12,25,37,4,12,2,21,83,77,49,13,24,24,4,17,17,12,25,37,4,12,2,21,83,1.06,12.2,147.5,0.11,24.6,3,53.8,0.31,14.3,61,8.2,7.1,12.5,"2023-2024"
"VAL","FEN","2_8","Regular Season","Georgios  Papagiannis",23,8,4,5,80,0,0,NA,0,0,NA,2,1,3,1,0,0,2,0,2,0,11,"A","L",74,28,37,19,15,11,11,13,9,17,26,6,8,6,27,62,74,28,37,19,15,11,11,13,9,17,26,6,8,6,27,62,1.6,2.9,275.9,0.13,34.5,Inf,80,0,9.1,80,0,2.1,11.1,"2023-2024"
"VAL","FEN","2_8","Regular Season","Nigel  Hayes-Davis",33,11,2,3,66.7,2,7,28.6,1,2,50,1,5,6,2,1,1,0,0,2,4,14,"A","L",74,28,37,19,15,11,11,13,9,17,26,6,8,6,27,62,74,28,37,19,15,11,11,13,9,17,26,6,8,6,27,62,0.92,10.4,105.8,0.13,19.2,2,50,0.2,8,50.6,9.62,3.5,5.6,"2023-2024"
"VAL","FEN","2_8","Regular Season","Dyshawn  Pierre",14,0,0,2,0,0,4,0,0,0,NA,3,2,5,1,1,0,0,0,1,0,0,"A","L",74,28,37,19,15,11,11,13,9,17,26,6,8,6,27,62,74,28,37,19,15,11,11,13,9,17,26,6,8,6,27,62,0,2.9,0,-0.02,34.5,Inf,0,0,-0.2,0,0,4.2,16.7,"2023-2024"
"VAL","FEN","2_8","Regular Season","Tyler  Dorsey",24,17,1,2,50,4,7,57.1,3,4,75,0,2,2,3,0,1,1,1,3,4,17,"A","L",74,28,37,19,15,11,11,13,9,17,26,6,8,6,27,62,74,28,37,19,15,11,11,13,9,17,26,6,8,6,27,62,1.31,11.3,150.4,0.19,26.5,3,77.8,0.44,13.5,79,8.85,4.8,0,"2023-2024"
"VAL","FEN","2_8","Regular Season","Yam  Madar",22,10,2,3,66.7,1,4,25,3,4,75,1,0,1,3,3,2,0,0,5,3,8,"A","L",74,28,37,19,15,11,11,13,9,17,26,6,8,6,27,62,74,28,37,19,15,11,11,13,9,17,26,6,8,6,27,62,0.91,9.4,106.4,0.06,31.9,1.5,50,0.57,7.7,57.1,21.28,4.8,5.6,"2023-2024"
"VAL","FEN","2_8","Regular Season","Johnathan  Motley",6,1,0,1,0,0,0,NA,1,4,25,0,0,0,0,0,1,1,0,3,4,-2,"A","L",74,28,37,19,15,11,11,13,9,17,26,6,8,6,27,62,74,28,37,19,15,11,11,13,9,17,26,6,8,6,27,62,0.2,3.6,27.8,-0.09,0,0,0,4,-2.4,18.1,27.78,6.2,0,"2023-2024"
"VAL","FEN","2_8","Regular Season","Scottie  Wilbekin",21,14,2,3,66.7,3,6,50,1,3,33.3,0,2,2,2,1,0,0,1,2,5,15,"A","L",74,28,37,19,15,11,11,13,9,17,26,6,8,6,27,62,74,28,37,19,15,11,11,13,9,17,26,6,8,6,27,62,1.17,9.9,141.4,0.15,20.2,Inf,72.2,0.33,11.1,67.8,0,4.8,0,"2023-2024"
"VAL","FEN","2_8","Regular Season","Sertac  Sanli",16,5,1,2,50,1,2,50,0,0,NA,1,1,2,0,0,0,2,0,3,0,4,"A","L",74,28,37,19,15,11,11,13,9,17,26,6,8,6,27,62,74,28,37,19,15,11,11,13,9,17,26,6,8,6,27,62,1.25,2.9,172.4,0.04,0,NA,62.5,0,4.2,62.5,0,2.5,5.6,"2023-2024"
"VAL","FEN","2_8","Regular Season","Melih  Mahmutoglu",0,0,0,0,NA,0,0,NA,0,0,NA,0,0,0,0,0,0,0,0,0,0,0,"A","L",74,28,37,19,15,11,11,13,9,17,26,6,8,6,27,62,74,28,37,19,15,11,11,13,9,17,26,6,8,6,27,62,NA,0,NA,0,NA,NA,NA,NA,0,NA,NA,NA,0,"2023-2024"
"VAL","FEN","2_8","Regular Season","Marko  Guduric",21,6,2,5,40,0,6,0,2,2,100,1,2,3,1,0,1,0,0,0,1,1,"A","L",74,28,37,19,15,11,11,13,9,17,26,6,8,6,27,62,74,28,37,19,15,11,11,13,9,17,26,6,8,6,27,62,0.46,11.4,52.6,-0.01,8.8,1,18.2,0.18,0.1,25.3,8.77,6,5.6,"2023-2024"
"VAL","FEN","2_8","Regular Season","Nick  Calathes",4,0,0,0,NA,0,0,NA,0,0,NA,0,1,1,0,0,2,0,0,2,0,-3,"A","L",74,28,37,19,15,11,11,13,9,17,26,6,8,6,27,62,74,28,37,19,15,11,11,13,9,17,26,6,8,6,27,62,NA,1.9,0,-0.04,0,0,NA,NA,-2.5,NA,105.26,4.9,0,"2023-2024"
"VAL","FEN","2_8","Regular Season","Nathan  Sestina",14,2,1,2,50,0,1,0,0,0,NA,0,1,1,0,0,0,0,0,4,0,-3,"A","L",74,28,37,19,15,11,11,13,9,17,26,6,8,6,27,62,74,28,37,19,15,11,11,13,9,17,26,6,8,6,27,62,0.67,2.9,69,-0.04,0,NA,33.3,0,-1,33.3,0,2.1,0,"2023-2024"
"CRV","ZAL","2_9","Regular Season","Keenan  Evans",25,8,1,3,33.3,1,3,33.3,3,6,50,1,0,1,5,1,2,0,0,2,5,9,"H","W",79,39,23,14,25,7,8,17,10,22,32,5,8,5,22,92,79,39,23,14,25,7,8,17,10,22,32,5,8,5,22,92,0.67,9.3,86,0.03,53.8,2.5,41.7,1,5.8,46.3,21.51,4.5,5,"2023-2024"
"CRV","ZAL","2_9","Regular Season","Kevarrius  Hayes",22,8,4,4,100,0,0,NA,0,0,NA,1,4,5,0,1,0,4,0,2,1,17,"H","W",79,39,23,14,25,7,8,17,10,22,32,5,8,5,22,92,79,39,23,14,25,7,8,17,10,22,32,5,8,5,22,92,2,2.9,275.9,0.1,0,NA,100,0,11.7,100,0,1.9,5,"2023-2024"
"CRV","ZAL","2_9","Regular Season","Rolands  Smits",26,18,7,9,77.8,1,3,33.3,1,1,100,2,5,7,1,0,0,0,0,4,3,21,"H","W",79,39,23,14,25,7,8,17,10,22,32,5,8,5,22,92,79,39,23,14,25,7,8,17,10,22,32,5,8,5,22,92,1.38,10,180,0.13,10,Inf,70.8,0.08,14.8,72.3,0,5,10,"2023-2024"
"CRV","ZAL","2_9","Regular Season","Tomas  Dimsa",29,2,1,2,50,0,4,0,0,0,NA,0,0,0,3,1,1,0,0,4,2,-2,"H","W",79,39,23,14,25,7,8,17,10,22,32,5,8,5,22,92,79,39,23,14,25,7,8,17,10,22,32,5,8,5,22,92,0.33,6.7,29.9,-0.03,44.8,3,16.7,0,-1.3,16.7,14.93,2.5,0,"2023-2024"
"CRV","ZAL","2_9","Regular Season","Edgaras  Ulanovas",34,15,6,8,75,1,4,25,0,0,NA,4,2,6,4,0,1,1,0,2,1,19,"H","W",79,39,23,14,25,7,8,17,10,22,32,5,8,5,22,92,79,39,23,14,25,7,8,17,10,22,32,5,8,5,22,92,1.25,8.6,174.4,0.12,46.5,4,62.5,0,14.5,62.5,11.63,4,20,"2023-2024"
"CRV","ZAL","2_9","Regular Season","Naz  Mitrou-Long",11,3,0,1,0,1,4,25,0,0,NA,0,1,1,1,1,1,0,0,2,1,0,"H","W",79,39,23,14,25,7,8,17,10,22,32,5,8,5,22,92,79,39,23,14,25,7,8,17,10,22,32,5,8,5,22,92,0.6,5.8,51.7,-0.01,17.2,1,30,0,0.1,30,17.24,5.7,0,"2023-2024"
"CRV","ZAL","2_9","Regular Season","Lukas  Lekavicius",3,0,0,0,NA,0,0,NA,0,0,NA,0,0,0,1,1,2,0,0,1,0,-1,"H","W",79,39,23,14,25,7,8,17,10,22,32,5,8,5,22,92,79,39,23,14,25,7,8,17,10,22,32,5,8,5,22,92,NA,1.9,0,-0.01,52.6,0.5,NA,NA,-0.7,NA,105.26,7,0,"2023-2024"
"CRV","ZAL","2_9","Regular Season","Dovydas  Giedraitis",2,0,0,0,NA,0,0,NA,0,0,NA,0,0,0,0,0,0,0,0,0,0,0,"H","W",79,39,23,14,25,7,8,17,10,22,32,5,8,5,22,92,79,39,23,14,25,7,8,17,10,22,32,5,8,5,22,92,NA,0,NA,0,NA,NA,NA,NA,0,NA,NA,0,0,"2023-2024"
"CRV","ZAL","2_9","Regular Season","Laurynas  Birutis",11,4,2,4,50,0,0,NA,0,1,0,1,3,4,0,0,0,0,0,0,1,6,"H","W",79,39,23,14,25,7,8,17,10,22,32,5,8,5,22,92,79,39,23,14,25,7,8,17,10,22,32,5,8,5,22,92,0.8,3.3,121.2,0.03,0,NA,50,0.25,3.2,45,0,4.2,5,"2023-2024"
"CRV","ZAL","2_9","Regular Season","Brady   Manek",16,9,1,3,33.3,2,3,66.7,1,2,50,0,3,3,0,0,1,0,0,1,2,8,"H","W",79,39,23,14,25,7,8,17,10,22,32,5,8,5,22,92,79,39,23,14,25,7,8,17,10,22,32,5,8,5,22,92,1.12,7.6,118.4,0.05,0,0,66.7,0.33,5.1,65.4,13.16,5.2,0,"2023-2024"
"CRV","ZAL","2_9","Regular Season","Arnas  Butkevicius",20,12,3,5,60,1,2,50,3,4,75,1,4,5,2,0,0,0,1,4,5,15,"H","W",79,39,23,14,25,7,8,17,10,22,32,5,8,5,22,92,79,39,23,14,25,7,8,17,10,22,32,5,8,5,22,92,1.09,7.4,162.2,0.08,27,Inf,64.3,0.57,10,68.5,0,4.6,5,"2023-2024"
"ZAL","CRV","2_9","Regular Season","Dejan  Davidovac",27,6,0,1,0,2,3,66.7,0,0,NA,1,3,4,0,0,0,0,0,3,1,6,"A","L",74,46,23,20,20,6,16,13,14,18,32,3,9,1,21,63,74,46,23,20,20,6,16,13,14,18,32,3,9,1,21,63,1.5,2.9,206.9,0.06,0,NA,75,0,4.4,75,0,1.4,3.6,"2023-2024"
"ZAL","CRV","2_9","Regular Season","Marko  Simonovic",3,2,1,3,33.3,0,0,NA,0,0,NA,3,0,3,0,0,0,0,0,0,0,3,"A","L",74,46,23,20,20,6,16,13,14,18,32,3,9,1,21,63,74,46,23,20,20,6,16,13,14,18,32,3,9,1,21,63,0.67,0,Inf,0.02,NA,NA,33.3,0,2.4,33.3,NA,9.2,10.7,"2023-2024"
"ZAL","CRV","2_9","Regular Season","Shabazz  Napier",15,9,0,5,0,1,5,20,6,6,100,0,0,0,1,1,1,0,2,3,3,-1,"A","L",74,46,23,20,20,6,16,13,14,18,32,3,9,1,21,63,74,46,23,20,20,6,16,13,14,18,32,3,9,1,21,63,0.56,13.1,68.7,-0.03,7.6,1,15,0.6,1.9,35.6,7.63,8.4,0,"2023-2024"
"ZAL","CRV","2_9","Regular Season","Mike  Tobey",7,2,1,3,33.3,0,0,NA,0,0,NA,0,1,1,0,0,1,0,0,0,0,0,"A","L",74,46,23,20,20,6,16,13,14,18,32,3,9,1,21,63,74,46,23,20,20,6,16,13,14,18,32,3,9,1,21,63,0.67,3.8,52.6,0,0,0,33.3,0,-0.4,33.3,26.32,5.3,0,"2023-2024"
"ZAL","CRV","2_9","Regular Season","Rokas  Giedraitis",32,4,2,6,33.3,0,1,0,0,0,NA,3,1,4,2,1,3,0,1,1,3,4,"A","L",74,46,23,20,20,6,16,13,14,18,32,3,9,1,21,63,74,46,23,20,20,6,16,13,14,18,32,3,9,1,21,63,0.57,6.7,59.7,0.01,29.9,0.7,28.6,0,1.3,28.6,44.78,2.9,10.7,"2023-2024"
"ZAL","CRV","2_9","Regular Season","Milos  Teodosic",25,15,2,4,50,3,7,42.9,2,2,100,1,3,4,4,1,2,0,0,2,3,17,"A","L",74,46,23,20,20,6,16,13,14,18,32,3,9,1,21,63,74,46,23,20,20,6,16,13,14,18,32,3,9,1,21,63,1.15,12.4,121,0.18,32.3,2,59.1,0.18,11.9,63.1,16.13,5.1,3.6,"2023-2024"
"ZAL","CRV","2_9","Regular Season","Adam  Hanga",20,6,3,5,60,0,2,0,0,1,0,1,2,3,0,0,0,0,1,2,1,2,"A","L",74,46,23,20,20,6,16,13,14,18,32,3,9,1,21,63,74,46,23,20,20,6,16,13,14,18,32,3,9,1,21,63,0.75,6.2,96.8,0.02,0,NA,42.9,0.14,2.4,40.3,0,3.4,3.6,"2023-2024"
"ZAL","CRV","2_9","Regular Season","Luka  Mitrovic",22,16,6,10,60,0,0,NA,4,6,66.7,5,3,8,1,0,1,1,1,3,5,20,"A","L",74,46,23,20,20,6,16,13,14,18,32,3,9,1,21,63,74,46,23,20,20,6,16,13,14,18,32,3,9,1,21,63,1,8.3,192.8,0.17,12,1,60,0.6,14.2,63.3,12.05,5.7,17.9,"2023-2024"
"ZAL","CRV","2_9","Regular Season","Joel  Bolomboy",13,6,2,2,100,0,1,0,2,2,100,0,0,0,0,0,1,0,0,2,2,4,"A","L",74,46,23,20,20,6,16,13,14,18,32,3,9,1,21,63,74,46,23,20,20,6,16,13,14,18,32,3,9,1,21,63,1.2,4.7,127.7,0.03,0,0,66.7,0.67,2.9,77.3,21.28,3.5,0,"2023-2024"
"ZAL","CRV","2_9","Regular Season","Dalibor  Ilic",12,0,0,0,NA,0,0,NA,0,0,NA,0,5,5,1,0,0,0,0,3,0,3,"A","L",74,46,23,20,20,6,16,13,14,18,32,3,9,1,21,63,74,46,23,20,20,6,16,13,14,18,32,3,9,1,21,63,NA,0,NA,0.04,Inf,Inf,NA,NA,1,NA,NA,0,0,"2023-2024"
"ZAL","CRV","2_9","Regular Season","Nemanja  Nedovic",23,8,3,7,42.9,0,4,0,2,3,66.7,0,0,0,4,0,0,0,0,2,4,5,"A","L",74,46,23,20,20,6,16,13,14,18,32,3,9,1,21,63,74,46,23,20,20,6,16,13,14,18,32,3,9,1,21,63,0.57,11.8,67.8,0.01,33.9,Inf,27.3,0.27,3.1,32.5,0,4.9,0,"2023-2024"
"MAC","MIL","2_3","Regular Season","Maodo  Lo",20,6,1,1,100,1,5,20,1,2,50,0,0,0,1,0,1,0,0,2,1,0,"H","L",90,34,30,15,22,12,10,25,8,15,23,7,17,1,23,89,90,34,30,15,22,12,10,25,8,15,23,7,17,1,23,89,0.75,7.6,78.9,-0.01,13.2,1,41.7,0.33,1.1,43.6,13.16,3.6,0,"2023-2024"
"MAC","MIL","2_3","Regular Season","Nicolo  Melli",24,5,1,1,100,1,1,100,0,0,NA,2,1,3,1,1,2,0,0,4,0,4,"H","L",90,34,30,15,22,12,10,25,8,15,23,7,17,1,23,89,90,34,30,15,22,12,10,25,8,15,23,7,17,1,23,89,2.5,1.9,263.2,0.02,52.6,0.5,125,0,4.2,125,105.26,1.5,12.5,"2023-2024"
"MAC","MIL","2_3","Regular Season","Shavon  Shields",33,22,5,7,71.4,4,6,66.7,0,0,NA,0,5,5,8,0,2,0,0,1,2,30,"H","L",90,34,30,15,22,12,10,25,8,15,23,7,17,1,23,89,90,34,30,15,22,12,10,25,8,15,23,7,17,1,23,89,1.69,14.4,152.8,0.21,55.6,4,84.6,0,21.2,84.6,13.89,4.2,0,"2023-2024"
"MAC","MIL","2_3","Regular Season","Nikola  Mirotic",31,24,3,5,60,4,7,57.1,6,7,85.7,3,1,4,3,2,2,0,0,3,4,26,"H","L",90,34,30,15,22,12,10,25,8,15,23,7,17,1,23,89,90,34,30,15,22,12,10,25,8,15,23,7,17,1,23,89,1.26,13.5,177.8,0.15,22.2,1.5,75,0.58,21.3,79.6,14.81,5,18.8,"2023-2024"
"MAC","MIL","2_3","Regular Season","Johannes  Voigtmann",31,18,7,9,77.8,1,4,25,1,2,50,2,4,6,4,0,4,0,0,2,2,18,"H","L",90,34,30,15,22,12,10,25,8,15,23,7,17,1,23,89,90,34,30,15,22,12,10,25,8,15,23,7,17,1,23,89,1.2,15.2,118.4,0.11,26.3,1,65.4,0.15,12.3,64.8,26.32,5.3,12.5,"2023-2024"
"MAC","MIL","2_3","Regular Season","Alex  Poythress",13,7,3,6,50,0,0,NA,1,2,50,1,1,2,0,1,1,0,2,4,3,2,"H","L",90,34,30,15,22,12,10,25,8,15,23,7,17,1,23,89,90,34,30,15,22,12,10,25,8,15,23,7,17,1,23,89,0.88,6.6,106.1,0,0,0,50,0.33,3,50.9,15.15,5.5,6.2,"2023-2024"
"MAC","MIL","2_3","Regular Season","Kevin  Pangos",20,4,0,2,0,1,5,20,1,1,100,0,0,0,6,0,3,0,0,4,5,2,"H","L",90,34,30,15,22,12,10,25,8,15,23,7,17,1,23,89,90,34,30,15,22,12,10,25,8,15,23,7,17,1,23,89,0.5,10,40,-0.02,60,2,21.4,0.14,-0.9,26.9,30,4.8,0,"2023-2024"
"MAC","MIL","2_3","Regular Season","Stefano  Tonut",7,2,1,1,100,0,1,0,0,1,0,0,2,2,0,1,1,0,0,1,1,2,"H","L",90,34,30,15,22,12,10,25,8,15,23,7,17,1,23,89,90,34,30,15,22,12,10,25,8,15,23,7,17,1,23,89,0.67,3.3,60.6,0.01,0,0,50,0.5,0.8,41,30.3,4.5,0,"2023-2024"
"MAC","MIL","2_3","Regular Season","Giampaolo  Ricci",5,0,0,0,NA,0,1,0,0,0,NA,0,1,1,0,0,0,0,0,1,1,0,"H","L",90,34,30,15,22,12,10,25,8,15,23,7,17,1,23,89,90,34,30,15,22,12,10,25,8,15,23,7,17,1,23,89,0,1,0,-0.01,0,NA,0,0,-0.8,0,0,1.8,0,"2023-2024"
"MAC","MIL","2_3","Regular Season","Devon  Hall",10,0,0,1,0,0,0,NA,0,0,NA,0,0,0,2,0,0,0,0,0,1,2,"H","L",90,34,30,15,22,12,10,25,8,15,23,7,17,1,23,89,90,34,30,15,22,12,10,25,8,15,23,7,17,1,23,89,0,1,0,0.01,200,Inf,0,0,0.7,0,0,0.9,0,"2023-2024"
"MAC","MIL","2_3","Regular Season","Kyle  Hines",5,2,1,1,100,0,0,NA,0,0,NA,0,0,0,0,2,1,1,0,1,0,3,"H","L",90,34,30,15,22,12,10,25,8,15,23,7,17,1,23,89,90,34,30,15,22,12,10,25,8,15,23,7,17,1,23,89,2,1.9,105.3,0.02,0,0,100,0,3,100,52.63,3.7,0,"2023-2024"
"MIL","MAC","2_3","Regular Season","Antonius  Cleveland",23,15,5,6,83.3,0,0,NA,5,6,83.3,0,0,0,0,2,1,0,0,4,5,15,"A","W",98,45,20,26,30,6,20,22,8,20,28,10,13,2,20,114,98,45,20,26,30,6,20,22,8,20,28,10,13,2,20,114,1.25,9.3,161.3,0.06,0,0,83.3,1,11.8,86.8,10.75,3.7,0,"2023-2024"
"MIL","MAC","2_3","Regular Season","James  Webb III",25,6,1,1,100,1,4,25,1,2,50,0,5,5,0,1,0,0,0,1,2,9,"A","W",98,45,20,26,30,6,20,22,8,20,28,10,13,2,20,114,98,45,20,26,30,6,20,22,8,20,28,10,13,2,20,114,0.86,5.6,107.1,0.04,0,NA,50,0.4,5,51,0,2.1,0,"2023-2024"
"MIL","MAC","2_3","Regular Season","Lorenzo  Brown",30,20,2,6,33.3,4,8,50,4,4,100,1,2,3,12,0,4,0,0,2,3,24,"A","W",98,45,20,26,30,6,20,22,8,20,28,10,13,2,20,114,98,45,20,26,30,6,20,22,8,20,28,10,13,2,20,114,1.11,18,111.1,0.12,66.7,3,57.1,0.29,17.5,63.5,22.22,5.9,6.2,"2023-2024"
"MIL","MAC","2_3","Regular Season","Josh  Nebo",23,14,6,7,85.7,0,0,NA,2,2,100,3,3,6,1,0,0,2,0,0,2,24,"A","W",98,45,20,26,30,6,20,22,8,20,28,10,13,2,20,114,98,45,20,26,30,6,20,22,8,20,28,10,13,2,20,114,1.56,4.7,297.9,0.11,21.3,Inf,85.7,0.29,16.6,88.8,0,3.1,18.8,"2023-2024"
"MIL","MAC","2_3","Regular Season","Bonzie  Colson",31,16,7,12,58.3,0,0,NA,2,2,100,2,4,6,1,2,0,0,1,2,3,20,"A","W",98,45,20,26,30,6,20,22,8,20,28,10,13,2,20,114,98,45,20,26,30,6,20,22,8,20,28,10,13,2,20,114,1.14,10.4,153.8,0.1,9.6,Inf,58.3,0.17,14.9,62.1,0,3.7,12.5,"2023-2024"
"MIL","MAC","2_3","Regular Season","Rafael  Menco",8,0,0,0,NA,0,2,0,0,0,NA,0,1,1,0,0,1,0,0,2,1,-3,"A","W",98,45,20,26,30,6,20,22,8,20,28,10,13,2,20,114,98,45,20,26,30,6,20,22,8,20,28,10,13,2,20,114,0,2.9,0,-0.02,0,0,0,0,-2.9,0,34.48,3.4,0,"2023-2024"
"MIL","MAC","2_3","Regular Season","Roman  Sorkin",6,0,0,1,0,0,1,0,0,0,NA,0,2,2,0,0,2,0,0,4,0,-6,"A","W",98,45,20,26,30,6,20,22,8,20,28,10,13,2,20,114,98,45,20,26,30,6,20,22,8,20,28,10,13,2,20,114,0,3.8,0,-0.03,0,0,0,0,-4.4,0,52.63,6,0,"2023-2024"
"MIL","MAC","2_3","Regular Season","John  Dibartolomeo",2,0,0,0,NA,0,1,0,0,0,NA,0,0,0,0,0,1,0,0,0,0,-2,"A","W",98,45,20,26,30,6,20,22,8,20,28,10,13,2,20,114,98,45,20,26,30,6,20,22,8,20,28,10,13,2,20,114,0,1.9,0,-0.01,0,0,0,0,-1.7,0,52.63,8.9,0,"2023-2024"
"MIL","MAC","2_3","Regular Season","Jasiel  Rivero",19,21,8,9,88.9,0,0,NA,5,8,62.5,2,2,4,1,2,1,0,0,2,5,26,"A","W",98,45,20,26,30,6,20,22,8,20,28,10,13,2,20,114,98,45,20,26,30,6,20,22,8,20,28,10,13,2,20,114,1.24,11.1,189.2,0.11,9,1,88.9,0.89,19.6,83.9,9.01,6.4,12.5,"2023-2024"
"MIL","MAC","2_3","Regular Season","Jake  Cohen",11,2,1,2,50,0,1,0,0,0,NA,0,1,1,0,1,0,0,0,0,1,3,"A","W",98,45,20,26,30,6,20,22,8,20,28,10,13,2,20,114,98,45,20,26,30,6,20,22,8,20,28,10,13,2,20,114,0.67,2.9,69,0.01,0,NA,33.3,0,1.6,33.3,0,2.4,0,"2023-2024"
"MIL","MAC","2_3","Regular Season","Tamir  Blatt",20,4,0,1,0,1,3,33.3,1,2,50,0,0,0,7,2,3,0,0,3,1,4,"A","W",98,45,20,26,30,6,20,22,8,20,28,10,13,2,20,114,98,45,20,26,30,6,20,22,8,20,28,10,13,2,20,114,0.67,7.6,52.6,0.02,92.1,2.3,37.5,0.5,3.9,41,39.47,3.5,0,"2023-2024"
"EFE","VIL","3_1","Regular Season","Paris  Lee",31,11,0,4,0,2,5,40,5,5,100,1,2,3,5,2,3,0,0,2,4,13,"A","L",84,35,27,21,18,10,18,15,7,16,23,6,12,3,19,81,84,35,27,21,18,10,18,15,7,16,23,6,12,3,19,81,0.79,12.7,86.6,0.07,39.4,1.7,33.3,0.56,8.5,49.1,23.62,4.4,7.1,"2023-2024"
"EFE","VIL","3_1","Regular Season","Joffrey  Lauvergne",23,13,4,7,57.1,1,2,50,2,3,66.7,0,2,2,2,1,5,0,0,1,5,12,"A","L",84,35,27,21,18,10,18,15,7,16,23,6,12,3,19,81,84,35,27,21,18,10,18,15,7,16,23,6,12,3,19,81,1.08,14.7,88.4,0.06,13.6,0.4,61.1,0.33,5.9,63,34.01,6.4,0,"2023-2024"
"EFE","VIL","3_1","Regular Season","Timothe  Luwawu-Cabarrot",15,0,0,2,0,0,2,0,0,0,NA,0,3,3,0,0,0,0,0,3,0,-4,"A","L",84,35,27,21,18,10,18,15,7,16,23,6,12,3,19,81,84,35,27,21,18,10,18,15,7,16,23,6,12,3,19,81,0,3.8,0,-0.03,0,NA,0,0,-3.1,0,0,2.6,0,"2023-2024"
"EFE","VIL","3_1","Regular Season","Edwin  Jackson",3,0,0,0,NA,0,0,NA,0,0,NA,0,0,0,0,0,0,0,0,0,0,0,"A","L",84,35,27,21,18,10,18,15,7,16,23,6,12,3,19,81,84,35,27,21,18,10,18,15,7,16,23,6,12,3,19,81,NA,0,NA,0,NA,NA,NA,NA,0,NA,NA,0,0,"2023-2024"
"EFE","VIL","3_1","Regular Season","Youssoupha  Fall",16,7,3,5,60,0,0,NA,1,2,50,2,1,3,0,0,0,1,0,2,1,7,"A","L",84,35,27,21,18,10,18,15,7,16,23,6,12,3,19,81,84,35,27,21,18,10,18,15,7,16,23,6,12,3,19,81,1,3.7,189.2,0.04,0,NA,60,0.4,5.9,59.5,0,3.5,14.3,"2023-2024"
"EFE","VIL","3_1","Regular Season","Mike  Scott",24,15,3,4,75,3,7,42.9,0,0,NA,1,0,1,2,0,0,0,0,1,0,12,"A","L",84,35,27,21,18,10,18,15,7,16,23,6,12,3,19,81,84,35,27,21,18,10,18,15,7,16,23,6,12,3,19,81,1.36,9.6,156.2,0.1,20.8,Inf,68.2,0,11.4,68.2,0,4.4,7.1,"2023-2024"
"EFE","VIL","3_1","Regular Season","Nando  de Colo",26,25,4,7,57.1,3,8,37.5,8,8,100,0,1,1,4,2,0,0,1,2,6,27,"A","L",84,35,27,21,18,10,18,15,7,16,23,6,12,3,19,81,84,35,27,21,18,10,18,15,7,16,23,6,12,3,19,81,1.09,17.8,140.4,0.19,22.5,Inf,56.7,0.53,21.6,67.5,0,6.8,0,"2023-2024"
"EFE","VIL","3_1","Regular Season","John  Egbunu",17,2,1,1,100,0,0,NA,0,0,NA,0,2,2,0,0,1,0,0,2,1,2,"A","L",84,35,27,21,18,10,18,15,7,16,23,6,12,3,19,81,84,35,27,21,18,10,18,15,7,16,23,6,12,3,19,81,2,1.9,105.3,0.01,0,0,100,0,0.5,100,52.63,1.1,0,"2023-2024"
"EFE","VIL","3_1","Regular Season","Mbaye  Ndiaye",15,2,0,1,0,0,0,NA,2,2,100,3,5,8,1,0,2,2,0,4,1,7,"A","L",84,35,27,21,18,10,18,15,7,16,23,6,12,3,19,81,84,35,27,21,18,10,18,15,7,16,23,6,12,3,19,81,0.67,0.8,250,0.03,125,0.5,0,2,3.4,53.2,250,2.5,21.4,"2023-2024"
"EFE","VIL","3_1","Regular Season","Noam  Yaacov",9,0,0,0,NA,0,0,NA,0,0,NA,0,0,0,0,0,0,0,0,1,1,0,"A","L",84,35,27,21,18,10,18,15,7,16,23,6,12,3,19,81,84,35,27,21,18,10,18,15,7,16,23,6,12,3,19,81,NA,0,NA,-0.01,NA,NA,NA,NA,-0.4,NA,NA,0,0,"2023-2024"
"EFE","VIL","3_1","Regular Season","Frank  Jackson",18,9,3,4,75,1,3,33.3,0,1,0,0,0,0,1,1,1,0,1,1,1,5,"A","L",84,35,27,21,18,10,18,15,7,16,23,6,12,3,19,81,84,35,27,21,18,10,18,15,7,16,23,6,12,3,19,81,1.12,8.1,111.1,0.04,12.3,1,64.3,0.14,5.6,60.5,12.35,4.5,0,"2023-2024"
"VIL","EFE","3_1","Regular Season","Shane  Larkin",32,18,1,2,50,3,7,42.9,7,7,100,0,6,6,6,0,5,0,1,2,6,23,"H","W",89,30,24,22,22,9,18,20,4,24,28,7,16,2,20,99,89,30,24,22,22,9,18,20,4,24,28,7,16,2,20,99,1.12,16.4,109.8,0.11,36.6,1.2,61.1,0.78,13.5,74.5,30.49,5.4,0,"2023-2024"
"VIL","EFE","3_1","Regular Season","Rodrigue  Beaubois",29,14,3,4,75,2,5,40,2,2,100,1,3,4,3,2,0,1,0,4,1,17,"H","W",89,30,24,22,22,9,18,20,4,24,28,7,16,2,20,99,89,30,24,22,22,9,18,20,4,24,28,7,16,2,20,99,1.27,8.5,164.7,0.09,35.3,Inf,66.7,0.22,14.5,70.9,0,3.4,12.5,"2023-2024"
"VIL","EFE","3_1","Regular Season","Will  Clyburn",32,19,6,10,60,2,6,33.3,1,4,25,0,6,6,4,0,4,0,1,1,5,17,"H","W",89,30,24,22,22,9,18,20,4,24,28,7,16,2,20,99,89,30,24,22,22,9,18,20,4,24,28,7,16,2,20,99,0.95,20.9,90.9,0.08,19.1,1,56.2,0.25,10,53.5,19.14,6.8,0,"2023-2024"
"VIL","EFE","3_1","Regular Season","Ercan  Osmani",6,0,0,0,NA,0,0,NA,0,0,NA,0,3,3,0,0,0,0,0,3,0,0,"H","W",89,30,24,22,22,9,18,20,4,24,28,7,16,2,20,99,89,30,24,22,22,9,18,20,4,24,28,7,16,2,20,99,NA,0,NA,0,NA,NA,NA,NA,-0.3,NA,NA,0,0,"2023-2024"
"VIL","EFE","3_1","Regular Season","Ante  Zizic",24,11,4,5,80,0,0,NA,3,4,75,2,1,3,2,2,1,0,0,1,3,17,"H","W",89,30,24,22,22,9,18,20,4,24,28,7,16,2,20,99,89,30,24,22,22,9,18,20,4,24,28,7,16,2,20,99,1.22,5.5,200,0.08,36.4,2,80,0.8,12.4,81.4,18.18,3.2,25,"2023-2024"
"VIL","EFE","3_1","Regular Season","Melih   Tunca",2,0,0,0,NA,0,0,NA,0,0,NA,0,0,0,0,0,0,0,0,1,0,-1,"H","W",89,30,24,22,22,9,18,20,4,24,28,7,16,2,20,99,89,30,24,22,22,9,18,20,4,24,28,7,16,2,20,99,NA,0,NA,-0.01,NA,NA,NA,NA,-0.4,NA,NA,0,0,"2023-2024"
"VIL","EFE","3_1","Regular Season","Darius  Thompson",17,14,3,4,75,1,3,33.3,5,5,100,1,1,2,2,2,3,1,1,3,3,14,"H","W",89,30,24,22,22,9,18,20,4,24,28,7,16,2,20,99,89,30,24,22,22,9,18,20,4,24,28,7,16,2,20,99,1.17,10.8,129.6,0.07,18.5,0.7,64.3,0.71,11.6,76.1,27.78,7.2,12.5,"2023-2024"
"VIL","EFE","3_1","Regular Season","Tibor  Pleiss",4,0,0,0,NA,0,0,NA,0,0,NA,0,0,0,0,0,0,0,0,0,0,0,"H","W",89,30,24,22,22,9,18,20,4,24,28,7,16,2,20,99,89,30,24,22,22,9,18,20,4,24,28,7,16,2,20,99,NA,0,NA,0,NA,NA,NA,NA,0,NA,NA,0,0,"2023-2024"
"VIL","EFE","3_1","Regular Season","Justus  Hollatz",2,0,0,0,NA,0,0,NA,0,0,NA,0,0,0,0,0,0,0,0,1,0,-1,"H","W",89,30,24,22,22,9,18,20,4,24,28,7,16,2,20,99,89,30,24,22,22,9,18,20,4,24,28,7,16,2,20,99,NA,0,NA,-0.01,NA,NA,NA,NA,-0.4,NA,NA,0,0,"2023-2024"
"VIL","EFE","3_1","Regular Season","Erkan  Yilmaz",9,0,0,0,NA,0,0,NA,0,0,NA,0,1,1,2,1,1,0,0,2,0,1,"H","W",89,30,24,22,22,9,18,20,4,24,28,7,16,2,20,99,89,30,24,22,22,9,18,20,4,24,28,7,16,2,20,99,NA,1,0,0.01,200,2,NA,NA,0.9,NA,100,1.1,0,"2023-2024"
"VIL","EFE","3_1","Regular Season","Derek  Willis",31,7,2,2,100,1,3,33.3,0,0,NA,0,2,2,0,0,0,0,0,0,1,8,"H","W",89,30,24,22,22,9,18,20,4,24,28,7,16,2,20,99,89,30,24,22,22,9,18,20,4,24,28,7,16,2,20,99,1.4,4.8,145.8,0.04,0,NA,70,0,5.3,70,0,1.6,0,"2023-2024"
"VIL","EFE","3_1","Regular Season","Tyrique  Jones",12,6,3,3,100,0,0,NA,0,0,NA,0,1,1,1,0,2,0,0,2,0,4,"H","W",89,30,24,22,22,9,18,20,4,24,28,7,16,2,20,99,89,30,24,22,22,9,18,20,4,24,28,7,16,2,20,99,2,4.8,125,0.03,20.8,0.5,100,0,3.3,100,41.67,4.2,0,"2023-2024"
"MIL","OLY","3_2","Regular Season","Thomas  Walkup",31,11,0,3,0,3,5,60,2,2,100,1,5,6,4,1,0,1,0,3,3,18,"A","L",53,34,19,12,14,5,10,12,10,19,29,6,12,2,18,56,53,34,19,12,14,5,10,12,10,19,29,6,12,2,18,56,1.1,7.6,144.7,0.23,52.6,Inf,56.2,0.25,12.1,61.9,0,3.3,5,"2023-2024"
"MIL","OLY","3_2","Regular Season","Isaiah  Canaan",7,3,0,0,NA,1,2,50,0,0,NA,0,0,0,0,1,2,0,0,4,0,-3,"A","L",53,34,19,12,14,5,10,12,10,19,29,6,12,2,18,56,53,34,19,12,14,5,10,12,10,19,29,6,12,2,18,56,1.5,3.8,78.9,-0.05,0,0,75,0,-0.6,75,52.63,6.5,0,"2023-2024"
"MIL","OLY","3_2","Regular Season","Kostas  Papanikolaou",33,4,1,1,100,0,4,0,2,3,66.7,2,1,3,2,1,0,0,0,2,2,5,"A","L",53,34,19,12,14,5,10,12,10,19,29,6,12,2,18,56,53,34,19,12,14,5,10,12,10,19,29,6,12,2,18,56,0.5,4.1,97.6,0.03,48.8,Inf,20,0.6,3.8,31.6,0,2.2,10,"2023-2024"
"MIL","OLY","3_2","Regular Season","Alec  Peters",22,4,1,6,16.7,0,1,0,2,2,100,0,3,3,2,1,1,0,0,0,1,4,"A","L",53,34,19,12,14,5,10,12,10,19,29,6,12,2,18,56,53,34,19,12,14,5,10,12,10,19,29,6,12,2,18,56,0.44,8.5,47.1,0.05,23.5,2,14.3,0.29,1.8,25.4,11.76,4.6,0,"2023-2024"
"MIL","OLY","3_2","Regular Season","Nikola  Milutinov",28,15,6,8,75,0,0,NA,3,3,100,1,3,4,0,0,3,0,0,1,8,21,"A","L",53,34,19,12,14,5,10,12,10,19,29,6,12,2,18,56,53,34,19,12,14,5,10,12,10,19,29,6,12,2,18,56,1.36,10.9,137.6,0.21,0,0,75,0.38,10,80.5,27.52,5,5,"2023-2024"
"MIL","OLY","3_2","Regular Season","Michalis  Lountzis",17,4,2,3,66.7,0,2,0,0,0,NA,0,1,1,0,2,2,0,0,1,1,2,"A","L",53,34,19,12,14,5,10,12,10,19,29,6,12,2,18,56,53,34,19,12,14,5,10,12,10,19,29,6,12,2,18,56,0.8,6.7,59.7,0.02,0,0,40,0,1.2,40,29.85,4.7,0,"2023-2024"
"MIL","OLY","3_2","Regular Season","Giannoulis  Larentzakis",15,2,1,1,100,0,2,0,0,0,NA,0,1,1,2,0,2,0,0,5,1,-3,"A","L",53,34,19,12,14,5,10,12,10,19,29,6,12,2,18,56,53,34,19,12,14,5,10,12,10,19,29,6,12,2,18,56,0.67,4.8,41.7,-0.07,41.7,1,33.3,0,-2,33.3,41.67,3.8,0,"2023-2024"
"MIL","OLY","3_2","Regular Season","George  Papas",5,2,1,1,100,0,1,0,0,0,NA,0,0,0,0,0,0,0,0,0,0,1,"A","L",53,34,19,12,14,5,10,12,10,19,29,6,12,2,18,56,53,34,19,12,14,5,10,12,10,19,29,6,12,2,18,56,1,1.9,105.3,0.02,0,NA,50,0,1,50,0,4.6,0,"2023-2024"
"MIL","OLY","3_2","Regular Season","Moustapha  Fall",12,2,1,3,33.3,0,0,NA,0,0,NA,3,2,5,1,0,0,0,0,0,1,7,"A","L",53,34,19,12,14,5,10,12,10,19,29,6,12,2,18,56,53,34,19,12,14,5,10,12,10,19,29,6,12,2,18,56,0.67,0,Inf,0.07,Inf,Inf,33.3,0,3.7,33.3,NA,2.8,15,"2023-2024"
"MIL","OLY","3_2","Regular Season","Ignas  Brazdeikis",19,6,1,7,14.3,1,2,50,1,2,50,2,2,4,1,0,2,1,0,1,2,3,"A","L",53,34,19,12,14,5,10,12,10,19,29,6,12,2,18,56,53,34,19,12,14,5,10,12,10,19,29,6,12,2,18,56,0.55,9.5,63.2,-0.01,10.5,0.5,27.8,0.22,1.1,30.4,21.05,7.1,10,"2023-2024"
"MIL","OLY","3_2","Regular Season","Luke  Sikma",10,0,0,1,0,0,0,NA,0,0,NA,1,1,2,0,0,0,0,0,1,1,1,"A","L",53,34,19,12,14,5,10,12,10,19,29,6,12,2,18,56,53,34,19,12,14,5,10,12,10,19,29,6,12,2,18,56,0,0,NA,-0.01,NA,NA,0,0,-0.1,0,NA,1.1,5,"2023-2024"
"OLY","MIL","3_2","Regular Season","Kevin  Pangos",30,16,3,4,75,3,5,60,1,1,100,0,3,3,1,0,1,0,0,0,3,19,"H","W",65,27,24,11,16,8,9,14,6,20,26,7,14,0,21,62,65,27,24,11,16,8,9,14,6,20,26,7,14,0,21,62,1.6,10,160,0.18,10,1,83.3,0.11,12.7,84.7,10,4,0,"2023-2024"
"OLY","MIL","3_2","Regular Season","Nicolo  Melli",30,3,0,0,NA,1,2,50,0,0,NA,1,3,4,1,0,1,0,0,4,0,2,"H","W",65,27,24,11,16,8,9,14,6,20,26,7,14,0,21,62,65,27,24,11,16,8,9,14,6,20,26,7,14,0,21,62,1.5,1.9,157.9,0.02,52.6,1,75,0,1.7,75,52.63,1.1,8.3,"2023-2024"
"OLY","MIL","3_2","Regular Season","Shavon  Shields",31,12,4,5,80,0,3,0,4,4,100,0,3,3,3,3,2,0,0,3,3,15,"H","W",65,27,24,11,16,8,9,14,6,20,26,7,14,0,21,62,65,27,24,11,16,8,9,14,6,20,26,7,14,0,21,62,1,11.3,106.2,0.13,26.5,1.5,50,0.5,10.8,61.5,17.7,4.3,0,"2023-2024"
"OLY","MIL","3_2","Regular Season","Nikola  Mirotic",30,20,5,9,55.6,3,7,42.9,1,2,50,1,3,4,2,1,3,0,1,1,5,18,"H","W",65,27,24,11,16,8,9,14,6,20,26,7,14,0,21,62,65,27,24,11,16,8,9,14,6,20,26,7,14,0,21,62,1.11,18.1,110.5,0.15,11,0.7,59.4,0.12,12.2,59.2,16.57,7.6,8.3,"2023-2024"
"OLY","MIL","3_2","Regular Season","Johannes  Voigtmann",27,4,2,2,100,0,3,0,0,0,NA,1,3,4,6,1,2,0,0,4,1,7,"H","W",65,27,24,11,16,8,9,14,6,20,26,7,14,0,21,62,65,27,24,11,16,8,9,14,6,20,26,7,14,0,21,62,0.8,5.8,69,0.06,103.4,3,40,0,4.5,40,34.48,3,8.3,"2023-2024"
"OLY","MIL","3_2","Regular Season","Alex  Poythress",9,0,0,0,NA,0,1,0,0,0,NA,1,1,2,0,0,2,0,0,4,0,-5,"H","W",65,27,24,11,16,8,9,14,6,20,26,7,14,0,21,62,65,27,24,11,16,8,9,14,6,20,26,7,14,0,21,62,0,1.9,0,-0.06,0,0,0,0,-3.3,0,105.26,3.8,8.3,"2023-2024"
"OLY","MIL","3_2","Regular Season","Stefano  Tonut",10,0,0,3,0,0,0,NA,0,0,NA,2,1,3,1,1,1,0,1,2,1,-1,"H","W",65,27,24,11,16,8,9,14,6,20,26,7,14,0,21,62,65,27,24,11,16,8,9,14,6,20,26,7,14,0,21,62,0,1.9,0,-0.02,52.6,1,0,0,-0.5,0,52.63,4.6,16.7,"2023-2024"
"OLY","MIL","3_2","Regular Season","Ismael  Kamagate",3,2,1,1,100,0,0,NA,0,0,NA,0,0,0,0,0,0,0,0,1,0,1,"H","W",65,27,24,11,16,8,9,14,6,20,26,7,14,0,21,62,65,27,24,11,16,8,9,14,6,20,26,7,14,0,21,62,2,1,200,0.01,0,NA,100,0,1.3,100,0,3.8,0,"2023-2024"
"OLY","MIL","3_2","Regular Season","Diego  Flaccadori",10,6,0,0,NA,1,2,50,3,4,75,0,1,1,0,1,1,0,0,1,1,5,"H","W",65,27,24,11,16,8,9,14,6,20,26,7,14,0,21,62,65,27,24,11,16,8,9,14,6,20,26,7,14,0,21,62,1,4.6,130.4,0.04,0,0,75,2,4.5,79.8,21.74,5.5,0,"2023-2024"
"OLY","MIL","3_2","Regular Season","Devon  Hall",12,2,1,3,33.3,0,1,0,0,0,NA,0,1,1,0,0,1,0,0,0,2,1,"H","W",65,27,24,11,16,8,9,14,6,20,26,7,14,0,21,62,65,27,24,11,16,8,9,14,6,20,26,7,14,0,21,62,0.5,4.8,41.7,-0.01,0,0,25,0,-1.1,25,20.83,4.8,0,"2023-2024"
"OLY","MIL","3_2","Regular Season","Kyle  Hines",7,0,0,0,NA,0,0,NA,0,0,NA,0,1,1,0,0,0,0,0,1,0,0,"H","W",65,27,24,11,16,8,9,14,6,20,26,7,14,0,21,62,65,27,24,11,16,8,9,14,6,20,26,7,14,0,21,62,NA,0,NA,0,NA,NA,NA,NA,-0.1,NA,NA,0,0,"2023-2024"
"BAR","PAR","3_3","Regular Season","Zach  LeDay",31,12,3,7,42.9,0,2,0,6,6,100,3,2,5,0,1,0,0,0,1,6,17,"H","L",83,50,12,24,27,4,17,11,7,17,24,3,5,2,20,80,83,50,12,24,27,4,17,11,7,17,24,3,5,2,20,80,0.8,8.3,144.6,0.09,0,NA,33.3,0.67,10.2,51.5,0,3.9,21.4,"2023-2024"
"BAR","PAR","3_3","Regular Season","Balsa  Koprivica",10,8,4,4,100,0,0,NA,0,0,NA,1,1,2,0,0,0,1,0,2,0,9,"H","L",83,50,12,24,27,4,17,11,7,17,24,3,5,2,20,80,83,50,12,24,27,4,17,11,7,17,24,3,5,2,20,80,2,2.9,275.9,0.07,0,NA,100,0,7.7,100,0,4.1,7.1,"2023-2024"
"BAR","PAR","3_3","Regular Season","Kevin  Punter",27,11,5,7,71.4,0,1,0,1,3,33.3,0,2,2,2,1,1,0,0,2,5,13,"H","L",83,50,12,24,27,4,17,11,7,17,24,3,5,2,20,80,83,50,12,24,27,4,17,11,7,17,24,3,5,2,20,80,1,9.9,111.1,0.07,20.2,2,62.5,0.38,7.8,59,10.1,3.9,0,"2023-2024"
"BAR","PAR","3_3","Regular Season","James  Nunnally",25,14,2,5,40,2,2,100,4,4,100,0,3,3,2,0,1,0,1,1,2,15,"H","L",83,50,12,24,27,4,17,11,7,17,24,3,5,2,20,80,83,50,12,24,27,4,17,11,7,17,24,3,5,2,20,80,1.27,9.4,148.9,0.13,21.3,2,71.4,0.57,11.6,79.9,10.64,4,0,"2023-2024"
"BAR","PAR","3_3","Regular Season","P.J.  Dozier",22,13,5,7,71.4,1,2,50,0,1,0,0,0,0,5,0,2,1,0,4,1,10,"H","L",83,50,12,24,27,4,17,11,7,17,24,3,5,2,20,80,83,50,12,24,27,4,17,11,7,17,24,3,5,2,20,80,1.3,11,118.2,0.08,45.5,2.5,72.2,0.11,9.3,68.9,18.18,5.4,0,"2023-2024"
"BAR","PAR","3_3","Regular Season","Aleksa  Avramovic",21,11,4,12,33.3,1,3,33.3,0,1,0,1,3,4,2,0,0,0,2,0,4,8,"H","L",83,50,12,24,27,4,17,11,7,17,24,3,5,2,20,80,83,50,12,24,27,4,17,11,7,17,24,3,5,2,20,80,0.69,13.9,79.1,0.05,14.4,Inf,36.7,0.07,5.1,35.6,0,7.6,7.1,"2023-2024"
"BAR","PAR","3_3","Regular Season","Alen  Smailagic",19,9,3,4,75,0,0,NA,3,3,100,0,2,2,0,0,1,0,0,3,2,8,"H","L",83,50,12,24,27,4,17,11,7,17,24,3,5,2,20,80,83,50,12,24,27,4,17,11,7,17,24,3,5,2,20,80,1.29,6.1,147.5,0.05,0,0,75,0.75,5.8,84.6,16.39,3.4,0,"2023-2024"
"BAR","PAR","3_3","Regular Season","Ognjen  Jaramaz",5,0,0,1,0,0,0,NA,0,2,0,0,0,0,0,0,0,0,0,1,1,-3,"H","L",83,50,12,24,27,4,17,11,7,17,24,3,5,2,20,80,83,50,12,24,27,4,17,11,7,17,24,3,5,2,20,80,0,1.8,0,-0.04,0,NA,0,2,-1.9,0,0,3.9,0,"2023-2024"
"BAR","PAR","3_3","Regular Season","Uros  Trifunovic",16,0,0,0,NA,0,1,0,0,0,NA,1,1,2,0,0,0,0,0,2,0,-1,"H","L",83,50,12,24,27,4,17,11,7,17,24,3,5,2,20,80,83,50,12,24,27,4,17,11,7,17,24,3,5,2,20,80,0,0,NA,-0.01,NA,NA,0,0,-0.5,0,NA,0.6,7.1,"2023-2024"
"BAR","PAR","3_3","Regular Season","Danilo  Andjusic",9,0,0,1,0,0,1,0,0,0,NA,0,0,0,0,0,0,0,0,1,0,-3,"H","L",83,50,12,24,27,4,17,11,7,17,24,3,5,2,20,80,83,50,12,24,27,4,17,11,7,17,24,3,5,2,20,80,0,1.9,0,-0.03,0,NA,0,0,-1.8,0,0,2.3,0,"2023-2024"
"BAR","PAR","3_3","Regular Season","Frank  Kaminsky",14,5,1,2,50,0,0,NA,3,4,75,1,3,4,0,1,0,0,0,3,2,7,"H","L",83,50,12,24,27,4,17,11,7,17,24,3,5,2,20,80,83,50,12,24,27,4,17,11,7,17,24,3,5,2,20,80,0.83,2.6,192.3,0.04,0,NA,50,2,5,66.5,0,2.8,7.1,"2023-2024"
"PAR","BAR","3_3","Regular Season","Oscar  da Silva",21,13,3,6,50,1,3,33.3,4,4,100,3,1,4,2,2,0,0,0,3,3,16,"A","W",92,39,32,20,17,13,19,24,16,26,42,4,6,3,23,112,92,39,32,20,17,13,19,24,16,26,42,4,6,3,23,112,1,7.4,175.7,0.07,27,Inf,50,0.44,12.9,60.4,0,4.8,9.4,"2023-2024"
"PAR","BAR","3_3","Regular Season","Jan  Vesely",22,12,4,5,80,0,1,0,4,4,100,0,6,6,3,0,0,1,0,1,3,22,"A","W",92,39,32,20,17,13,19,24,16,26,42,4,6,3,23,112,92,39,32,20,17,13,19,24,16,26,42,4,6,3,23,112,1.2,7.4,162.2,0.11,40.5,Inf,66.7,0.67,13.6,77.3,0,3.3,0,"2023-2024"
"PAR","BAR","3_3","Regular Season","Nikola  Kalinic",21,7,0,5,0,2,6,33.3,1,2,50,0,1,1,5,1,1,0,1,1,3,4,"A","W",92,39,32,20,17,13,19,24,16,26,42,4,6,3,23,112,92,39,32,20,17,13,19,24,16,26,42,4,6,3,23,112,0.54,12.4,56.5,0.01,40.3,5,27.3,0.18,3.1,29.5,8.06,5.7,0,"2023-2024"
"PAR","BAR","3_3","Regular Season","Tomas  Satoransky",25,4,2,2,100,0,1,0,0,0,NA,2,8,10,6,1,0,0,0,3,2,19,"A","W",92,39,32,20,17,13,19,24,16,26,42,4,6,3,23,112,92,39,32,20,17,13,19,24,16,26,42,4,6,3,23,112,1.33,1,400,0.09,600,Inf,66.7,0,10.5,66.7,0,1.1,6.2,"2023-2024"
"PAR","BAR","3_3","Regular Season","Nicolas  Laprovittola",28,20,1,2,50,6,10,60,0,0,NA,2,1,3,6,0,2,0,0,1,1,22,"A","W",92,39,32,20,17,13,19,24,16,26,42,4,6,3,23,112,92,39,32,20,17,13,19,24,16,26,42,4,6,3,23,112,1.67,11.5,173.9,0.12,52.2,3,83.3,0,17.9,83.3,17.39,4.7,6.2,"2023-2024"
"PAR","BAR","3_3","Regular Season","Dario  Brizuela",6,2,1,3,33.3,0,1,0,0,0,NA,0,0,0,0,0,0,0,0,0,1,0,"A","W",92,39,32,20,17,13,19,24,16,26,42,4,6,3,23,112,92,39,32,20,17,13,19,24,16,26,42,4,6,3,23,112,0.5,3.8,52.6,-0.01,0,NA,25,0,-0.4,25,0,6.2,0,"2023-2024"
"PAR","BAR","3_3","Regular Season","Willy  Hernangomez",17,15,4,10,40,1,1,100,4,4,100,3,1,4,0,0,1,0,1,5,2,8,"A","W",92,39,32,20,17,13,19,24,16,26,42,4,6,3,23,112,92,39,32,20,17,13,19,24,16,26,42,4,6,3,23,112,1,10.3,145.6,0.03,0,0,50,0.36,8.7,58.8,9.71,7.5,9.4,"2023-2024"
"PAR","BAR","3_3","Regular Season","Alejandro  Abrines",19,5,1,1,100,1,3,33.3,0,0,NA,0,1,1,0,0,0,1,0,3,1,3,"A","W",92,39,32,20,17,13,19,24,16,26,42,4,6,3,23,112,92,39,32,20,17,13,19,24,16,26,42,4,6,3,23,112,1.25,3.8,131.6,0.01,0,NA,62.5,0,2.8,62.5,0,2,0,"2023-2024"
"PAR","BAR","3_3","Regular Season","Jabari  Parker",19,9,1,4,25,1,4,25,4,4,100,6,5,11,0,0,0,1,0,3,3,15,"A","W",92,39,32,20,17,13,19,24,16,26,42,4,6,3,23,112,92,39,32,20,17,13,19,24,16,26,42,4,6,3,23,112,0.75,3.6,250,0.05,0,NA,31.2,0.5,9.4,46.1,0,4.8,18.8,"2023-2024"
"PAR","BAR","3_3","Regular Season","James  Nnaji",0,0,0,0,NA,0,0,NA,0,0,NA,0,0,0,0,0,0,0,0,0,0,0,"A","W",92,39,32,20,17,13,19,24,16,26,42,4,6,3,23,112,92,39,32,20,17,13,19,24,16,26,42,4,6,3,23,112,NA,0,NA,0,NA,NA,NA,NA,0,NA,NA,NA,0,"2023-2024"
"PAR","BAR","3_3","Regular Season","Rokas  Jokubaitis",16,5,0,1,0,1,1,100,2,2,100,0,1,1,2,0,2,0,0,2,1,4,"A","W",92,39,32,20,17,13,19,24,16,26,42,4,6,3,23,112,92,39,32,20,17,13,19,24,16,26,42,4,6,3,23,112,1.25,4.7,106.4,0.02,42.6,1,75,1,2.9,86.8,42.55,2.8,0,"2023-2024"
"PAR","BAR","3_3","Regular Season","Joel  Parra",5,0,0,0,NA,0,1,0,0,0,NA,0,1,1,0,0,0,0,0,1,0,-1,"A","W",92,39,32,20,17,13,19,24,16,26,42,4,6,3,23,112,92,39,32,20,17,13,19,24,16,26,42,4,6,3,23,112,0,1,0,-0.01,0,NA,0,0,-0.8,0,0,1.9,0,"2023-2024"
"RMB","ZAL","3_4","Regular Season","Keenan  Evans",23,8,2,7,28.6,1,2,50,1,1,100,2,3,5,3,1,0,0,1,2,4,12,"A","L",79,48,24,8,21,10,7,14,11,21,32,5,9,1,19,73,79,48,24,8,21,10,7,14,11,21,32,5,9,1,19,73,0.8,7.1,112.7,0.07,42.3,Inf,38.9,0.11,7.5,42.4,0,3.9,9.1,"2023-2024"
"RMB","ZAL","3_4","Regular Season","Kevarrius  Hayes",19,4,2,7,28.6,0,0,NA,0,0,NA,2,2,4,0,0,1,0,3,1,2,0,"A","L",79,48,24,8,21,10,7,14,11,21,32,5,9,1,19,73,79,48,24,8,21,10,7,14,11,21,32,5,9,1,19,73,0.57,5.8,69,0,0,0,28.6,0,0.5,28.6,17.24,4,9.1,"2023-2024"
"RMB","ZAL","3_4","Regular Season","Dovydas  Giedraitis",21,10,1,3,33.3,2,3,66.7,2,2,100,2,1,3,0,1,0,0,0,4,2,9,"A","L",79,48,24,8,21,10,7,14,11,21,32,5,9,1,19,73,79,48,24,8,21,10,7,14,11,21,32,5,9,1,19,73,1.25,4.7,212.8,0.05,0,NA,66.7,0.33,8.1,72.7,0,3.1,9.1,"2023-2024"
"RMB","ZAL","3_4","Regular Season","Rolands  Smits",24,12,4,6,66.7,1,3,33.3,1,1,100,0,3,3,0,1,2,1,0,1,4,14,"A","L",79,48,24,8,21,10,7,14,11,21,32,5,9,1,19,73,79,48,24,8,21,10,7,14,11,21,32,5,9,1,19,73,1.2,11,109.1,0.09,0,0,61.1,0.11,7.9,63.6,18.18,4.5,0,"2023-2024"
"RMB","ZAL","3_4","Regular Season","Edgaras  Ulanovas",28,5,2,5,40,0,2,0,1,2,50,2,4,6,3,0,1,0,0,2,2,7,"A","L",79,48,24,8,21,10,7,14,11,21,32,5,9,1,19,73,79,48,24,8,21,10,7,14,11,21,32,5,9,1,19,73,0.56,6.6,75.8,0.04,45.5,3,28.6,0.29,3.4,31.7,15.15,3,9.1,"2023-2024"
"RMB","ZAL","3_4","Regular Season","Naz  Mitrou-Long",20,11,4,10,40,1,3,33.3,0,0,NA,1,1,2,2,0,2,0,2,2,1,2,"A","L",79,48,24,8,21,10,7,14,11,21,32,5,9,1,19,73,79,48,24,8,21,10,7,14,11,21,32,5,9,1,19,73,0.85,13.4,82.1,0.02,14.9,1,42.3,0,3.5,42.3,14.93,7.1,4.5,"2023-2024"
"RMB","ZAL","3_4","Regular Season","Lukas  Lekavicius",17,10,1,2,50,2,2,100,2,2,100,0,1,1,3,0,2,0,0,3,2,10,"A","L",79,48,24,8,21,10,7,14,11,21,32,5,9,1,19,73,79,48,24,8,21,10,7,14,11,21,32,5,9,1,19,73,1.67,6.6,151.5,0.07,45.5,1.5,100,0.5,7.6,102.5,30.3,3.8,0,"2023-2024"
"RMB","ZAL","3_4","Regular Season","Laurynas  Birutis",13,6,3,6,50,0,0,NA,0,0,NA,2,1,3,2,1,0,0,0,3,0,6,"A","L",79,48,24,8,21,10,7,14,11,21,32,5,9,1,19,73,79,48,24,8,21,10,7,14,11,21,32,5,9,1,19,73,1,3.8,157.9,0.05,52.6,Inf,50,0,5.9,50,0,4.4,9.1,"2023-2024"
"RMB","ZAL","3_4","Regular Season","Tomas  Dimsa",10,2,1,1,100,0,1,0,0,0,NA,0,1,1,1,1,1,0,0,1,0,2,"A","L",79,48,24,8,21,10,7,14,11,21,32,5,9,1,19,73,79,48,24,8,21,10,7,14,11,21,32,5,9,1,19,73,1,2.9,69,0.02,34.5,1,50,0,1.6,50,34.48,2.8,0,"2023-2024"
"RMB","ZAL","3_4","Regular Season","Danielius  Lavrinovicius",5,0,0,0,NA,0,2,0,0,0,NA,0,1,1,0,0,0,0,0,0,0,-1,"A","L",79,48,24,8,21,10,7,14,11,21,32,5,9,1,19,73,79,48,24,8,21,10,7,14,11,21,32,5,9,1,19,73,0,1.9,0,-0.01,0,NA,0,0,-1.1,0,0,3.8,0,"2023-2024"
"RMB","ZAL","3_4","Regular Season","Brady   Manek",19,11,1,1,100,3,6,50,0,0,NA,0,3,3,0,0,0,0,0,0,1,12,"A","L",79,48,24,8,21,10,7,14,11,21,32,5,9,1,19,73,79,48,24,8,21,10,7,14,11,21,32,5,9,1,19,73,1.57,6.7,164.2,0.1,0,NA,78.6,0,8.6,78.6,0,3.5,0,"2023-2024"
"ZAL","RMB","3_4","Regular Season","Facundo  Campazzo",23,18,3,4,75,3,5,60,3,4,75,1,3,4,9,2,3,0,0,1,3,28,"H","W",93,34,25,19,22,12,13,26,5,27,32,7,13,6,18,120,93,34,25,19,22,12,13,26,5,27,32,7,13,6,18,120,1.38,12.2,147.5,0.13,73.8,3,83.3,0.44,20.2,83.6,24.59,6,10,"2023-2024"
"ZAL","RMB","3_4","Regular Season","Gabriel  Deck",23,19,7,9,77.8,1,1,100,2,3,66.7,0,0,0,0,0,0,0,1,1,3,17,"H","W",93,34,25,19,22,12,13,26,5,27,32,7,13,6,18,120,93,34,25,19,22,12,13,26,5,27,32,7,13,6,18,120,1.46,10.9,174.3,0.08,0,NA,85,0.3,14.4,83.9,0,4.9,0,"2023-2024"
"ZAL","RMB","3_4","Regular Season","Walter  Tavares",19,4,1,5,20,0,0,NA,2,2,100,3,2,5,0,1,3,3,0,3,3,6,"H","W",93,34,25,19,22,12,13,26,5,27,32,7,13,6,18,120,93,34,25,19,22,12,13,26,5,27,32,7,13,6,18,120,0.57,5.6,71.4,0,0,0,20,0.4,2.5,34,53.57,4.7,30,"2023-2024"
"ZAL","RMB","3_4","Regular Season","Guerschon  Yabusele",24,5,1,1,100,1,5,20,0,0,NA,0,4,4,0,0,1,0,0,4,3,3,"H","W",93,34,25,19,22,12,13,26,5,27,32,7,13,6,18,120,93,34,25,19,22,12,13,26,5,27,32,7,13,6,18,120,0.83,6.7,74.6,0,0,0,41.7,0,0.2,41.7,14.93,2.9,0,"2023-2024"
"ZAL","RMB","3_4","Regular Season","Dzanan  Musa",13,4,1,2,50,0,1,0,2,2,100,0,1,1,2,0,0,0,0,0,1,6,"H","W",93,34,25,19,22,12,13,26,5,27,32,7,13,6,18,120,93,34,25,19,22,12,13,26,5,27,32,7,13,6,18,120,0.8,3.7,108.1,0.03,54.1,Inf,33.3,0.67,4,51.5,0,3,0,"2023-2024"
"ZAL","RMB","3_4","Regular Season","Fabien  Causeur",10,3,0,1,0,1,3,33.3,0,0,NA,0,0,0,0,1,0,0,0,1,0,0,"H","W",93,34,25,19,22,12,13,26,5,27,32,7,13,6,18,120,93,34,25,19,22,12,13,26,5,27,32,7,13,6,18,120,0.75,3.8,78.9,0,0,NA,37.5,0,1.2,37.5,0,4,0,"2023-2024"
"ZAL","RMB","3_4","Regular Season","Rudy  Fernandez",22,9,0,0,NA,3,3,100,0,0,NA,0,6,6,4,1,0,0,0,3,1,18,"H","W",93,34,25,19,22,12,13,26,5,27,32,7,13,6,18,120,93,34,25,19,22,12,13,26,5,27,32,7,13,6,18,120,3,2.9,310.3,0.09,137.9,Inf,150,0,12.5,150,0,1.4,0,"2023-2024"
"ZAL","RMB","3_4","Regular Season","Mario  Hezonja",8,5,1,1,100,1,3,33.3,0,0,NA,0,1,1,1,0,0,0,0,0,0,5,"H","W",93,34,25,19,22,12,13,26,5,27,32,7,13,6,18,120,93,34,25,19,22,12,13,26,5,27,32,7,13,6,18,120,1.25,3.8,131.6,0.03,26.3,Inf,62.5,0,4,62.5,0,5,0,"2023-2024"
"ZAL","RMB","3_4","Regular Season","Sergio  Rodriguez",17,3,0,0,NA,1,1,100,0,0,NA,0,1,1,6,1,4,0,0,3,1,5,"H","W",93,34,25,19,22,12,13,26,5,27,32,7,13,6,18,120,93,34,25,19,22,12,13,26,5,27,32,7,13,6,18,120,3,4.8,62.5,0.02,125,1.5,150,0,3,150,83.33,2.9,0,"2023-2024"
"ZAL","RMB","3_4","Regular Season","Vincent  Poirier",21,18,7,8,87.5,0,0,NA,4,6,66.7,1,6,7,1,1,1,3,0,0,3,29,"H","W",93,34,25,19,22,12,13,26,5,27,32,7,13,6,18,120,93,34,25,19,22,12,13,26,5,27,32,7,13,6,18,120,1.29,10.2,176.5,0.12,9.8,1,87.5,0.75,19.7,84.6,9.8,5.5,10,"2023-2024"
"ZAL","RMB","3_4","Regular Season","Sergio  Llull",20,5,1,3,33.3,1,3,33.3,0,2,0,0,3,3,3,0,1,0,0,2,1,3,"H","W",93,34,25,19,22,12,13,26,5,27,32,7,13,6,18,120,93,34,25,19,22,12,13,26,5,27,32,7,13,6,18,120,0.62,7.6,65.8,0.01,39.5,3,41.7,0.33,2,36.3,13.16,3.9,0,"2023-2024"
"FEN","PAN","3_5","Regular Season","Kostas  Sloukas",22,4,2,2,100,0,1,0,0,0,NA,0,1,1,2,1,4,0,0,0,1,4,"A","L",69,32,23,19,19,7,10,11,8,16,24,5,12,1,17,64,69,32,23,19,19,7,10,11,8,16,24,5,12,1,17,64,1.33,6.7,59.7,0.04,29.9,0.5,66.7,0,1.4,66.7,59.7,3.4,0,"2023-2024"
"FEN","PAN","3_5","Regular Season","Jerian  Grant",26,6,3,7,42.9,0,2,0,0,0,NA,0,2,2,3,1,1,0,0,4,0,1,"A","L",69,32,23,19,19,7,10,11,8,16,24,5,12,1,17,64,69,32,23,19,19,7,10,11,8,16,24,5,12,1,17,64,0.67,9.6,62.5,0.01,31.2,3,33.3,0,2,33.3,10.42,4.1,0,"2023-2024"
"FEN","PAN","3_5","Regular Season","Mathias  Lessort",27,19,7,7,100,0,0,NA,5,11,45.5,2,2,4,0,2,3,1,0,3,11,25,"A","L",69,32,23,19,19,7,10,11,8,16,24,5,12,1,17,64,69,32,23,19,19,7,10,11,8,16,24,5,12,1,17,64,1.06,12.3,154.5,0.16,0,0,100,1.57,15,80.2,24.39,5.8,12.5,"2023-2024"
"FEN","PAN","3_5","Regular Season","Marius  Grigonis",22,5,1,1,100,0,2,0,3,4,75,0,1,1,1,0,1,0,0,3,5,5,"A","L",69,32,23,19,19,7,10,11,8,16,24,5,12,1,17,64,69,32,23,19,19,7,10,11,8,16,24,5,12,1,17,64,0.71,5.5,90.9,0,18.2,1,33.3,1.33,1.7,52.5,18.18,2.8,0,"2023-2024"
"FEN","PAN","3_5","Regular Season","Juan  Hernangomez",21,0,0,2,0,0,1,0,0,2,0,3,3,6,0,0,1,0,0,0,1,1,"A","L",69,32,23,19,19,7,10,11,8,16,24,5,12,1,17,64,69,32,23,19,19,7,10,11,8,16,24,5,12,1,17,64,0,1.8,0,-0.02,0,0,0,0.67,-0.9,0,55.56,2.5,18.8,"2023-2024"
"FEN","PAN","3_5","Regular Season","Panagiotis  Kalaitzakis",11,2,1,1,100,0,3,0,0,0,NA,0,0,0,0,0,0,0,0,0,0,-1,"A","L",69,32,23,19,19,7,10,11,8,16,24,5,12,1,17,64,69,32,23,19,19,7,10,11,8,16,24,5,12,1,17,64,0.5,3.8,52.6,-0.01,0,NA,25,0,-0.4,25,0,3.9,0,"2023-2024"
"FEN","PAN","3_5","Regular Season","Luca  Vildoza",19,10,2,7,28.6,2,5,40,0,0,NA,3,1,4,2,0,0,0,1,1,2,8,"A","L",69,32,23,19,19,7,10,11,8,16,24,5,12,1,17,64,69,32,23,19,19,7,10,11,8,16,24,5,12,1,17,64,0.83,8.6,116.3,0.07,23.3,Inf,41.7,0,6.6,41.7,0,6.7,18.8,"2023-2024"
"FEN","PAN","3_5","Regular Season","Kyle  Guy",19,13,2,3,66.7,3,7,42.9,0,0,NA,0,3,3,1,0,1,0,0,1,0,10,"A","L",69,32,23,19,19,7,10,11,8,16,24,5,12,1,17,64,69,32,23,19,19,7,10,11,8,16,24,5,12,1,17,64,1.3,10.6,122.6,0.13,9.4,1,65,0,8.2,65,9.43,6.1,0,"2023-2024"
"FEN","PAN","3_5","Regular Season","Aleksander  Balcerowski",4,0,0,0,NA,0,0,NA,0,0,NA,0,2,2,2,0,0,0,0,2,0,2,"A","L",69,32,23,19,19,7,10,11,8,16,24,5,12,1,17,64,69,32,23,19,19,7,10,11,8,16,24,5,12,1,17,64,NA,0,NA,0.03,Inf,Inf,NA,NA,1.2,NA,NA,0,0,"2023-2024"
"FEN","PAN","3_5","Regular Season","Kostas  Antetokounmpo",9,4,1,2,50,0,0,NA,2,2,100,0,1,1,0,0,1,0,0,2,2,3,"A","L",69,32,23,19,19,7,10,11,8,16,24,5,12,1,17,64,69,32,23,19,19,7,10,11,8,16,24,5,12,1,17,64,1,3.7,108.1,0.01,0,0,50,1,1.5,69.4,27.03,4.6,0,"2023-2024"
"FEN","PAN","3_5","Regular Season","Eleftherios  Mantzoukas",19,6,0,0,NA,2,2,100,0,0,NA,0,0,0,0,1,0,0,0,1,0,6,"A","L",69,32,23,19,19,7,10,11,8,16,24,5,12,1,17,64,69,32,23,19,19,7,10,11,8,16,24,5,12,1,17,64,3,1.9,315.8,0.08,0,NA,150,0,6,150,0,1.1,0,"2023-2024"
"PAN","FEN","3_5","Regular Season","Johnathan  Motley",19,14,6,10,60,0,0,NA,2,2,100,2,4,6,2,0,2,0,1,5,2,12,"H","W",83,31,30,12,18,12,11,20,9,21,30,6,12,1,22,90,83,31,30,12,18,12,11,20,9,21,30,6,12,1,22,90,1.17,10.4,134.6,0.07,19.2,1,60,0.2,9.4,64.3,19.23,6.9,11.1,"2023-2024"
"PAN","FEN","3_5","Regular Season","Nigel  Hayes-Davis",27,7,1,1,100,1,7,14.3,2,2,100,0,2,2,1,1,1,0,0,3,2,3,"H","W",83,31,30,12,18,12,11,20,9,21,30,6,12,1,22,90,83,31,30,12,18,12,11,20,9,21,30,6,12,1,22,90,0.7,9.5,73.7,0.01,10.5,1,31.2,0.25,2.3,39.4,10.53,3.7,0,"2023-2024"
"PAN","FEN","3_5","Regular Season","Dyshawn  Pierre",29,4,2,5,40,0,1,0,0,0,NA,3,7,10,3,0,1,0,0,2,2,12,"H","W",83,31,30,12,18,12,11,20,9,21,30,6,12,1,22,90,83,31,30,12,18,12,11,20,9,21,30,6,12,1,22,90,0.67,3.8,105.3,0.06,78.9,3,33.3,0,5.1,33.3,26.32,2.5,16.7,"2023-2024"
"PAN","FEN","3_5","Regular Season","Marko  Guduric",23,12,2,2,100,2,2,100,2,2,100,0,2,2,5,3,1,0,0,2,3,22,"H","W",83,31,30,12,18,12,11,20,9,21,30,6,12,1,22,90,83,31,30,12,18,12,11,20,9,21,30,6,12,1,22,90,2,5.6,214.3,0.14,89.3,5,125,0.5,16.1,123,17.86,2.6,0,"2023-2024"
"PAN","FEN","3_5","Regular Season","Nick  Calathes",29,12,3,4,75,2,3,66.7,0,0,NA,1,3,4,5,1,1,0,0,2,2,19,"H","W",83,31,30,12,18,12,11,20,9,21,30,6,12,1,22,90,83,31,30,12,18,12,11,20,9,21,30,6,12,1,22,90,1.71,6.7,179.1,0.12,74.6,5,85.7,0,13.4,85.7,14.93,2.8,5.6,"2023-2024"
"PAN","FEN","3_5","Regular Season","Scottie  Wilbekin",20,7,0,1,0,2,9,22.2,1,2,50,0,1,1,0,0,2,0,0,1,4,0,"H","W",83,31,30,12,18,12,11,20,9,21,30,6,12,1,22,90,83,31,30,12,18,12,11,20,9,21,30,6,12,1,22,90,0.58,12.4,56.5,-0.03,0,0,30,0.2,-1.7,32.2,16.13,6.6,0,"2023-2024"
"PAN","FEN","3_5","Regular Season","Georgios  Papagiannis",21,15,2,6,33.3,3,4,75,2,2,100,0,1,1,0,1,3,1,0,3,1,8,"H","W",83,31,30,12,18,12,11,20,9,21,30,6,12,1,22,90,83,31,30,12,18,12,11,20,9,21,30,6,12,1,22,90,1.25,13.3,112.8,0.05,0,0,65,0.2,7.8,68.9,22.56,6.8,0,"2023-2024"
"PAN","FEN","3_5","Regular Season","Tarik  Biberovic",12,6,0,0,NA,2,3,66.7,0,0,NA,1,0,1,1,0,0,0,0,2,0,5,"H","W",83,31,30,12,18,12,11,20,9,21,30,6,12,1,22,90,83,31,30,12,18,12,11,20,9,21,30,6,12,1,22,90,2,1.9,315.8,0.03,52.6,Inf,100,0,5.3,100,0,2.6,5.6,"2023-2024"
"PAN","FEN","3_5","Regular Season","Yam  Madar",14,6,2,2,100,0,1,0,2,2,100,2,1,3,3,0,1,0,0,2,1,9,"H","W",83,31,30,12,18,12,11,20,9,21,30,6,12,1,22,90,83,31,30,12,18,12,11,20,9,21,30,6,12,1,22,90,1.2,2.8,214.3,0.05,107.1,3,66.7,0.67,6.7,77.3,35.71,3.6,11.1,"2023-2024"
"PAN","FEN","3_5","Regular Season","Nathan  Sestina",4,0,0,0,NA,0,0,NA,0,0,NA,0,0,0,0,0,0,0,0,0,0,0,"H","W",83,31,30,12,18,12,11,20,9,21,30,6,12,1,22,90,83,31,30,12,18,12,11,20,9,21,30,6,12,1,22,90,NA,0,NA,0,NA,NA,NA,NA,0,NA,NA,0,0,"2023-2024"
"BAS","BAY","3_6","Regular Season","Carsen  Edwards",19,14,3,5,60,2,6,33.3,2,2,100,1,2,3,3,1,1,0,0,1,6,19,"A","W",76,30,34,15,20,8,12,17,11,28,39,7,13,5,18,92,76,30,34,15,20,8,12,17,11,28,39,7,13,5,18,92,1.08,11.4,122.8,0.09,26.3,3,54.5,0.18,11.3,58.9,8.77,6.5,4.5,"2023-2024"
"BAS","BAY","3_6","Regular Season","Isaac  Bonga",13,2,1,1,100,0,0,NA,0,0,NA,0,2,2,0,0,0,0,0,3,0,1,"A","W",76,30,34,15,20,8,12,17,11,28,39,7,13,5,18,92,76,30,34,15,20,8,12,17,11,28,39,7,13,5,18,92,2,1,200,0.01,0,NA,100,0,1.1,100,0,0.7,0,"2023-2024"
"BAS","BAY","3_6","Regular Season","Leandro  Bolmaro",16,6,2,4,50,0,0,NA,2,2,100,0,2,2,2,2,1,1,0,2,3,11,"A","W",76,30,34,15,20,8,12,17,11,28,39,7,13,5,18,92,76,30,34,15,20,8,12,17,11,28,39,7,13,5,18,92,1,5.6,107.1,0.06,35.7,2,50,0.5,6.9,61.5,17.86,3.5,0,"2023-2024"
"BAS","BAY","3_6","Regular Season","Devin   Booker",28,8,1,2,50,2,6,33.3,0,0,NA,1,3,4,3,0,2,2,0,1,0,9,"A","W",76,30,34,15,20,8,12,17,11,28,39,7,13,5,18,92,76,30,34,15,20,8,12,17,11,28,39,7,13,5,18,92,1,8.6,93,0.06,34.9,1.5,50,0,6.3,50,23.26,3.4,4.5,"2023-2024"
"BAS","BAY","3_6","Regular Season","Freddie  Gillespie",13,8,3,5,60,0,0,NA,2,2,100,1,2,3,0,0,3,0,1,4,1,2,"A","W",76,30,34,15,20,8,12,17,11,28,39,7,13,5,18,92,76,30,34,15,20,8,12,17,11,28,39,7,13,5,18,92,1.14,7.6,105.3,0.01,0,0,60,0.4,2.4,68,39.47,6.5,4.5,"2023-2024"
"BAS","BAY","3_6","Regular Season","Nick  Weiler-Babb",27,4,2,3,66.7,0,5,0,0,1,0,4,7,11,4,1,1,2,0,0,2,16,"A","W",76,30,34,15,20,8,12,17,11,28,39,7,13,5,18,92,76,30,34,15,20,8,12,17,11,28,39,7,13,5,18,92,0.44,5.2,76.9,0.08,76.9,4,25,0.12,7.9,23.7,19.23,3.3,18.2,"2023-2024"
"BAS","BAY","3_6","Regular Season","Sylvain  Francisco",23,12,3,5,60,1,6,16.7,3,4,75,2,1,3,4,1,4,0,1,1,4,10,"A","W",76,30,34,15,20,8,12,17,11,28,39,7,13,5,18,92,76,30,34,15,20,8,12,17,11,28,39,7,13,5,18,92,0.8,14.2,84.5,0.05,28.2,1,40.9,0.36,6.6,47,28.17,7,9.1,"2023-2024"
"BAS","BAY","3_6","Regular Season","Nelson  Weidemann",0,0,0,0,NA,0,0,NA,0,0,NA,0,0,0,0,0,0,0,0,0,0,0,"A","W",76,30,34,15,20,8,12,17,11,28,39,7,13,5,18,92,76,30,34,15,20,8,12,17,11,28,39,7,13,5,18,92,NA,0,NA,0,NA,NA,NA,NA,0,NA,NA,NA,0,"2023-2024"
"BAS","BAY","3_6","Regular Season","Niels  Giffey",22,11,2,2,100,2,3,66.7,1,2,50,1,2,3,1,1,0,0,0,2,2,14,"A","W",76,30,34,15,20,8,12,17,11,28,39,7,13,5,18,92,76,30,34,15,20,8,12,17,11,28,39,7,13,5,18,92,1.57,4.7,234,0.09,21.3,Inf,100,0.4,10.9,93.5,0,2.6,4.5,"2023-2024"
"BAS","BAY","3_6","Regular Season","Andreas  Obst",21,3,0,0,NA,1,8,12.5,0,0,NA,0,4,4,0,1,0,0,0,1,0,0,"A","W",76,30,34,15,20,8,12,17,11,28,39,7,13,5,18,92,76,30,34,15,20,8,12,17,11,28,39,7,13,5,18,92,0.38,7.7,39,0,0,NA,18.8,0,-0.4,18.8,0,3.6,0,"2023-2024"
"BAS","BAY","3_6","Regular Season","Jan Niklas  Wimberg",4,0,0,0,NA,0,0,NA,0,0,NA,0,0,0,0,0,0,0,0,0,0,0,"A","W",76,30,34,15,20,8,12,17,11,28,39,7,13,5,18,92,76,30,34,15,20,8,12,17,11,28,39,7,13,5,18,92,NA,0,NA,0,NA,NA,NA,NA,0,NA,NA,0,0,"2023-2024"
"BAS","BAY","3_6","Regular Season","Danko   Brankovic",12,8,3,3,100,0,0,NA,2,2,100,1,3,4,0,0,1,0,0,3,2,10,"A","W",76,30,34,15,20,8,12,17,11,28,39,7,13,5,18,92,76,30,34,15,20,8,12,17,11,28,39,7,13,5,18,92,1.6,3.7,216.2,0.06,0,0,100,0.67,6.5,103.1,27.03,3.9,4.5,"2023-2024"
"BAY","BAS","3_6","Regular Season","Markus  Howard",20,4,1,2,50,0,4,0,2,3,66.7,0,1,1,3,0,1,0,1,1,3,2,"H","L",68,37,27,17,15,9,11,15,6,19,25,7,12,2,20,52,68,37,27,17,15,9,11,15,6,19,25,7,12,2,20,52,0.44,8,50,0,37.5,3,16.7,0.5,0.8,27.3,12.5,4,0,"2023-2024"
"BAY","BAS","3_6","Regular Season","Tadas  Sedekerskis",29,10,3,6,50,1,1,100,1,2,50,3,5,8,1,1,2,0,1,2,3,14,"H","L",68,37,27,17,15,9,11,15,6,19,25,7,12,2,20,52,68,37,27,17,15,9,11,15,6,19,25,7,12,2,20,52,1.11,6.6,151.5,0.15,15.2,0.5,64.3,0.29,8.8,63.5,30.3,3.3,25,"2023-2024"
"BAY","BAS","3_6","Regular Season","Codi  Miller-McIntyre",22,5,1,4,25,1,5,20,0,0,NA,0,2,2,4,3,1,0,2,4,1,1,"H","L",68,37,27,17,15,9,11,15,6,19,25,7,12,2,20,52,68,37,27,17,15,9,11,15,6,19,25,7,12,2,20,52,0.56,9.6,52.1,0.03,41.7,4,27.8,0,3.3,27.8,10.42,4.4,0,"2023-2024"
"BAY","BAS","3_6","Regular Season","Maik  Kotsar",22,6,3,6,50,0,0,NA,0,1,0,0,0,0,1,2,2,0,0,1,2,4,"H","L",68,37,27,17,15,9,11,15,6,19,25,7,12,2,20,52,68,37,27,17,15,9,11,15,6,19,25,7,12,2,20,52,0.86,8.1,74.1,0.03,12.3,0.5,50,0.17,2.9,46.6,24.69,3.7,0,"2023-2024"
"BAY","BAS","3_6","Regular Season","Matthew  Costello",21,8,1,2,50,2,4,50,0,0,NA,1,3,4,1,0,0,1,1,1,1,10,"H","L",68,37,27,17,15,9,11,15,6,19,25,7,12,2,20,52,68,37,27,17,15,9,11,15,6,19,25,7,12,2,20,52,1.33,4.8,166.7,0.13,20.8,Inf,66.7,0,7.6,66.7,0,2.7,8.3,"2023-2024"
"BAY","BAS","3_6","Regular Season","Nico  Mannion",18,5,1,2,50,1,3,33.3,0,0,NA,0,1,1,3,0,4,0,0,5,0,-3,"H","L",68,37,27,17,15,9,11,15,6,19,25,7,12,2,20,52,68,37,27,17,15,9,11,15,6,19,25,7,12,2,20,52,1,8.6,58.1,-0.04,34.9,0.8,50,0,-1.3,50,46.51,4.8,0,"2023-2024"
"BAY","BAS","3_6","Regular Season","Sander  Raieste",0,0,0,0,NA,0,1,0,0,0,NA,0,0,0,0,0,0,0,0,0,0,-1,"H","L",68,37,27,17,15,9,11,15,6,19,25,7,12,2,20,52,68,37,27,17,15,9,11,15,6,19,25,7,12,2,20,52,0,1,0,-0.01,0,NA,0,0,-0.7,0,0,Inf,0,"2023-2024"
"BAY","BAS","3_6","Regular Season","Vanja  Marinkovic",23,13,1,5,20,3,8,37.5,2,2,100,0,1,1,0,0,1,0,0,4,1,1,"H","L",68,37,27,17,15,9,11,15,6,19,25,7,12,2,20,52,68,37,27,17,15,9,11,15,6,19,25,7,12,2,20,52,0.87,14.3,90.9,0,0,0,42.3,0.15,3.2,46.8,6.99,6.2,0,"2023-2024"
"BAY","BAS","3_6","Regular Season","Nikos  Rogkavopoulos",7,0,0,1,0,0,0,NA,0,0,NA,0,0,0,1,1,0,0,0,0,0,1,"H","L",68,37,27,17,15,9,11,15,6,19,25,7,12,2,20,52,68,37,27,17,15,9,11,15,6,19,25,7,12,2,20,52,0,1,0,0.01,100,Inf,0,0,1,0,0,1.4,0,"2023-2024"
"BAY","BAS","3_6","Regular Season","Khalifa  Diop",17,7,2,5,40,0,0,NA,3,5,60,1,3,4,0,0,0,1,0,1,5,11,"H","L",68,37,27,17,15,9,11,15,6,19,25,7,12,2,20,52,68,37,27,17,15,9,11,15,6,19,25,7,12,2,20,52,0.7,6,116.7,0.07,0,NA,40,1,5.4,48.6,0,4.1,8.3,"2023-2024"
"BAY","BAS","3_6","Regular Season","Chima  Moneke",18,10,2,4,50,1,1,100,3,4,75,1,3,4,1,0,1,0,0,1,2,12,"H","L",68,37,27,17,15,9,11,15,6,19,25,7,12,2,20,52,68,37,27,17,15,9,11,15,6,19,25,7,12,2,20,52,1.11,6.5,153.8,0.14,15.4,1,70,0.8,8.2,74,15.38,4.1,8.3,"2023-2024"
"MAC","VAL","3_7","Regular Season","Josep  Puerto",21,7,2,4,50,0,0,NA,3,3,100,1,0,1,1,0,1,0,2,1,1,4,"H","W",75,41,16,17,20,7,14,20,8,24,32,8,15,3,19,87,75,41,16,17,20,7,14,20,8,24,32,8,15,3,19,87,1,5.1,137.3,0.03,19.6,1,50,0.75,5,65.8,19.61,3,6.2,"2023-2024"
"MAC","VAL","3_7","Regular Season","Chris  Jones",25,8,1,6,16.7,2,4,50,0,0,NA,0,3,3,5,3,1,0,0,3,1,9,"H","W",75,41,16,17,20,7,14,20,8,24,32,8,15,3,19,87,75,41,16,17,20,7,14,20,8,24,32,8,15,3,19,87,0.8,10.6,75.5,0.06,47.2,5,40,0,7.4,40,9.43,4.4,0,"2023-2024"
"MAC","VAL","3_7","Regular Season","Damien  Inglis",20,11,3,6,50,0,0,NA,5,6,83.3,2,2,4,2,0,2,0,0,2,5,14,"H","W",75,41,16,17,20,7,14,20,8,24,32,8,15,3,19,87,75,41,16,17,20,7,14,20,8,24,32,8,15,3,19,87,0.92,8.3,132.5,0.06,24.1,1,50,1,8.2,63.7,24.1,5.4,12.5,"2023-2024"
"MAC","VAL","3_7","Regular Season","Kassius  Robertson",24,3,0,0,NA,1,5,20,0,0,NA,0,2,2,0,0,1,0,0,2,0,-2,"H","W",75,41,16,17,20,7,14,20,8,24,32,8,15,3,19,87,75,41,16,17,20,7,14,20,8,24,32,8,15,3,19,87,0.6,5.8,51.7,-0.02,0,0,30,0,-1.3,30,17.24,2.5,0,"2023-2024"
"MAC","VAL","3_7","Regular Season","Brandon  Davies",18,10,3,7,42.9,0,0,NA,4,4,100,0,3,3,2,1,3,1,0,3,3,10,"H","W",75,41,16,17,20,7,14,20,8,24,32,8,15,3,19,87,75,41,16,17,20,7,14,20,8,24,32,8,15,3,19,87,0.91,11.3,88.5,0.05,17.7,0.7,42.9,0.57,6.1,57.1,26.55,6.6,0,"2023-2024"
"MAC","VAL","3_7","Regular Season","Victor  Claver",23,10,2,2,100,2,3,66.7,0,0,NA,1,6,7,0,1,2,0,0,1,2,16,"H","W",75,41,16,17,20,7,14,20,8,24,32,8,15,3,19,87,75,41,16,17,20,7,14,20,8,24,32,8,15,3,19,87,2,5.8,172.4,0.1,0,0,100,0,9.2,100,34.48,3.1,6.2,"2023-2024"
"MAC","VAL","3_7","Regular Season","Nate  Reuvers",15,6,1,4,25,1,2,50,1,2,50,0,3,3,2,0,0,2,0,1,2,9,"H","W",75,41,16,17,20,7,14,20,8,24,32,8,15,3,19,87,75,41,16,17,20,7,14,20,8,24,32,8,15,3,19,87,0.75,6.6,90.9,0.05,30.3,Inf,41.7,0.33,5.5,43.6,0,4.6,0,"2023-2024"
"MAC","VAL","3_7","Regular Season","Jaime  Pradilla",15,6,3,4,75,0,0,NA,0,0,NA,1,2,3,1,0,1,0,0,1,3,10,"H","W",75,41,16,17,20,7,14,20,8,24,32,8,15,3,19,87,75,41,16,17,20,7,14,20,8,24,32,8,15,3,19,87,1.5,3.8,157.9,0.05,26.3,1,75,0,5,75,26.32,3.4,6.2,"2023-2024"
"MAC","VAL","3_7","Regular Season","Guillem  Ferrando",4,3,0,0,NA,1,2,50,0,0,NA,0,0,0,0,0,0,0,0,1,0,1,"H","W",75,41,16,17,20,7,14,20,8,24,32,8,15,3,19,87,75,41,16,17,20,7,14,20,8,24,32,8,15,3,19,87,1.5,1.9,157.9,0.01,0,NA,75,0,1.6,75,0,5,0,"2023-2024"
"MAC","VAL","3_7","Regular Season","Stefan  Jovic",19,7,3,3,100,0,0,NA,1,2,50,1,3,4,6,2,3,0,0,0,1,16,"H","W",75,41,16,17,20,7,14,20,8,24,32,8,15,3,19,87,75,41,16,17,20,7,14,20,8,24,32,8,15,3,19,87,1.4,5.6,125,0.11,107.1,2,100,0.67,10.5,90.2,53.57,3.6,6.2,"2023-2024"
"MAC","VAL","3_7","Regular Season","Boubacar  Toure",12,4,2,5,40,0,0,NA,0,0,NA,1,0,1,0,0,1,0,1,2,0,-2,"H","W",75,41,16,17,20,7,14,20,8,24,32,8,15,3,19,87,75,41,16,17,20,7,14,20,8,24,32,8,15,3,19,87,0.8,4.8,83.3,-0.01,0,0,40,0,0.2,40,20.83,5,6.2,"2023-2024"
"MAC","VAL","3_7","Regular Season","Lucas  Mari",2,0,0,0,NA,0,0,NA,0,0,NA,1,0,1,1,1,0,0,0,2,1,2,"H","W",75,41,16,17,20,7,14,20,8,24,32,8,15,3,19,87,75,41,16,17,20,7,14,20,8,24,32,8,15,3,19,87,NA,-1,0,0,-100,Inf,NA,NA,1.6,NA,0,0,6.2,"2023-2024"
"VAL","MAC","3_7","Regular Season","Antonius  Cleveland",12,5,2,3,66.7,0,1,0,1,2,50,0,2,2,0,0,2,0,0,2,1,1,"A","L",66,30,26,17,15,8,12,18,7,17,24,2,14,3,19,57,66,30,26,17,15,8,12,18,7,17,24,2,14,3,19,57,0.83,6.6,75.8,0,0,0,50,0.5,0.4,51.2,30.3,5.9,0,"2023-2024"
"VAL","MAC","3_7","Regular Season","Lorenzo  Brown",34,13,1,6,16.7,2,6,33.3,5,6,83.3,0,2,2,11,0,7,0,1,2,4,10,"A","L",66,30,26,17,15,8,12,18,7,17,24,2,14,3,19,57,66,30,26,17,15,8,12,18,7,17,24,2,14,3,19,57,0.72,20.8,62.5,0.09,52.9,1.6,33.3,0.5,5.9,44.4,33.65,6.6,0,"2023-2024"
"VAL","MAC","3_7","Regular Season","Jake  Cohen",13,7,2,2,100,1,1,100,0,0,NA,0,0,0,2,0,0,0,0,4,0,5,"A","L",66,30,26,17,15,8,12,18,7,17,24,2,14,3,19,57,66,30,26,17,15,8,12,18,7,17,24,2,14,3,19,57,2.33,2.9,241.4,0.07,69,Inf,116.7,0,5.9,116.7,0,2.4,0,"2023-2024"
"VAL","MAC","3_7","Regular Season","Josh  Nebo",21,4,2,5,40,0,0,NA,0,0,NA,2,3,5,0,0,0,0,1,1,1,5,"A","L",66,30,26,17,15,8,12,18,7,17,24,2,14,3,19,57,66,30,26,17,15,8,12,18,7,17,24,2,14,3,19,57,0.8,2.9,137.9,0.05,0,NA,40,0,3.2,40,0,2.5,14.3,"2023-2024"
"VAL","MAC","3_7","Regular Season","Bonzie  Colson",31,20,6,7,85.7,2,5,40,2,3,66.7,0,4,4,0,0,0,0,0,2,3,20,"A","L",66,30,26,17,15,8,12,18,7,17,24,2,14,3,19,57,66,30,26,17,15,8,12,18,7,17,24,2,14,3,19,57,1.33,12.8,156.2,0.23,0,NA,75,0.25,14.8,75.1,0,4.4,0,"2023-2024"
"VAL","MAC","3_7","Regular Season","James  Webb III",15,9,0,1,0,2,4,50,3,4,75,1,3,4,0,2,1,0,0,2,3,11,"A","L",66,30,26,17,15,8,12,18,7,17,24,2,14,3,19,57,66,30,26,17,15,8,12,18,7,17,24,2,14,3,19,57,1,6.5,138.5,0.1,0,0,60,0.8,7.7,66.6,15.38,5.3,7.1,"2023-2024"
"VAL","MAC","3_7","Regular Season","Roman  Sorkin",11,0,0,2,0,0,0,NA,0,0,NA,1,1,2,0,0,1,2,1,1,0,-1,"A","L",66,30,26,17,15,8,12,18,7,17,24,2,14,3,19,57,66,30,26,17,15,8,12,18,7,17,24,2,14,3,19,57,0,1.9,0,-0.02,0,0,0,0,-0.4,0,52.63,2.8,7.1,"2023-2024"
"VAL","MAC","3_7","Regular Season","John  Dibartolomeo",20,0,0,0,NA,0,3,0,0,0,NA,1,1,2,1,0,1,0,0,2,2,-1,"A","L",66,30,26,17,15,8,12,18,7,17,24,2,14,3,19,57,66,30,26,17,15,8,12,18,7,17,24,2,14,3,19,57,0,2.9,0,-0.05,34.5,1,0,0,-2.2,0,34.48,2.1,7.1,"2023-2024"
"VAL","MAC","3_7","Regular Season","Jasiel  Rivero",21,5,2,4,50,0,0,NA,1,2,50,2,0,2,0,0,1,1,0,2,1,3,"A","L",66,30,26,17,15,8,12,18,7,17,24,2,14,3,19,57,66,30,26,17,15,8,12,18,7,17,24,2,14,3,19,57,0.83,3.7,135.1,0.01,0,0,50,0.5,2.9,51.2,27.03,2.9,14.3,"2023-2024"
"VAL","MAC","3_7","Regular Season","Tamir  Blatt",21,3,0,0,NA,1,6,16.7,0,0,NA,0,1,1,4,0,1,0,0,1,3,4,"A","L",66,30,26,17,15,8,12,18,7,17,24,2,14,3,19,57,66,30,26,17,15,8,12,18,7,17,24,2,14,3,19,57,0.5,6.7,44.8,0.01,59.7,4,25,0,0.9,25,14.93,3.4,0,"2023-2024"
"ASM","CRV","3_8","Regular Season","Milos  Teodosic",18,3,0,0,NA,1,7,14.3,0,0,NA,0,1,1,4,1,3,0,0,4,2,-2,"H","L",76,33,34,13,17,10,12,19,13,12,25,9,9,1,20,79,76,33,34,13,17,10,12,19,13,12,25,9,9,1,20,79,0.43,9.6,31.2,-0.04,41.7,1.3,21.4,0,-2,21.4,31.25,5.4,0,"2023-2024"
"ASM","CRV","3_8","Regular Season","Adam  Hanga",25,5,1,3,33.3,1,4,25,0,0,NA,1,2,3,3,0,0,1,0,2,1,6,"H","L",76,33,34,13,17,10,12,19,13,12,25,9,9,1,20,79,76,33,34,13,17,10,12,19,13,12,25,9,9,1,20,79,0.71,5.8,86.2,0.04,51.7,Inf,35.7,0,4.2,35.7,0,2.7,3.8,"2023-2024"
"ASM","CRV","3_8","Regular Season","Marko  Simonovic",10,6,3,3,100,0,2,0,0,0,NA,4,1,5,1,1,1,0,0,4,0,6,"H","L",76,33,34,13,17,10,12,19,13,12,25,9,9,1,20,79,76,33,34,13,17,10,12,19,13,12,25,9,9,1,20,79,1.2,1.9,315.8,0.04,52.6,1,60,0,5.9,60,52.63,5.9,15.4,"2023-2024"
"ASM","CRV","3_8","Regular Season","Mike  Tobey",12,0,0,1,0,0,0,NA,0,0,NA,2,2,4,0,0,1,0,0,1,1,2,"H","L",76,33,34,13,17,10,12,19,13,12,25,9,9,1,20,79,76,33,34,13,17,10,12,19,13,12,25,9,9,1,20,79,0,0,NA,0,NA,0,0,0,-0.1,0,Inf,1.6,7.7,"2023-2024"
"ASM","CRV","3_8","Regular Season","Rokas  Giedraitis",30,20,2,3,66.7,4,8,50,4,4,100,0,1,1,1,1,0,0,1,1,3,19,"H","L",76,33,34,13,17,10,12,19,13,12,25,9,9,1,20,79,76,33,34,13,17,10,12,19,13,12,25,9,9,1,20,79,1.33,12.2,163.9,0.16,8.2,Inf,72.7,0.36,16.3,78.4,0,4.2,0,"2023-2024"
"ASM","CRV","3_8","Regular Season","Stefan  Lazarevic",6,0,0,0,NA,0,0,NA,0,0,NA,1,1,2,0,0,0,0,0,0,1,3,"H","L",76,33,34,13,17,10,12,19,13,12,25,9,9,1,20,79,76,33,34,13,17,10,12,19,13,12,25,9,9,1,20,79,NA,-1,0,0.01,0,NA,NA,NA,1,NA,0,0,3.8,"2023-2024"
"ASM","CRV","3_8","Regular Season","Dejan  Davidovac",21,3,0,2,0,1,2,50,0,0,NA,1,0,1,0,3,0,0,1,1,1,3,"H","L",76,33,34,13,17,10,12,19,13,12,25,9,9,1,20,79,76,33,34,13,17,10,12,19,13,12,25,9,9,1,20,79,0.75,2.9,103.4,0.02,0,NA,37.5,0,3.9,37.5,0,1.9,3.8,"2023-2024"
"ASM","CRV","3_8","Regular Season","Luka  Mitrovic",12,6,2,5,40,0,0,NA,2,2,100,2,0,2,1,1,1,0,0,2,2,6,"H","L",76,33,34,13,17,10,12,19,13,12,25,9,9,1,20,79,76,33,34,13,17,10,12,19,13,12,25,9,9,1,20,79,0.86,4.7,127.7,0.03,21.3,1,40,0.4,4.6,51,21.28,5.6,7.7,"2023-2024"
"ASM","CRV","3_8","Regular Season","Shabazz  Napier",22,7,2,6,33.3,1,7,14.3,0,0,NA,0,0,0,2,2,3,0,0,2,2,-2,"H","L",76,33,34,13,17,10,12,19,13,12,25,9,9,1,20,79,76,33,34,13,17,10,12,19,13,12,25,9,9,1,20,79,0.54,15.4,45.5,-0.04,13,0.7,26.9,0,-1.3,26.9,19.48,7.1,0,"2023-2024"
"ASM","CRV","3_8","Regular Season","Joel  Bolomboy",15,11,4,5,80,0,0,NA,3,3,100,2,2,4,1,0,0,0,0,1,3,17,"H","L",76,33,34,13,17,10,12,19,13,12,25,9,9,1,20,79,76,33,34,13,17,10,12,19,13,12,25,9,9,1,20,79,1.38,4.1,268.3,0.12,24.4,Inf,80,0.6,11.4,87,0,4.1,7.7,"2023-2024"
"ASM","CRV","3_8","Regular Season","Dalibor  Ilic",2,0,0,0,NA,0,1,0,0,0,NA,0,0,0,0,0,0,0,0,0,0,-1,"H","L",76,33,34,13,17,10,12,19,13,12,25,9,9,1,20,79,76,33,34,13,17,10,12,19,13,12,25,9,9,1,20,79,0,1,0,-0.01,0,NA,0,0,-0.7,0,0,4.9,0,"2023-2024"
"ASM","CRV","3_8","Regular Season","Nemanja  Nedovic",25,15,3,5,60,2,3,66.7,3,4,75,0,2,2,6,0,0,0,0,2,5,22,"H","L",76,33,34,13,17,10,12,19,13,12,25,9,9,1,20,79,76,33,34,13,17,10,12,19,13,12,25,9,9,1,20,79,1.25,9.4,159.6,0.16,63.8,Inf,75,0.5,15,76.8,0,3.8,0,"2023-2024"
"CRV","ASM","3_8","Regular Season","John  Brown III",24,11,5,7,71.4,0,0,NA,1,2,50,0,1,1,2,0,0,0,0,2,3,12,"A","W",82,35,23,13,21,10,10,23,8,22,30,5,14,2,21,96,82,35,23,13,21,10,10,23,8,22,30,5,14,2,21,96,1.22,7.6,144.7,0.06,26.3,Inf,71.4,0.29,8.6,69.8,0,3.4,0,"2023-2024"
"CRV","ASM","3_8","Regular Season","Elie  Okobo",31,11,2,3,66.7,2,4,50,1,1,100,0,5,5,5,1,4,0,1,2,2,14,"A","W",82,35,23,13,21,10,10,23,8,22,30,5,14,2,21,96,82,35,23,13,21,10,10,23,8,22,30,5,14,2,21,96,1.38,11,100,0.09,45.5,1.2,71.4,0.14,8.9,73.9,36.36,3.8,0,"2023-2024"
"CRV","ASM","3_8","Regular Season","Jaron  Blossomgame",18,0,0,3,0,0,2,0,0,0,NA,1,3,4,0,0,1,0,0,2,2,-2,"A","W",82,35,23,13,21,10,10,23,8,22,30,5,14,2,21,96,82,35,23,13,21,10,10,23,8,22,30,5,14,2,21,96,0,4.8,0,-0.03,0,0,0,0,-3.7,0,20.83,3.4,6.2,"2023-2024"
"CRV","ASM","3_8","Regular Season","Donatas  Motiejunas",17,9,4,5,80,0,1,0,1,2,50,0,1,1,1,0,0,1,0,2,2,9,"A","W",82,35,23,13,21,10,10,23,8,22,30,5,14,2,21,96,82,35,23,13,21,10,10,23,8,22,30,5,14,2,21,96,1.12,6.6,136.4,0.05,15.2,Inf,66.7,0.33,6.9,65.4,0,4.2,0,"2023-2024"
"CRV","ASM","3_8","Regular Season","Mike  James",36,18,3,5,60,4,8,50,0,0,NA,0,3,3,11,1,4,0,0,3,4,24,"A","W",82,35,23,13,21,10,10,23,8,22,30,5,14,2,21,96,82,35,23,13,21,10,10,23,8,22,30,5,14,2,21,96,1.38,16.3,110.4,0.14,67.5,2.8,69.2,0,16.1,69.2,24.54,4.9,0,"2023-2024"
"CRV","ASM","3_8","Regular Season","Alpha  Diallo",21,12,3,6,50,1,2,50,3,4,75,4,4,8,3,1,1,0,0,2,3,19,"A","W",82,35,23,13,21,10,10,23,8,22,30,5,14,2,21,96,82,35,23,13,21,10,10,23,8,22,30,5,14,2,21,96,1,6.5,184.6,0.1,46.2,3,56.2,0.5,12.9,61.5,15.38,5.3,25,"2023-2024"
"CRV","ASM","3_8","Regular Season","Petr  Cornelie",10,5,1,1,100,1,2,50,0,0,NA,0,0,0,0,0,4,1,0,3,0,-2,"A","W",82,35,23,13,21,10,10,23,8,22,30,5,14,2,21,96,82,35,23,13,21,10,10,23,8,22,30,5,14,2,21,96,1.67,6.7,74.6,-0.02,0,0,83.3,0,-0.8,83.3,59.7,7.2,0,"2023-2024"
"CRV","ASM","3_8","Regular Season","Mouhammadou  Jaiteh",6,0,0,0,NA,0,0,NA,0,0,NA,0,0,0,0,1,0,0,0,1,0,0,"A","W",82,35,23,13,21,10,10,23,8,22,30,5,14,2,21,96,82,35,23,13,21,10,10,23,8,22,30,5,14,2,21,96,NA,0,NA,0,NA,NA,NA,NA,0.6,NA,NA,0,0,"2023-2024"
"CRV","ASM","3_8","Regular Season","Kemba  Walker",10,2,0,1,0,0,2,0,2,2,100,1,1,2,1,0,0,0,0,2,2,2,"A","W",82,35,23,13,21,10,10,23,8,22,30,5,14,2,21,96,82,35,23,13,21,10,10,23,8,22,30,5,14,2,21,96,0.4,2.8,71.4,0,35.7,Inf,0,0.67,0.8,25.8,0,4,6.2,"2023-2024"
"CRV","ASM","3_8","Regular Season","Yakuba  Ouattara",12,6,0,1,0,2,2,100,0,0,NA,1,1,2,0,0,0,0,0,1,0,6,"A","W",82,35,23,13,21,10,10,23,8,22,30,5,14,2,21,96,82,35,23,13,21,10,10,23,8,22,30,5,14,2,21,96,2,1.9,315.8,0.04,0,NA,100,0,5.3,100,0,2.6,6.2,"2023-2024"
"CRV","ASM","3_8","Regular Season","Donta  Hall",14,8,3,3,100,0,0,NA,2,2,100,1,3,4,0,1,0,0,0,1,2,14,"A","W",82,35,23,13,21,10,10,23,8,22,30,5,14,2,21,96,82,35,23,13,21,10,10,23,8,22,30,5,14,2,21,96,1.6,2.8,285.7,0.08,0,NA,100,0.67,9.3,103.1,0,2.9,6.2,"2023-2024"
"BER","BOL","3_9","Regular Season","Isaia  Cordinier",25,7,0,3,0,2,6,33.3,1,2,50,1,1,2,2,1,1,0,0,3,3,3,"H","W",87,35,29,17,22,10,13,21,7,18,25,9,10,2,16,98,87,35,29,17,22,10,13,21,7,18,25,9,10,2,16,98,0.64,9.5,73.7,0,21.1,2,33.3,0.22,2.3,35.4,10.53,4.3,7.1,"2023-2024"
"BER","BOL","3_9","Regular Season","Marco  Belinelli",24,12,3,5,60,1,4,25,3,3,100,0,2,2,2,2,1,0,0,1,2,13,"H","W",87,35,29,17,22,10,13,21,7,18,25,9,10,2,16,98,87,35,29,17,22,10,13,21,7,18,25,9,10,2,16,98,1,10.9,110.1,0.07,18.3,2,50,0.33,9.9,58.1,9.17,4.6,0,"2023-2024"
"BER","BOL","3_9","Regular Season","Tornike  Shengelia",27,26,8,9,88.9,1,2,50,7,8,87.5,0,4,4,3,0,0,0,0,2,4,32,"H","W",87,35,29,17,22,10,13,21,7,18,25,9,10,2,16,98,87,35,29,17,22,10,13,21,7,18,25,9,10,2,16,98,1.37,13.9,187.1,0.18,21.6,Inf,86.4,0.73,24,89.5,0,5.3,0,"2023-2024"
"BER","BOL","3_9","Regular Season","Daniel  Hackett",21,5,1,2,50,1,3,33.3,0,0,NA,2,2,4,6,2,1,0,0,2,2,13,"H","W",87,35,29,17,22,10,13,21,7,18,25,9,10,2,16,98,87,35,29,17,22,10,13,21,7,18,25,9,10,2,16,98,1,3.8,131.6,0.06,157.9,6,50,0,8.7,50,26.32,2.8,14.3,"2023-2024"
"BER","BOL","3_9","Regular Season","Bryant  Dunston",21,7,3,3,100,0,0,NA,1,1,100,1,3,4,1,0,1,0,0,2,2,11,"H","W",87,35,29,17,22,10,13,21,7,18,25,9,10,2,16,98,87,35,29,17,22,10,13,21,7,18,25,9,10,2,16,98,1.75,3.3,212.1,0.05,30.3,1,100,0.33,6.6,101.7,30.3,2.1,7.1,"2023-2024"
"BER","BOL","3_9","Regular Season","Gabriel  Lundberg",6,3,0,0,NA,1,2,50,0,0,NA,0,0,0,1,0,1,0,0,1,1,2,"H","W",87,35,29,17,22,10,13,21,7,18,25,9,10,2,16,98,87,35,29,17,22,10,13,21,7,18,25,9,10,2,16,98,1.5,2.9,103.4,0.01,34.5,1,75,0,1.3,75,34.48,4.9,0,"2023-2024"
"BER","BOL","3_9","Regular Season","Alessandro  Pajola",19,3,0,1,0,1,4,25,0,0,NA,0,0,0,3,3,1,0,0,2,0,2,"H","W",87,35,29,17,22,10,13,21,7,18,25,9,10,2,16,98,87,35,29,17,22,10,13,21,7,18,25,9,10,2,16,98,0.6,5.8,51.7,0.01,51.7,3,30,0,3.2,30,17.24,3.1,0,"2023-2024"
"BER","BOL","3_9","Regular Season","Jaleen  Smith",9,3,0,0,NA,1,2,50,0,0,NA,0,1,1,2,0,0,0,0,0,0,5,"H","W",87,35,29,17,22,10,13,21,7,18,25,9,10,2,16,98,87,35,29,17,22,10,13,21,7,18,25,9,10,2,16,98,1.5,1.9,157.9,0.03,105.3,Inf,75,0,3.7,75,0,2.2,0,"2023-2024"
"BER","BOL","3_9","Regular Season","Ognjen  Dobric",15,6,0,0,NA,2,3,66.7,0,0,NA,0,1,1,0,0,1,0,0,1,0,4,"H","W",87,35,29,17,22,10,13,21,7,18,25,9,10,2,16,98,87,35,29,17,22,10,13,21,7,18,25,9,10,2,16,98,2,3.8,157.9,0.03,0,0,100,0,3.6,100,26.32,2.6,0,"2023-2024"
"BER","BOL","3_9","Regular Season","Jordan  Mickey",19,15,7,11,63.6,0,1,0,1,3,33.3,2,3,5,1,1,2,1,1,1,3,15,"H","W",87,35,29,17,22,10,13,21,7,18,25,9,10,2,16,98,87,35,29,17,22,10,13,21,7,18,25,9,10,2,16,98,1,12.8,117.2,0.07,7.8,0.5,58.3,0.25,10.9,56.3,15.62,7.9,14.3,"2023-2024"
"BER","BOL","3_9","Regular Season","Awudu  Abass",13,0,0,1,0,0,2,0,0,0,NA,1,1,2,0,0,1,1,0,1,0,-2,"H","W",87,35,29,17,22,10,13,21,7,18,25,9,10,2,16,98,87,35,29,17,22,10,13,21,7,18,25,9,10,2,16,98,0,2.9,0,-0.02,0,0,0,0,-1.8,0,34.48,3,7.1,"2023-2024"
"BOL","BER","3_9","Regular Season","Sterling  Brown",26,17,5,6,83.3,1,5,20,4,4,100,0,6,6,2,0,1,0,0,2,3,20,"A","L",76,37,19,13,20,9,9,12,7,22,29,6,14,1,17,76,76,37,19,13,20,9,9,12,7,22,29,6,14,1,17,76,1.13,13.2,128.8,0.15,15.2,2,59.1,0.36,13.1,66.6,7.58,5.6,0,"2023-2024"
"BOL","BER","3_9","Regular Season","Ziga  Samar",14,0,0,0,NA,0,1,0,0,0,NA,0,0,0,2,2,3,0,0,2,1,-1,"A","L",76,37,19,13,20,9,9,12,7,22,29,6,14,1,17,76,76,37,19,13,20,9,9,12,7,22,29,6,14,1,17,76,0,3.8,0,-0.02,52.6,0.7,0,0,-1.1,0,78.95,3,0,"2023-2024"
"BOL","BER","3_9","Regular Season","Matt  Thomas",28,2,1,2,50,0,2,0,0,0,NA,0,2,2,3,1,3,0,0,1,0,1,"A","L",76,37,19,13,20,9,9,12,7,22,29,6,14,1,17,76,76,37,19,13,20,9,9,12,7,22,29,6,14,1,17,76,0.5,6.7,29.9,0.01,44.8,1,25,0,-0.1,25,44.78,2.6,0,"2023-2024"
"BOL","BER","3_9","Regular Season","Louis  Olinde",20,10,1,1,100,2,3,66.7,2,4,50,0,3,3,0,0,0,0,0,2,2,10,"A","L",76,37,19,13,20,9,9,12,7,22,29,6,14,1,17,76,76,37,19,13,20,9,9,12,7,22,29,6,14,1,17,76,1.25,5.5,181.8,0.07,0,NA,100,1,7.7,86.8,0,3,0,"2023-2024"
"BOL","BER","3_9","Regular Season","Johannes  Thiemann",27,13,2,6,33.3,3,3,100,0,2,0,3,7,10,3,0,3,0,1,1,2,17,"A","L",76,37,19,13,20,9,9,12,7,22,29,6,14,1,17,76,76,37,19,13,20,9,9,12,7,22,29,6,14,1,17,76,1.18,9.5,136.8,0.12,31.6,1,72.2,0.22,10.8,65.8,31.58,5,21.4,"2023-2024"
"BOL","BER","3_9","Regular Season","Gabriele  Procida",13,2,1,4,25,0,1,0,0,0,NA,2,2,4,0,1,0,0,1,1,0,1,"A","L",76,37,19,13,20,9,9,12,7,22,29,6,14,1,17,76,76,37,19,13,20,9,9,12,7,22,29,6,14,1,17,76,0.4,2.9,69,0.01,0,NA,20,0,1.5,20,0,4.1,14.3,"2023-2024"
"BOL","BER","3_9","Regular Season","Matteo  Spagnolo",15,15,5,9,55.6,1,1,100,2,2,100,0,0,0,2,1,1,0,0,0,2,15,"A","L",76,37,19,13,20,9,9,12,7,22,29,6,14,1,17,76,76,37,19,13,20,9,9,12,7,22,29,6,14,1,17,76,1.25,11.4,131.6,0.11,17.5,2,65,0.2,11.8,68.9,8.77,8.4,0,"2023-2024"
"BOL","BER","3_9","Regular Season","Malte  Delow",11,6,1,1,100,1,1,100,1,1,100,0,1,1,0,0,2,0,0,3,2,4,"A","L",76,37,19,13,20,9,9,12,7,22,29,6,14,1,17,76,76,37,19,13,20,9,9,12,7,22,29,6,14,1,17,76,2,4.3,139.5,0.02,0,0,125,0.5,2.5,123,46.51,4.3,0,"2023-2024"
"BOL","BER","3_9","Regular Season","Jonas  Mattisseck",12,3,0,0,NA,1,1,100,0,0,NA,0,0,0,0,0,1,0,0,1,3,4,"A","L",76,37,19,13,20,9,9,12,7,22,29,6,14,1,17,76,76,37,19,13,20,9,9,12,7,22,29,6,14,1,17,76,3,1.9,157.9,0.01,0,0,150,0,1.3,150,52.63,1.8,0,"2023-2024"
"BOL","BER","3_9","Regular Season","Tim  Schneider",15,4,2,4,50,0,0,NA,0,0,NA,1,0,1,0,0,0,0,0,1,0,2,"A","L",76,37,19,13,20,9,9,12,7,22,29,6,14,1,17,76,76,37,19,13,20,9,9,12,7,22,29,6,14,1,17,76,1,2.9,137.9,0.01,0,NA,50,0,2.3,50,0,2.8,7.1,"2023-2024"
"BOL","BER","3_9","Regular Season","Kresimir  Nikic",1,2,1,1,100,0,0,NA,0,0,NA,0,0,0,0,0,0,0,0,0,0,2,"A","L",76,37,19,13,20,9,9,12,7,22,29,6,14,1,17,76,76,37,19,13,20,9,9,12,7,22,29,6,14,1,17,76,2,1,200,0.02,0,NA,100,0,1.7,100,0,10.6,0,"2023-2024"
"BOL","BER","3_9","Regular Season","Justin  Bean",17,2,1,3,33.3,0,1,0,0,0,NA,1,1,2,0,1,0,1,0,3,1,1,"A","L",76,37,19,13,20,9,9,12,7,22,29,6,14,1,17,76,76,37,19,13,20,9,9,12,7,22,29,6,14,1,17,76,0.5,2.9,69,-0.01,0,NA,25,0,1.1,25,0,2.5,7.1,"2023-2024"
"OLY","PAR","4_1","Regular Season","Aleksa  Avramovic",19,5,1,2,50,0,1,0,3,4,75,1,1,2,2,0,3,1,1,2,2,3,"A","L",94,36,24,27,21,10,22,17,8,18,26,8,17,3,32,86,94,36,24,27,21,10,22,17,8,18,26,8,17,3,32,86,0.71,6.5,76.9,0.01,30.8,0.7,33.3,1.33,2.2,52.5,46.15,3.7,6.2,"2023-2024"
"OLY","PAR","4_1","Regular Season","Kevin  Punter",36,17,6,11,54.5,0,3,0,5,6,83.3,0,5,5,2,2,3,0,0,2,3,15,"A","L",94,36,24,27,21,10,22,17,8,18,26,8,17,3,32,86,94,36,24,27,21,10,22,17,8,18,26,8,17,3,32,86,0.85,18.9,89.9,0.1,10.6,0.7,42.9,0.43,10.3,51.1,15.87,4.9,0,"2023-2024"
"OLY","PAR","4_1","Regular Season","Alen  Smailagic",16,16,3,4,75,3,3,100,1,2,50,0,1,1,1,1,0,0,0,5,5,17,"A","L",94,36,24,27,21,10,22,17,8,18,26,8,17,3,32,86,94,36,24,27,21,10,22,17,8,18,26,8,17,3,32,86,1.78,7.6,210.5,0.1,13.2,Inf,107.1,0.29,13.1,101.5,0,4.4,0,"2023-2024"
"OLY","PAR","4_1","Regular Season","James  Nunnally",34,12,3,5,60,2,4,50,0,0,NA,0,3,3,2,1,1,0,0,2,1,12,"A","L",94,36,24,27,21,10,22,17,8,18,26,8,17,3,32,86,94,36,24,27,21,10,22,17,8,18,26,8,17,3,32,86,1.33,9.6,125,0.09,20.8,2,66.7,0,9.2,66.7,10.42,2.6,0,"2023-2024"
"OLY","PAR","4_1","Regular Season","Frank  Kaminsky",16,9,1,2,50,2,6,33.3,1,2,50,2,1,3,2,0,1,0,0,5,1,3,"A","L",94,36,24,27,21,10,22,17,8,18,26,8,17,3,32,86,94,36,24,27,21,10,22,17,8,18,26,8,17,3,32,86,0.9,7.6,118.4,0.01,26.3,2,50,0.25,4.3,50.7,13.16,5.6,12.5,"2023-2024"
"OLY","PAR","4_1","Regular Season","Zach  LeDay",41,18,4,7,57.1,1,3,33.3,7,7,100,1,4,5,4,4,2,0,0,5,5,24,"A","L",94,36,24,27,21,10,22,17,8,18,26,8,17,3,32,86,94,36,24,27,21,10,22,17,8,18,26,8,17,3,32,86,1.06,13.5,133.3,0.16,29.6,2,55,0.7,17.7,68.8,14.81,3.3,6.2,"2023-2024"
"OLY","PAR","4_1","Regular Season","Balsa  Koprivica",10,0,0,0,NA,0,0,NA,0,0,NA,1,0,1,1,0,0,0,0,2,0,0,"A","L",94,36,24,27,21,10,22,17,8,18,26,8,17,3,32,86,94,36,24,27,21,10,22,17,8,18,26,8,17,3,32,86,NA,-1,0,0,-100,Inf,NA,NA,0.6,NA,0,0,6.2,"2023-2024"
"OLY","PAR","4_1","Regular Season","Ognjen  Jaramaz",3,0,0,0,NA,0,0,NA,0,0,NA,0,0,0,1,0,1,0,0,0,1,1,"A","L",94,36,24,27,21,10,22,17,8,18,26,8,17,3,32,86,94,36,24,27,21,10,22,17,8,18,26,8,17,3,32,86,NA,1,0,0,100,1,NA,NA,-0.3,NA,100,3,0,"2023-2024"
"OLY","PAR","4_1","Regular Season","Uros  Trifunovic",3,0,0,0,NA,0,0,NA,0,0,NA,0,0,0,0,0,0,0,0,0,0,0,"A","L",94,36,24,27,21,10,22,17,8,18,26,8,17,3,32,86,94,36,24,27,21,10,22,17,8,18,26,8,17,3,32,86,NA,0,NA,0,NA,NA,NA,NA,0,NA,NA,0,0,"2023-2024"
"OLY","PAR","4_1","Regular Season","Danilo  Andjusic",35,11,1,2,50,2,3,66.7,3,4,75,1,1,2,2,0,3,2,0,4,3,10,"A","L",94,36,24,27,21,10,22,17,8,18,26,8,17,3,32,86,94,36,24,27,21,10,22,17,8,18,26,8,17,3,32,86,1.22,8.4,131,0.05,23.8,0.7,80,0.8,7.5,81.4,35.71,2.5,6.2,"2023-2024"
"OLY","PAR","4_1","Regular Season","P.J.  Dozier",10,6,2,3,66.7,0,1,0,2,2,100,2,2,4,0,0,3,0,0,5,1,1,"A","L",94,36,24,27,21,10,22,17,8,18,26,8,17,3,32,86,94,36,24,27,21,10,22,17,8,18,26,8,17,3,32,86,1,5.6,107.1,-0.01,0,0,50,0.5,1,61.5,53.57,7.1,12.5,"2023-2024"
"PAR","OLY","4_1","Regular Season","Thomas  Walkup",37,11,2,4,50,1,8,12.5,4,4,100,1,2,3,4,3,3,0,1,4,3,7,"H","W",98,32,36,36,16,11,33,17,12,17,29,10,12,1,22,105,98,32,36,36,16,11,33,17,12,17,29,10,12,1,22,105,0.69,15.1,72.8,0.03,26.5,1.3,29.2,0.33,6.3,40,19.87,3.8,4.2,"2023-2024"
"PAR","OLY","4_1","Regular Season","Isaiah  Canaan",24,11,1,1,100,3,8,37.5,0,0,NA,0,0,0,2,2,2,0,0,2,1,7,"H","W",98,32,36,36,16,11,33,17,12,17,29,10,12,1,22,105,98,32,36,36,16,11,33,17,12,17,29,10,12,1,22,105,1.22,10.6,103.8,0.04,18.9,1,61.1,0,6.9,61.1,18.87,3.8,0,"2023-2024"
"PAR","OLY","4_1","Regular Season","Moustapha  Fall",19,5,2,2,100,0,0,NA,1,1,100,2,2,4,2,0,2,1,0,4,3,9,"H","W",98,32,36,36,16,11,33,17,12,17,29,10,12,1,22,105,98,32,36,36,16,11,33,17,12,17,29,10,12,1,22,105,1.67,2.3,217.4,0.03,87,1,100,0.5,4.9,102.5,86.96,2,8.3,"2023-2024"
"PAR","OLY","4_1","Regular Season","Kostas  Papanikolaou",39,10,1,2,50,2,5,40,2,2,100,2,5,7,2,1,2,0,0,2,3,15,"H","W",98,32,36,36,16,11,33,17,12,17,29,10,12,1,22,105,98,32,36,36,16,11,33,17,12,17,29,10,12,1,22,105,1.11,7.6,131.6,0.08,26.3,1,57.1,0.29,8.8,63.5,26.32,2.1,8.3,"2023-2024"
"PAR","OLY","4_1","Regular Season","Alec  Peters",20,15,4,5,80,2,4,50,1,2,50,0,4,4,1,0,2,0,0,3,2,13,"H","W",98,32,36,36,16,11,33,17,12,17,29,10,12,1,22,105,98,32,36,36,16,11,33,17,12,17,29,10,12,1,22,105,1.36,11.4,131.6,0.08,8.8,0.5,77.8,0.22,9.4,75.9,17.54,5,0,"2023-2024"
"PAR","OLY","4_1","Regular Season","Nigel  Williams-Goss",31,9,2,9,22.2,1,4,25,2,2,100,1,0,1,3,1,0,0,1,4,2,1,"H","W",98,32,36,36,16,11,33,17,12,17,29,10,12,1,22,105,98,32,36,36,16,11,33,17,12,17,29,10,12,1,22,105,0.6,12.4,72.6,0,24.2,Inf,26.9,0.15,3.3,32.4,0,3.7,4.2,"2023-2024"
"PAR","OLY","4_1","Regular Season","Michalis  Lountzis",5,2,0,1,0,0,1,0,2,2,100,0,0,0,0,0,0,0,1,0,1,0,"H","W",98,32,36,36,16,11,33,17,12,17,29,10,12,1,22,105,98,32,36,36,16,11,33,17,12,17,29,10,12,1,22,105,0.5,2.8,71.4,0,0,NA,0,1,0.6,34.7,0,4.8,0,"2023-2024"
"PAR","OLY","4_1","Regular Season","Giannoulis  Larentzakis",22,19,2,4,50,2,6,33.3,9,9,100,1,2,3,1,3,0,0,0,3,6,23,"H","W",98,32,36,36,16,11,33,17,12,17,29,10,12,1,22,105,98,32,36,36,16,11,33,17,12,17,29,10,12,1,22,105,1,12.4,153.2,0.12,8.1,Inf,50,0.9,17.4,68.1,0,5.3,4.2,"2023-2024"
"PAR","OLY","4_1","Regular Season","Nikola  Milutinov",25,16,2,4,50,0,0,NA,12,14,85.7,5,2,7,2,0,1,0,0,0,10,30,"H","W",98,32,36,36,16,11,33,17,12,17,29,10,12,1,22,105,98,32,36,36,16,11,33,17,12,17,29,10,12,1,22,105,0.89,5.9,271.2,0.12,33.9,2,50,3.5,17.7,78.7,16.95,3.7,20.8,"2023-2024"
"MIL","RMB","4_2","Regular Season","Facundo  Campazzo",20,12,2,4,50,2,4,50,2,2,100,1,2,3,10,0,2,0,0,3,5,21,"H","W",88,37,23,12,24,10,10,21,5,19,24,5,15,1,23,92,88,37,23,12,24,10,10,21,5,19,24,5,15,1,23,92,1.2,9.5,126.3,0.11,105.3,5,62.5,0.25,13.1,67.6,21.05,5.4,10,"2023-2024"
"MIL","RMB","4_2","Regular Season","Gabriel  Deck",20,8,4,7,57.1,0,0,NA,0,0,NA,1,2,3,0,0,1,0,1,2,0,4,"H","W",88,37,23,12,24,10,10,21,5,19,24,5,15,1,23,92,88,37,23,12,24,10,10,21,5,19,24,5,15,1,23,92,1.14,6.7,119.4,0.03,0,0,57.1,0,4.2,57.1,14.93,4,10,"2023-2024"
"MIL","RMB","4_2","Regular Season","Walter  Tavares",11,8,4,5,80,0,0,NA,0,0,NA,0,0,0,0,0,3,0,0,4,0,0,"H","W",88,37,23,12,24,10,10,21,5,19,24,5,15,1,23,92,88,37,23,12,24,10,10,21,5,19,24,5,15,1,23,92,1.6,7.7,103.9,0,0,0,80,0,1.5,80,38.96,7.2,0,"2023-2024"
"MIL","RMB","4_2","Regular Season","Guerschon  Yabusele",25,3,0,1,0,1,1,100,0,0,NA,0,3,3,0,1,0,0,0,2,1,5,"H","W",88,37,23,12,24,10,10,21,5,19,24,5,15,1,23,92,88,37,23,12,24,10,10,21,5,19,24,5,15,1,23,92,1.5,1.9,157.9,0.03,0,NA,75,0,3.1,75,0,0.8,0,"2023-2024"
"MIL","RMB","4_2","Regular Season","Dzanan  Musa",18,6,2,2,100,0,0,NA,2,3,66.7,0,2,2,3,0,2,1,0,1,5,13,"H","W",88,37,23,12,24,10,10,21,5,19,24,5,15,1,23,92,88,37,23,12,24,10,10,21,5,19,24,5,15,1,23,92,1.2,5.1,117.6,0.05,58.8,1.5,100,1.5,6,90.4,39.22,2.9,0,"2023-2024"
"MIL","RMB","4_2","Regular Season","Rudy  Fernandez",19,3,0,0,NA,1,3,33.3,0,0,NA,0,3,3,1,0,1,0,0,2,1,3,"H","W",88,37,23,12,24,10,10,21,5,19,24,5,15,1,23,92,88,37,23,12,24,10,10,21,5,19,24,5,15,1,23,92,1,3.8,78.9,0.01,26.3,1,50,0,1.1,50,26.32,2.1,0,"2023-2024"
"MIL","RMB","4_2","Regular Season","Mario  Hezonja",21,13,6,7,85.7,0,1,0,1,1,100,0,3,3,0,3,0,0,0,2,1,16,"H","W",88,37,23,12,24,10,10,21,5,19,24,5,15,1,23,92,88,37,23,12,24,10,10,21,5,19,24,5,15,1,23,92,1.44,8.1,160.5,0.11,0,NA,75,0.12,12.9,77,0,4,0,"2023-2024"
"MIL","RMB","4_2","Regular Season","Sergio  Rodriguez",18,5,1,3,33.3,1,4,25,0,0,NA,0,0,0,5,0,2,0,0,3,0,0,"H","W",88,37,23,12,24,10,10,21,5,19,24,5,15,1,23,92,88,37,23,12,24,10,10,21,5,19,24,5,15,1,23,92,0.71,8.6,58.1,0,58.1,2.5,35.7,0,1.2,35.7,23.26,5,0,"2023-2024"
"MIL","RMB","4_2","Regular Season","Vincent  Poirier",18,9,4,6,66.7,0,0,NA,1,2,50,2,2,4,0,0,2,0,0,3,4,9,"H","W",88,37,23,12,24,10,10,21,5,19,24,5,15,1,23,92,88,37,23,12,24,10,10,21,5,19,24,5,15,1,23,92,1.12,6.6,136.4,0.03,0,0,66.7,0.33,4.8,65.4,30.3,4.9,20,"2023-2024"
"MIL","RMB","4_2","Regular Season","Sergio  Llull",21,19,1,2,50,5,10,50,2,2,100,0,1,1,2,1,2,0,0,1,2,16,"H","W",88,37,23,12,24,10,10,21,5,19,24,5,15,1,23,92,88,37,23,12,24,10,10,21,5,19,24,5,15,1,23,92,1.36,14.3,132.9,0.1,14,1,70.8,0.17,13.3,73.8,13.99,7.1,0,"2023-2024"
"MIL","RMB","4_2","Regular Season","Eli  Ndiaye",7,2,0,0,NA,0,0,NA,2,2,100,1,1,2,0,0,0,0,0,0,1,5,"H","W",88,37,23,12,24,10,10,21,5,19,24,5,15,1,23,92,88,37,23,12,24,10,10,21,5,19,24,5,15,1,23,92,1,-0.1,-2000,0.03,0,NA,NA,Inf,3,113.6,0,1.3,10,"2023-2024"
"RMB","MIL","4_2","Regular Season","Kevin  Pangos",21,9,2,3,66.7,1,5,20,2,2,100,1,1,2,0,1,3,0,0,3,5,6,"A","L",71,41,19,18,23,4,13,10,13,16,29,6,18,1,20,61,71,41,19,18,23,4,13,10,13,16,29,6,18,1,20,61,0.9,10.4,86.5,0.01,0,0,43.8,0.25,2.4,50.7,28.85,5.3,3.8,"2023-2024"
"RMB","MIL","4_2","Regular Season","Nicolo  Melli",18,0,0,0,NA,0,1,0,0,2,0,1,2,3,4,0,2,1,0,2,1,2,"A","L",71,41,19,18,23,4,13,10,13,16,29,6,18,1,20,61,71,41,19,18,23,4,13,10,13,16,29,6,18,1,20,61,0,2.8,0,0,142.9,2,0,2,0.5,0,71.43,2,3.8,"2023-2024"
"RMB","MIL","4_2","Regular Season","Shavon  Shields",32,16,4,8,50,1,3,33.3,5,7,71.4,5,2,7,1,0,2,0,1,2,8,19,"A","L",71,41,19,18,23,4,13,10,13,16,29,6,18,1,20,61,71,41,19,18,23,4,13,10,13,16,29,6,18,1,20,61,0.89,10.6,150.9,0.14,9.4,0.5,50,0.64,11.5,56.8,18.87,4.7,19.2,"2023-2024"
"RMB","MIL","4_2","Regular Season","Nikola  Mirotic",27,13,5,8,62.5,0,3,0,3,4,75,0,6,6,0,2,0,0,0,2,3,15,"A","L",71,41,19,18,23,4,13,10,13,16,29,6,18,1,20,61,71,41,19,18,23,4,13,10,13,16,29,6,18,1,20,61,0.87,12.2,106.6,0.18,0,NA,45.5,0.36,9.9,50.9,0,4.4,0,"2023-2024"
"RMB","MIL","4_2","Regular Season","Johannes  Voigtmann",21,9,3,6,50,1,2,50,0,0,NA,2,0,2,1,1,2,0,0,0,0,7,"A","L",71,41,19,18,23,4,13,10,13,16,29,6,18,1,20,61,71,41,19,18,23,4,13,10,13,16,29,6,18,1,20,61,1.12,7.7,116.9,0.09,13,0.5,56.2,0,6.1,56.2,25.97,4.4,7.7,"2023-2024"
"RMB","MIL","4_2","Regular Season","Alex  Poythress",15,4,2,4,50,0,1,0,0,0,NA,2,0,2,0,0,2,0,0,3,0,-2,"A","L",71,41,19,18,23,4,13,10,13,16,29,6,18,1,20,61,71,41,19,18,23,4,13,10,13,16,29,6,18,1,20,61,0.8,4.8,83.3,-0.04,0,0,40,0,-0.5,40,41.67,4.3,7.7,"2023-2024"
"RMB","MIL","4_2","Regular Season","Stefano  Tonut",9,2,1,2,50,0,0,NA,0,0,NA,0,1,1,1,0,2,0,0,0,2,3,"A","L",71,41,19,18,23,4,13,10,13,16,29,6,18,1,20,61,71,41,19,18,23,4,13,10,13,16,29,6,18,1,20,61,1,3.8,52.6,0.01,26.3,0.5,50,0,0,50,52.63,4.1,0,"2023-2024"
"RMB","MIL","4_2","Regular Season","Ismael  Kamagate",3,2,1,3,33.3,0,0,NA,0,0,NA,0,0,0,0,0,0,0,0,0,0,0,"A","L",71,41,19,18,23,4,13,10,13,16,29,6,18,1,20,61,71,41,19,18,23,4,13,10,13,16,29,6,18,1,20,61,0.67,2.9,69,0,0,NA,33.3,0,0.3,33.3,0,9.3,0,"2023-2024"
"RMB","MIL","4_2","Regular Season","Giampaolo  Ricci",5,0,0,1,0,0,0,NA,0,0,NA,0,2,2,0,0,0,0,0,0,0,1,"A","L",71,41,19,18,23,4,13,10,13,16,29,6,18,1,20,61,71,41,19,18,23,4,13,10,13,16,29,6,18,1,20,61,0,1,0,0.01,0,NA,0,0,-0.1,0,0,1.9,0,"2023-2024"
"RMB","MIL","4_2","Regular Season","Diego  Flaccadori",19,5,2,3,66.7,0,1,0,1,1,100,0,0,0,1,1,1,0,0,4,0,0,"A","L",71,41,19,18,23,4,13,10,13,16,29,6,18,1,20,61,71,41,19,18,23,4,13,10,13,16,29,6,18,1,20,61,1,5.2,96.2,0,19.2,1,50,0.25,2.1,56.3,19.23,2.7,0,"2023-2024"
"RMB","MIL","4_2","Regular Season","Devon  Hall",24,9,2,2,100,1,3,33.3,2,2,100,1,2,3,2,1,3,0,0,4,2,8,"A","L",71,41,19,18,23,4,13,10,13,16,29,6,18,1,20,61,71,41,19,18,23,4,13,10,13,16,29,6,18,1,20,61,1.29,7.6,118.4,0.08,26.3,0.7,70,0.4,5.8,76.5,39.47,3.4,3.8,"2023-2024"
"RMB","MIL","4_2","Regular Season","Kyle  Hines",4,2,1,1,100,0,0,NA,0,0,NA,1,0,1,0,0,1,0,0,0,0,2,"A","L",71,41,19,18,23,4,13,10,13,16,29,6,18,1,20,61,71,41,19,18,23,4,13,10,13,16,29,6,18,1,20,61,2,1,200,0.02,0,0,100,0,1.4,100,100,4.7,3.8,"2023-2024"
"FEN","VIL","4_3","Regular Season","Paris  Lee",20,9,0,2,0,3,4,75,0,0,NA,0,1,1,5,1,1,0,0,5,1,8,"A","L",86,38,24,21,21,9,17,20,8,18,26,4,11,2,20,88,86,38,24,21,21,9,17,20,8,18,26,4,11,2,20,88,1.5,6.7,134.3,0.05,74.6,5,75,0,7.8,75,14.93,3.4,0,"2023-2024"
"FEN","VIL","4_3","Regular Season","Charles Lombahe Kahudi",29,6,2,7,28.6,0,1,0,2,2,100,2,6,8,1,0,2,0,0,2,4,9,"A","L",86,38,24,21,21,9,17,20,8,18,26,4,11,2,20,88,86,38,24,21,21,9,17,20,8,18,26,4,11,2,20,88,0.6,8.5,70.6,0.03,11.8,0.5,25,0.25,2.3,33.8,23.53,3.6,12.5,"2023-2024"
"FEN","VIL","4_3","Regular Season","Joffrey  Lauvergne",25,11,4,7,57.1,1,1,100,0,0,NA,2,1,3,5,2,2,0,0,1,1,16,"A","L",86,38,24,21,21,9,17,20,8,18,26,4,11,2,20,88,86,38,24,21,21,9,17,20,8,18,26,4,11,2,20,88,1.38,7.7,142.9,0.11,64.9,2.5,68.8,0,12.2,68.8,25.97,3.9,12.5,"2023-2024"
"FEN","VIL","4_3","Regular Season","Youssoupha  Fall",25,7,1,2,50,0,0,NA,5,6,83.3,0,2,2,0,0,1,1,0,0,4,11,"A","L",86,38,24,21,21,9,17,20,8,18,26,4,11,2,20,88,86,38,24,21,21,9,17,20,8,18,26,4,11,2,20,88,0.88,5.4,129.6,0.05,0,0,50,3,5.9,75.4,18.52,2.2,0,"2023-2024"
"FEN","VIL","4_3","Regular Season","Frank  Jackson",28,25,5,5,100,3,8,37.5,6,8,75,0,2,2,3,0,0,0,0,3,3,23,"A","L",86,38,24,21,21,9,17,20,8,18,26,4,11,2,20,88,86,38,24,21,21,9,17,20,8,18,26,4,11,2,20,88,1.19,15.9,157.2,0.15,18.9,Inf,73.1,0.62,19.8,75.7,0,5.7,0,"2023-2024"
"FEN","VIL","4_3","Regular Season","Mike  Scott",18,5,1,3,33.3,1,5,20,0,0,NA,0,2,2,2,0,0,0,0,0,0,3,"A","L",86,38,24,21,21,9,17,20,8,18,26,4,11,2,20,88,86,38,24,21,21,9,17,20,8,18,26,4,11,2,20,88,0.62,7.7,64.9,0.02,26,Inf,31.2,0,2.2,31.2,0,4.3,0,"2023-2024"
"FEN","VIL","4_3","Regular Season","Edwin  Jackson",1,0,0,0,NA,0,0,NA,0,0,NA,0,0,0,0,0,0,0,0,1,0,-1,"A","L",86,38,24,21,21,9,17,20,8,18,26,4,11,2,20,88,86,38,24,21,21,9,17,20,8,18,26,4,11,2,20,88,NA,0,NA,-0.01,NA,NA,NA,NA,-0.4,NA,NA,0,0,"2023-2024"
"FEN","VIL","4_3","Regular Season","Nando  de Colo",25,11,2,5,40,1,4,25,4,4,100,0,2,2,3,0,5,0,0,2,4,7,"A","L",86,38,24,21,21,9,17,20,8,18,26,4,11,2,20,88,86,38,24,21,21,9,17,20,8,18,26,4,11,2,20,88,0.85,15.1,72.8,0.02,19.9,0.6,38.9,0.44,2.8,51.1,33.11,6.1,0,"2023-2024"
"FEN","VIL","4_3","Regular Season","John  Egbunu",11,4,2,3,66.7,0,0,NA,0,0,NA,3,2,5,0,0,0,0,1,4,0,3,"A","L",86,38,24,21,21,9,17,20,8,18,26,4,11,2,20,88,86,38,24,21,21,9,17,20,8,18,26,4,11,2,20,88,1.33,0,Inf,0.02,NA,NA,66.7,0,3.8,66.7,NA,2.7,18.8,"2023-2024"
"FEN","VIL","4_3","Regular Season","Mbaye  Ndiaye",11,6,3,3,100,0,0,NA,0,1,0,1,0,1,1,1,0,1,0,1,1,9,"A","L",86,38,24,21,21,9,17,20,8,18,26,4,11,2,20,88,86,38,24,21,21,9,17,20,8,18,26,4,11,2,20,88,1.5,2.3,260.9,0.05,43.5,Inf,100,0.33,7.4,87.2,0,3,6.2,"2023-2024"
"FEN","VIL","4_3","Regular Season","Noam  Yaacov",5,2,1,1,100,0,1,0,0,0,NA,0,0,0,0,0,0,0,0,1,0,0,"A","L",86,38,24,21,21,9,17,20,8,18,26,4,11,2,20,88,86,38,24,21,21,9,17,20,8,18,26,4,11,2,20,88,1,1.9,105.3,0,0,NA,50,0,0.6,50,0,3.9,0,"2023-2024"
"VIL","FEN","4_3","Regular Season","Johnathan  Motley",30,15,5,6,83.3,1,1,100,2,4,50,3,1,4,2,0,2,0,0,3,6,19,"H","W",101,34,38,16,21,16,11,22,9,19,28,8,8,1,18,111,101,34,38,16,21,16,11,22,9,19,28,8,8,1,18,111,1.36,7.4,202.7,0.06,27,1,92.9,0.57,12.3,85.6,27.03,3.3,16.7,"2023-2024"
"VIL","FEN","4_3","Regular Season","Nigel  Hayes-Davis",28,14,2,2,100,2,6,33.3,4,7,57.1,1,2,3,4,2,4,0,0,2,4,14,"H","W",101,34,38,16,21,16,11,22,9,19,28,8,8,1,18,111,101,34,38,16,21,16,11,22,9,19,28,8,8,1,18,111,0.93,13.5,103.7,0.05,29.6,1,62.5,0.88,10.1,63.2,29.63,5,5.6,"2023-2024"
"VIL","FEN","4_3","Regular Season","Dyshawn  Pierre",23,7,2,2,100,1,5,20,0,0,NA,0,3,3,1,1,0,0,0,1,1,8,"H","W",101,34,38,16,21,16,11,22,9,19,28,8,8,1,18,111,101,34,38,16,21,16,11,22,9,19,28,8,8,1,18,111,1,6.7,104.5,0.04,14.9,Inf,50,0,5.5,50,0,2.8,0,"2023-2024"
"VIL","FEN","4_3","Regular Season","Marko  Guduric",21,14,3,6,50,2,7,28.6,2,2,100,1,0,1,2,1,1,0,0,3,2,8,"H","W",101,34,38,16,21,16,11,22,9,19,28,8,8,1,18,111,101,34,38,16,21,16,11,22,9,19,28,8,8,1,18,111,0.93,13.3,105.3,0.03,15,2,46.2,0.15,7.8,50.4,7.52,6.5,5.6,"2023-2024"
"VIL","FEN","4_3","Regular Season","Nick  Calathes",24,7,2,6,33.3,1,1,100,0,0,NA,1,7,8,9,2,0,0,2,2,2,20,"H","W",101,34,38,16,21,16,11,22,9,19,28,8,8,1,18,111,101,34,38,16,21,16,11,22,9,19,28,8,8,1,18,111,1,5.8,120.7,0.11,155.2,Inf,50,0,13.6,50,0,2.7,5.6,"2023-2024"
"VIL","FEN","4_3","Regular Season","Scottie  Wilbekin",20,18,3,5,60,3,7,42.9,3,3,100,0,2,2,2,0,0,0,0,0,2,18,"H","W",101,34,38,16,21,16,11,22,9,19,28,8,8,1,18,111,101,34,38,16,21,16,11,22,9,19,28,8,8,1,18,111,1.2,12.8,140.6,0.09,15.6,Inf,62.5,0.25,14,67.6,0,6.1,0,"2023-2024"
"VIL","FEN","4_3","Regular Season","Sertac  Sanli",7,0,0,1,0,0,1,0,0,0,NA,1,0,1,1,0,0,0,0,1,0,-1,"H","W",101,34,38,16,21,16,11,22,9,19,28,8,8,1,18,111,101,34,38,16,21,16,11,22,9,19,28,8,8,1,18,111,0,1,0,-0.01,100,Inf,0,0,-0.4,0,0,2.6,5.6,"2023-2024"
"VIL","FEN","4_3","Regular Season","Georgios  Papagiannis",10,2,1,1,100,0,0,NA,0,0,NA,0,1,1,1,0,0,1,0,1,1,5,"H","W",101,34,38,16,21,16,11,22,9,19,28,8,8,1,18,111,101,34,38,16,21,16,11,22,9,19,28,8,8,1,18,111,2,1,200,0.02,100,Inf,100,0,3,100,0,0.9,0,"2023-2024"
"VIL","FEN","4_3","Regular Season","Tarik  Biberovic",22,17,1,2,50,5,8,62.5,0,0,NA,2,2,4,0,0,1,0,0,4,0,12,"H","W",101,34,38,16,21,16,11,22,9,19,28,8,8,1,18,111,101,34,38,16,21,16,11,22,9,19,28,8,8,1,18,111,1.7,8.6,197.7,0.06,0,0,85,0,11.8,85,11.63,4.6,11.1,"2023-2024"
"VIL","FEN","4_3","Regular Season","Yam  Madar",15,7,2,3,66.7,1,2,50,0,0,NA,0,1,1,0,2,0,0,0,1,1,8,"H","W",101,34,38,16,21,16,11,22,9,19,28,8,8,1,18,111,101,34,38,16,21,16,11,22,9,19,28,8,8,1,18,111,1.4,4.8,145.8,0.04,0,NA,70,0,6.6,70,0,3.1,0,"2023-2024"
"VIL","FEN","4_3","Regular Season","Nathan  Sestina",0,0,0,0,NA,0,0,NA,0,0,NA,0,0,0,0,0,0,0,0,0,0,0,"H","W",101,34,38,16,21,16,11,22,9,19,28,8,8,1,18,111,101,34,38,16,21,16,11,22,9,19,28,8,8,1,18,111,NA,0,NA,0,NA,NA,NA,NA,0,NA,NA,NA,0,"2023-2024"
"BAS","ZAL","4_4","Regular Season","Keenan  Evans",25,14,2,4,50,1,3,33.3,7,8,87.5,0,3,3,4,0,1,1,0,1,7,22,"A","W",99,39,21,23,18,14,21,21,5,32,37,1,10,1,24,112,99,39,21,23,18,14,21,21,5,32,37,1,10,1,24,112,0.93,11.1,126.1,0.08,36,4,50,1.14,12.9,66.5,9.01,4.6,0,"2023-2024"
"BAS","ZAL","4_4","Regular Season","Kevarrius  Hayes",11,2,1,3,33.3,0,0,NA,0,0,NA,1,1,2,1,0,0,0,1,2,0,0,"A","W",99,39,21,23,18,14,21,21,5,32,37,1,10,1,24,112,99,39,21,23,18,14,21,21,5,32,37,1,10,1,24,112,0.67,1.9,105.3,0,52.6,Inf,33.3,0,1.2,33.3,0,2.7,10,"2023-2024"
"BAS","ZAL","4_4","Regular Season","Rolands  Smits",25,21,2,4,50,3,4,75,8,8,100,0,8,8,0,0,0,0,0,4,5,27,"A","W",99,39,21,23,18,14,21,21,5,32,37,1,10,1,24,112,99,39,21,23,18,14,21,21,5,32,37,1,10,1,24,112,1.31,11.1,189.2,0.12,0,NA,81.2,1,18.2,91.1,0,4.6,0,"2023-2024"
"BAS","ZAL","4_4","Regular Season","Tomas  Dimsa",17,13,3,3,100,2,4,50,1,1,100,0,0,0,2,0,1,0,0,1,1,12,"A","W",99,39,21,23,18,14,21,21,5,32,37,1,10,1,24,112,99,39,21,23,18,14,21,21,5,32,37,1,10,1,24,112,1.62,8.1,160.5,0.06,24.7,2,85.7,0.14,10.1,87.4,12.35,5,0,"2023-2024"
"BAS","ZAL","4_4","Regular Season","Edgaras  Ulanovas",33,2,0,5,0,0,0,NA,2,2,100,0,4,4,6,0,2,0,0,3,2,4,"A","W",99,39,21,23,18,14,21,21,5,32,37,1,10,1,24,112,99,39,21,23,18,14,21,21,5,32,37,1,10,1,24,112,0.29,7.6,26.3,0.01,78.9,3,0,0.4,0.7,17,26.32,2.4,0,"2023-2024"
"BAS","ZAL","4_4","Regular Season","Naz  Mitrou-Long",13,9,4,5,80,0,2,0,1,1,100,0,3,3,2,0,2,0,0,3,2,8,"A","W",99,39,21,23,18,14,21,21,5,32,37,1,10,1,24,112,99,39,21,23,18,14,21,21,5,32,37,1,10,1,24,112,1.12,9.1,98.9,0.03,22,1,57.1,0.14,4.8,60.5,21.98,7.3,0,"2023-2024"
"BAS","ZAL","4_4","Regular Season","Dovydas  Giedraitis",23,13,2,6,33.3,3,3,100,0,0,NA,0,0,0,4,1,0,0,1,3,1,11,"A","W",99,39,21,23,18,14,21,21,5,32,37,1,10,1,24,112,99,39,21,23,18,14,21,21,5,32,37,1,10,1,24,112,1.44,8.6,151.2,0.06,46.5,Inf,72.2,0,11.3,72.2,0,3.9,0,"2023-2024"
"BAS","ZAL","4_4","Regular Season","Laurynas  Birutis",8,6,3,4,75,0,0,NA,0,0,NA,1,0,1,0,0,1,0,0,4,1,2,"A","W",99,39,21,23,18,14,21,21,5,32,37,1,10,1,24,112,99,39,21,23,18,14,21,21,5,32,37,1,10,1,24,112,1.5,3.8,157.9,0,0,0,75,0,2.5,75,26.32,6.2,10,"2023-2024"
"BAS","ZAL","4_4","Regular Season","Danielius  Lavrinovicius",0,0,0,0,NA,0,0,NA,0,0,NA,0,0,0,0,0,0,0,0,0,0,0,"A","W",99,39,21,23,18,14,21,21,5,32,37,1,10,1,24,112,99,39,21,23,18,14,21,21,5,32,37,1,10,1,24,112,NA,0,NA,0,NA,NA,NA,NA,0,NA,NA,NA,0,"2023-2024"
"BAS","ZAL","4_4","Regular Season","Brady   Manek",28,17,0,2,0,5,5,100,2,3,66.7,2,12,14,1,0,1,0,1,1,1,27,"A","W",99,39,21,23,18,14,21,21,5,32,37,1,10,1,24,112,99,39,21,23,18,14,21,21,5,32,37,1,10,1,24,112,1.7,7,242.9,0.14,14.3,1,107.1,0.43,18,102.2,14.29,3.3,20,"2023-2024"
"BAS","ZAL","4_4","Regular Season","Arnas  Butkevicius",15,2,1,3,33.3,0,0,NA,0,0,NA,1,1,2,1,0,2,0,0,2,0,-1,"A","W",99,39,21,23,18,14,21,21,5,32,37,1,10,1,24,112,99,39,21,23,18,14,21,21,5,32,37,1,10,1,24,112,0.67,3.8,52.6,-0.01,26.3,0.5,33.3,0,-0.8,33.3,52.63,3.3,10,"2023-2024"
"ZAL","BAS","4_4","Regular Season","Markus  Howard",26,26,2,6,33.3,6,13,46.2,4,4,100,0,0,0,1,0,1,0,0,4,6,17,"H","L",82,38,32,23,16,11,17,17,11,17,28,6,5,3,20,85,82,38,32,23,16,11,17,17,11,17,28,6,5,3,20,85,1.13,20.9,124.4,0.1,4.8,1,57.9,0.21,14,62.6,4.78,7.9,0,"2023-2024"
"ZAL","BAS","4_4","Regular Season","Tadas  Sedekerskis",27,6,2,3,66.7,0,1,0,2,2,100,2,3,5,1,0,0,0,0,0,1,11,"H","L",82,38,32,23,16,11,17,17,11,17,28,6,5,3,20,85,82,38,32,23,16,11,17,17,11,17,28,6,5,3,20,85,1,2.8,214.3,0.08,35.7,Inf,50,0.5,7,61.5,0,1.7,9.1,"2023-2024"
"ZAL","BAS","4_4","Regular Season","Codi  Miller-McIntyre",24,7,2,6,33.3,0,1,0,3,4,75,0,3,3,7,0,0,0,0,2,2,11,"H","L",82,38,32,23,16,11,17,17,11,17,28,6,5,3,20,85,82,38,32,23,16,11,17,17,11,17,28,6,5,3,20,85,0.64,8.4,83.3,0.08,83.3,Inf,28.6,0.57,7.5,40,0,3.4,0,"2023-2024"
"ZAL","BAS","4_4","Regular Season","Matthew  Costello",25,1,0,0,NA,0,1,0,1,2,50,1,0,1,2,0,0,1,0,1,2,4,"H","L",82,38,32,23,16,11,17,17,11,17,28,6,5,3,20,85,82,38,32,23,16,11,17,17,11,17,28,6,5,3,20,85,0.33,0.8,125,0.01,250,Inf,0,2,2.3,26.6,0,0.7,4.5,"2023-2024"
"ZAL","BAS","4_4","Regular Season","Chima  Moneke",27,32,7,11,63.6,4,8,50,6,9,66.7,4,5,9,1,2,0,2,0,5,7,37,"H","L",82,38,32,23,16,11,17,17,11,17,28,6,5,3,20,85,82,38,32,23,16,11,17,17,11,17,28,6,5,3,20,85,1.14,18.2,175.8,0.25,5.5,Inf,68.4,0.47,28.3,69.7,0,8,18.2,"2023-2024"
"ZAL","BAS","4_4","Regular Season","Nico  Mannion",15,2,1,5,20,0,2,0,0,0,NA,1,1,2,2,0,0,0,0,3,2,-1,"H","L",82,38,32,23,16,11,17,17,11,17,28,6,5,3,20,85,82,38,32,23,16,11,17,17,11,17,28,6,5,3,20,85,0.29,5.8,34.5,-0.03,34.5,Inf,14.3,0,-1.3,14.3,0,4.4,4.5,"2023-2024"
"ZAL","BAS","4_4","Regular Season","Vanja  Marinkovic",18,0,0,2,0,0,1,0,0,0,NA,2,0,2,2,1,3,0,0,2,0,-3,"H","L",82,38,32,23,16,11,17,17,11,17,28,6,5,3,20,85,82,38,32,23,16,11,17,17,11,17,28,6,5,3,20,85,0,3.8,0,-0.04,52.6,0.7,0,0,-2.1,0,78.95,3.1,9.1,"2023-2024"
"ZAL","BAS","4_4","Regular Season","Daniel  Diez",8,2,1,2,50,0,3,0,0,0,NA,0,1,1,0,0,0,0,0,0,0,-1,"H","L",82,38,32,23,16,11,17,17,11,17,28,6,5,3,20,85,82,38,32,23,16,11,17,17,11,17,28,6,5,3,20,85,0.4,4.8,41.7,-0.01,0,NA,20,0,-0.8,20,0,5.9,0,"2023-2024"
"ZAL","BAS","4_4","Regular Season","Nikos  Rogkavopoulos",16,4,0,0,NA,1,2,50,1,2,50,0,1,1,1,2,1,0,1,2,2,4,"H","L",82,38,32,23,16,11,17,17,11,17,28,6,5,3,20,85,82,38,32,23,16,11,17,17,11,17,28,6,5,3,20,85,1,3.7,108.1,0.03,27,1,75,1,3.8,69.4,27.03,2.3,0,"2023-2024"
"ZAL","BAS","4_4","Regular Season","Maik  Kotsar",14,2,1,3,33.3,0,0,NA,0,0,NA,1,3,4,0,1,0,0,0,1,2,6,"H","L",82,38,32,23,16,11,17,17,11,17,28,6,5,3,20,85,82,38,32,23,16,11,17,17,11,17,28,6,5,3,20,85,0.67,1.9,105.3,0.03,0,NA,33.3,0,2.5,33.3,0,2,4.5,"2023-2024"
"EFE","VAL","4_5","Regular Season","Victor  Claver",21,6,1,1,100,1,2,50,1,2,50,3,3,6,0,1,0,0,0,3,2,10,"A","L",73,40,21,12,21,8,7,18,7,26,33,4,7,2,22,77,73,40,21,12,21,8,7,18,7,26,33,4,7,2,22,77,1.2,0.8,750,0.05,0,NA,83.3,0.67,7.1,77.3,0,2,21.4,"2023-2024"
"EFE","VAL","4_5","Regular Season","Jaime  Pradilla",18,8,4,4,100,0,0,NA,0,0,NA,1,1,2,0,0,2,0,0,1,1,8,"A","L",73,40,21,12,21,8,7,18,7,26,33,4,7,2,22,77,73,40,21,12,21,8,7,18,7,26,33,4,7,2,22,77,2,4.8,166.7,0.05,0,0,100,0,5.4,100,41.67,3.6,7.1,"2023-2024"
"EFE","VAL","4_5","Regular Season","Chris  Jones",27,9,2,8,25,1,2,50,2,2,100,0,8,8,4,2,1,0,1,1,1,14,"A","L",73,40,21,12,21,8,7,18,7,26,33,4,7,2,22,77,73,40,21,12,21,8,7,18,7,26,33,4,7,2,22,77,0.75,11.4,78.9,0.12,35.1,4,35,0.2,9,41.4,8.77,4.8,0,"2023-2024"
"EFE","VAL","4_5","Regular Season","Boubacar  Toure",11,5,2,4,50,0,0,NA,1,2,50,1,3,4,1,0,2,0,0,3,2,4,"A","L",73,40,21,12,21,8,7,18,7,26,33,4,7,2,22,77,73,40,21,12,21,8,7,18,7,26,33,4,7,2,22,77,0.83,5.6,89.3,0.01,17.9,0.5,50,0.5,1.7,51.2,35.71,6.8,7.1,"2023-2024"
"EFE","VAL","4_5","Regular Season","Kassius  Robertson",24,4,0,1,0,1,6,16.7,1,2,50,0,0,0,2,1,0,1,0,2,1,0,"A","L",73,40,21,12,21,8,7,18,7,26,33,4,7,2,22,77,73,40,21,12,21,8,7,18,7,26,33,4,7,2,22,77,0.44,7.6,52.6,-0.01,26.3,Inf,21.4,0.29,1.4,25.4,0,3.6,0,"2023-2024"
"EFE","VAL","4_5","Regular Season","Josep  Puerto",19,10,2,2,100,2,3,66.7,0,0,NA,1,2,3,0,0,0,0,0,1,3,14,"A","L",73,40,21,12,21,8,7,18,7,26,33,4,7,2,22,77,73,40,21,12,21,8,7,18,7,26,33,4,7,2,22,77,2,3.8,263.2,0.09,0,NA,100,0,9,100,0,2.9,7.1,"2023-2024"
"EFE","VAL","4_5","Regular Season","Nate  Reuvers",10,1,0,3,0,0,3,0,1,2,50,0,1,1,1,0,0,0,1,2,2,-5,"A","L",73,40,21,12,21,8,7,18,7,26,33,4,7,2,22,77,73,40,21,12,21,8,7,18,7,26,33,4,7,2,22,77,0.12,6.6,15.2,-0.05,15.2,Inf,0,0.33,-3.4,7.3,0,7.5,0,"2023-2024"
"EFE","VAL","4_5","Regular Season","Guillem  Ferrando",7,3,0,0,NA,1,1,100,0,0,NA,0,0,0,2,0,0,0,0,3,0,2,"A","L",73,40,21,12,21,8,7,18,7,26,33,4,7,2,22,77,73,40,21,12,21,8,7,18,7,26,33,4,7,2,22,77,3,1,300,0.02,200,Inf,150,0,2.9,150,0,1.6,0,"2023-2024"
"EFE","VAL","4_5","Regular Season","Damien  Inglis",20,13,5,8,62.5,1,1,100,0,0,NA,0,3,3,4,0,0,0,0,2,0,15,"A","L",73,40,21,12,21,8,7,18,7,26,33,4,7,2,22,77,73,40,21,12,21,8,7,18,7,26,33,4,7,2,22,77,1.44,8.6,151.2,0.13,46.5,Inf,72.2,0,12,72.2,0,4.9,0,"2023-2024"
"EFE","VAL","4_5","Regular Season","Stefan  Jovic",22,6,3,4,75,0,2,0,0,0,NA,1,3,4,3,0,1,0,0,3,1,7,"A","L",73,40,21,12,21,8,7,18,7,26,33,4,7,2,22,77,73,40,21,12,21,8,7,18,7,26,33,4,7,2,22,77,1,5.8,103.4,0.05,51.7,3,50,0,4.5,50,17.24,3.5,7.1,"2023-2024"
"EFE","VAL","4_5","Regular Season","Brandon  Davies",22,8,2,5,40,1,1,100,1,2,50,0,2,2,1,0,1,1,0,1,2,8,"A","L",73,40,21,12,21,8,7,18,7,26,33,4,7,2,22,77,73,40,21,12,21,8,7,18,7,26,33,4,7,2,22,77,1,7.6,105.3,0.05,13.2,1,58.3,0.33,5.2,58.1,13.16,3.9,0,"2023-2024"
"VAL","EFE","4_5","Regular Season","Shane  Larkin",32,15,2,3,66.7,2,6,33.3,5,9,55.6,0,8,8,6,2,2,1,0,1,6,26,"H","W",77,39,22,21,24,5,14,23,5,23,28,5,8,2,15,93,77,39,22,21,24,5,14,23,5,23,28,5,8,2,15,93,0.83,14.4,104.2,0.14,41.7,3,55.6,1,15.6,57.9,13.89,4.8,0,"2023-2024"
"VAL","EFE","4_5","Regular Season","Will  Clyburn",34,13,5,7,71.4,0,4,0,3,3,100,1,5,6,2,0,1,0,0,1,5,18,"H","W",77,39,22,21,24,5,14,23,5,23,28,5,8,2,15,93,77,39,22,21,24,5,14,23,5,23,28,5,8,2,15,93,0.93,11.8,110.2,0.09,16.9,2,45.5,0.27,9.5,52.8,8.47,4,10,"2023-2024"
"VAL","EFE","4_5","Regular Season","Darius  Thompson",28,13,4,5,80,1,4,25,2,2,100,0,1,1,5,2,2,0,0,4,1,12,"H","W",77,39,22,21,24,5,14,23,5,23,28,5,8,2,15,93,77,39,22,21,24,5,14,23,5,23,28,5,8,2,15,93,1.18,11.4,114,0.08,43.9,2.5,61.1,0.22,10.9,65.8,17.54,4.3,0,"2023-2024"
"VAL","EFE","4_5","Regular Season","Ercan  Osmani",8,0,0,2,0,0,1,0,0,0,NA,0,0,0,0,0,0,0,1,1,0,-5,"H","W",77,39,22,21,24,5,14,23,5,23,28,5,8,2,15,93,77,39,22,21,24,5,14,23,5,23,28,5,8,2,15,93,0,2.9,0,-0.03,0,NA,0,0,-2.5,0,0,3.8,0,"2023-2024"
"VAL","EFE","4_5","Regular Season","Tyrique  Jones",27,10,5,10,50,0,0,NA,0,1,0,1,3,4,1,1,0,0,0,2,3,11,"H","W",77,39,22,21,24,5,14,23,5,23,28,5,8,2,15,93,77,39,22,21,24,5,14,23,5,23,28,5,8,2,15,93,0.91,9.1,109.9,0.05,11,Inf,50,0.1,7.1,47.9,0,4,10,"2023-2024"
"VAL","EFE","4_5","Regular Season","Rodrigue  Beaubois",23,14,4,7,57.1,1,3,33.3,3,4,75,0,2,2,4,0,1,0,1,1,3,14,"H","W",77,39,22,21,24,5,14,23,5,23,28,5,8,2,15,93,77,39,22,21,24,5,14,23,5,23,28,5,8,2,15,93,1,12.2,114.8,0.09,32.8,4,55,0.4,10.6,59.5,8.2,5.7,0,"2023-2024"
"VAL","EFE","4_5","Regular Season","Erkan  Yilmaz",10,2,1,1,100,0,0,NA,0,0,NA,0,0,0,0,0,1,1,0,4,1,-1,"H","W",77,39,22,21,24,5,14,23,5,23,28,5,8,2,15,93,77,39,22,21,24,5,14,23,5,23,28,5,8,2,15,93,2,1.9,105.3,-0.02,0,0,100,0,-0.2,100,52.63,2,0,"2023-2024"
"VAL","EFE","4_5","Regular Season","Derek  Willis",24,7,2,2,100,1,4,25,0,0,NA,2,2,4,3,0,0,0,0,1,1,11,"H","W",77,39,22,21,24,5,14,23,5,23,28,5,8,2,15,93,77,39,22,21,24,5,14,23,5,23,28,5,8,2,15,93,1.17,3.8,184.2,0.06,78.9,Inf,58.3,0,7.7,58.3,0,2.6,20,"2023-2024"
"VAL","EFE","4_5","Regular Season","Ante  Zizic",13,3,1,2,50,0,0,NA,1,2,50,1,2,3,2,0,1,0,0,0,2,7,"H","W",77,39,22,21,24,5,14,23,5,23,28,5,8,2,15,93,77,39,22,21,24,5,14,23,5,23,28,5,8,2,15,93,0.75,2.8,107.1,0.03,71.4,2,50,1,3.3,52.1,35.71,3.1,10,"2023-2024"
"BAR","BAY","4_6","Regular Season","Carsen  Edwards",14,3,0,3,0,1,3,33.3,0,0,NA,0,1,1,0,0,0,0,1,2,1,-3,"A","L",59,34,28,14,14,7,10,12,9,25,34,5,12,1,22,47,59,34,28,14,14,7,10,12,9,25,34,5,12,1,22,47,0.5,5.8,51.7,-0.06,0,NA,25,0,-1.3,25,0,4.3,0,"2023-2024"
"BAR","BAY","4_6","Regular Season","Isaac  Bonga",15,7,1,2,50,1,4,25,2,3,66.7,1,4,5,0,0,3,0,0,3,3,4,"A","L",59,34,28,14,14,7,10,12,9,25,34,5,12,1,22,47,59,34,28,14,14,7,10,12,9,25,34,5,12,1,22,47,0.78,8.9,78.7,0.01,0,0,41.7,0.5,0.9,47.8,33.71,6.9,5.6,"2023-2024"
"BAR","BAY","4_6","Regular Season","Leandro  Bolmaro",17,2,1,2,50,0,1,0,0,0,NA,0,1,1,1,1,4,0,0,2,1,-2,"A","L",59,34,28,14,14,7,10,12,9,25,34,5,12,1,22,47,59,34,28,14,14,7,10,12,9,25,34,5,12,1,22,47,0.67,6.7,29.9,-0.06,14.9,0.2,33.3,0,-2.5,33.3,59.7,4.1,0,"2023-2024"
"BAR","BAY","4_6","Regular Season","Devin   Booker",13,9,2,4,50,1,1,100,2,2,100,0,1,1,0,0,1,0,0,0,1,8,"A","L",59,34,28,14,14,7,10,12,9,25,34,5,12,1,22,47,59,34,28,14,14,7,10,12,9,25,34,5,12,1,22,47,1.29,6.6,136.4,0.13,0,0,70,0.4,6,76.5,15.15,5.3,0,"2023-2024"
"BAR","BAY","4_6","Regular Season","Freddie  Gillespie",12,2,1,3,33.3,0,0,NA,0,0,NA,1,4,5,0,0,1,0,0,2,2,4,"A","L",59,34,28,14,14,7,10,12,9,25,34,5,12,1,22,47,59,34,28,14,14,7,10,12,9,25,34,5,12,1,22,47,0.67,2.9,69,0.03,0,0,33.3,0,0.4,33.3,34.48,3.3,5.6,"2023-2024"
"BAR","BAY","4_6","Regular Season","Nick  Weiler-Babb",24,5,1,2,50,1,4,25,0,0,NA,0,1,1,2,2,0,0,0,2,1,5,"A","L",59,34,28,14,14,7,10,12,9,25,34,5,12,1,22,47,59,34,28,14,14,7,10,12,9,25,34,5,12,1,22,47,0.83,5.8,86.2,0.07,34.5,Inf,41.7,0,4.5,41.7,0,2.5,0,"2023-2024"
"BAR","BAY","4_6","Regular Season","Sylvain  Francisco",17,7,2,2,100,0,3,0,3,4,75,0,5,5,2,0,1,0,0,0,4,13,"A","L",59,34,28,14,14,7,10,12,9,25,34,5,12,1,22,47,59,34,28,14,14,7,10,12,9,25,34,5,12,1,22,47,0.78,7.4,94.6,0.17,27,2,40,0.8,5.8,51.8,13.51,4.6,0,"2023-2024"
"BAR","BAY","4_6","Regular Season","Nelson  Weidemann",8,3,0,0,NA,1,2,50,0,0,NA,0,2,2,2,0,0,0,0,1,0,5,"A","L",59,34,28,14,14,7,10,12,9,25,34,5,12,1,22,47,59,34,28,14,14,7,10,12,9,25,34,5,12,1,22,47,1.5,1.9,157.9,0.09,105.3,Inf,75,0,3.6,75,0,2.5,0,"2023-2024"
"BAR","BAY","4_6","Regular Season","Niels  Giffey",22,2,1,2,50,0,3,0,0,0,NA,1,1,2,2,1,1,0,0,2,0,0,"A","L",59,34,28,14,14,7,10,12,9,25,34,5,12,1,22,47,59,34,28,14,14,7,10,12,9,25,34,5,12,1,22,47,0.4,4.8,41.7,-0.01,41.7,2,20,0,0.5,20,20.83,2.7,5.6,"2023-2024"
"BAR","BAY","4_6","Regular Season","Andreas  Obst",24,6,0,0,NA,2,5,40,0,0,NA,0,1,1,1,0,0,0,0,2,1,4,"A","L",59,34,28,14,14,7,10,12,9,25,34,5,12,1,22,47,59,34,28,14,14,7,10,12,9,25,34,5,12,1,22,47,1.2,4.8,125,0.06,20.8,Inf,60,0,3.5,60,0,2.1,0,"2023-2024"
"BAR","BAY","4_6","Regular Season","Serge  Ibaka",22,13,5,12,41.7,0,2,0,3,5,60,4,4,8,1,0,1,1,1,4,4,10,"A","L",59,34,28,14,14,7,10,12,9,25,34,5,12,1,22,47,59,34,28,14,14,7,10,12,9,25,34,5,12,1,22,47,0.68,12.7,102.4,0.08,7.9,1,35.7,0.36,7.2,40.1,7.87,7.8,22.2,"2023-2024"
"BAR","BAY","4_6","Regular Season","Elias  Harris",10,0,0,2,0,0,0,NA,0,0,NA,2,0,2,1,1,0,0,1,2,0,-1,"A","L",59,34,28,14,14,7,10,12,9,25,34,5,12,1,22,47,59,34,28,14,14,7,10,12,9,25,34,5,12,1,22,47,0,0,NA,-0.02,Inf,Inf,0,0,0.9,0,NA,2,11.1,"2023-2024"
"BAY","BAR","4_6","Regular Season","Oscar  da Silva",17,5,1,1,100,1,1,100,0,0,NA,2,1,3,0,0,0,1,0,1,1,9,"H","W",98,40,27,21,21,13,17,22,11,29,40,7,5,3,18,131,98,40,27,21,21,13,17,22,11,29,40,7,5,3,18,131,2.5,0,Inf,0.03,NA,NA,125,0,6.4,125,NA,1.2,9.1,"2023-2024"
"BAY","BAR","4_6","Regular Season","Jan  Vesely",12,14,5,7,71.4,0,0,NA,4,4,100,1,3,4,1,0,0,0,0,2,3,18,"H","W",98,40,27,21,21,13,17,22,11,29,40,7,5,3,18,131,98,40,27,21,21,13,17,22,11,29,40,7,5,3,18,131,1.27,7.4,189.2,0.07,13.5,Inf,71.4,0.57,12.6,79.9,0,7.2,4.5,"2023-2024"
"BAY","BAR","4_6","Regular Season","Nikola  Kalinic",17,3,1,1,100,0,1,0,1,2,50,1,3,4,3,1,1,0,0,0,1,9,"H","W",98,40,27,21,21,13,17,22,11,29,40,7,5,3,18,131,98,40,27,21,21,13,17,22,11,29,40,7,5,3,18,131,0.75,2.8,107.1,0.04,107.1,3,50,1,5.3,52.1,35.71,2.2,4.5,"2023-2024"
"BAY","BAR","4_6","Regular Season","Tomas  Satoransky",18,9,0,1,0,3,5,60,0,0,NA,0,3,3,0,0,0,0,0,1,2,10,"H","W",98,40,27,21,21,13,17,22,11,29,40,7,5,3,18,131,98,40,27,21,21,13,17,22,11,29,40,7,5,3,18,131,1.5,5.8,155.2,0.04,0,NA,75,0,6.5,75,0,3.3,0,"2023-2024"
"BAY","BAR","4_6","Regular Season","Nicolas  Laprovittola",14,5,0,0,NA,1,3,33.3,2,2,100,0,0,0,6,1,0,0,0,0,2,12,"H","W",98,40,27,21,21,13,17,22,11,29,40,7,5,3,18,131,98,40,27,21,21,13,17,22,11,29,40,7,5,3,18,131,1,3.7,135.1,0.05,162.2,Inf,50,0.67,8.5,64.4,0,2.7,0,"2023-2024"
"BAY","BAR","4_6","Regular Season","Dario  Brizuela",21,8,1,4,25,2,5,40,0,0,NA,1,1,2,5,1,0,0,0,3,1,8,"H","W",98,40,27,21,21,13,17,22,11,29,40,7,5,3,18,131,98,40,27,21,21,13,17,22,11,29,40,7,5,3,18,131,0.89,7.7,103.9,0.03,64.9,Inf,44.4,0,7.2,44.4,0,4.2,4.5,"2023-2024"
"BAY","BAR","4_6","Regular Season","Willy  Hernangomez",18,11,1,5,20,1,4,25,6,6,100,2,5,7,0,1,0,1,1,0,5,17,"H","W",98,40,27,21,21,13,17,22,11,29,40,7,5,3,18,131,98,40,27,21,21,13,17,22,11,29,40,7,5,3,18,131,0.73,9.3,118.3,0.06,0,NA,27.8,0.67,10.1,47.3,0,6.4,9.1,"2023-2024"
"BAY","BAR","4_6","Regular Season","Alejandro  Abrines",5,3,0,0,NA,1,1,100,0,0,NA,0,0,0,0,0,0,0,0,2,0,1,"H","W",98,40,27,21,21,13,17,22,11,29,40,7,5,3,18,131,98,40,27,21,21,13,17,22,11,29,40,7,5,3,18,131,3,1,300,0,0,NA,150,0,1.9,150,0,2,0,"2023-2024"
"BAY","BAR","4_6","Regular Season","Jabari  Parker",23,15,3,6,50,3,4,75,0,0,NA,0,6,6,2,1,0,1,0,4,0,17,"H","W",98,40,27,21,21,13,17,22,11,29,40,7,5,3,18,131,98,40,27,21,21,13,17,22,11,29,40,7,5,3,18,131,1.5,9.6,156.2,0.08,20.8,Inf,75,0,13.7,75,0,4.3,0,"2023-2024"
"BAY","BAR","4_6","Regular Season","James  Nnaji",10,10,3,4,75,0,0,NA,4,7,57.1,1,2,3,1,1,1,0,0,2,4,12,"H","W",98,40,27,21,21,13,17,22,11,29,40,7,5,3,18,131,98,40,27,21,21,13,17,22,11,29,40,7,5,3,18,131,0.91,6.8,147.1,0.04,14.7,1,75,1.75,8.4,70.6,14.71,8,4.5,"2023-2024"
"BAY","BAR","4_6","Regular Season","Rokas  Jokubaitis",21,9,3,6,50,1,2,50,0,0,NA,1,1,2,4,0,2,0,0,1,1,9,"H","W",98,40,27,21,21,13,17,22,11,29,40,7,5,3,18,131,98,40,27,21,21,13,17,22,11,29,40,7,5,3,18,131,1.12,8.6,104.7,0.04,46.5,2,56.2,0,6.4,56.2,23.26,4.7,4.5,"2023-2024"
"BAY","BAR","4_6","Regular Season","Joel  Parra",23,6,3,5,60,0,1,0,0,0,NA,2,4,6,0,1,1,0,0,2,2,9,"H","W",98,40,27,21,21,13,17,22,11,29,40,7,5,3,18,131,98,40,27,21,21,13,17,22,11,29,40,7,5,3,18,131,1,4.8,125,0.03,0,0,50,0,4.8,50,20.83,3,9.1,"2023-2024"
"ASM","BER","4_7","Regular Season","Matteo  Spagnolo",20,0,0,3,0,0,2,0,0,0,NA,0,1,1,3,0,5,0,0,1,1,-6,"A","L",75,32,32,14,15,11,12,16,10,18,28,6,13,1,14,72,75,32,32,14,15,11,12,16,10,18,28,6,13,1,14,72,0,9.6,0,-0.07,31.2,0.6,0,0,-6.5,0,52.08,4.8,0,"2023-2024"
"ASM","BER","4_7","Regular Season","Matt  Thomas",27,17,0,1,0,5,8,62.5,2,2,100,2,1,3,2,0,3,0,0,0,2,17,"A","L",75,32,32,14,15,11,12,16,10,18,28,6,13,1,14,72,75,32,32,14,15,11,12,16,10,18,28,6,13,1,14,72,1.55,10.4,163.5,0.13,19.2,0.7,83.3,0.22,12.8,86,28.85,4.6,10,"2023-2024"
"ASM","BER","4_7","Regular Season","Kresimir  Nikic",12,0,0,3,0,0,0,NA,0,0,NA,0,1,1,0,0,0,0,1,2,0,-5,"A","L",75,32,32,14,15,11,12,16,10,18,28,6,13,1,14,72,75,32,32,14,15,11,12,16,10,18,28,6,13,1,14,72,0,2.9,0,-0.04,0,NA,0,0,-2.6,0,0,2.4,0,"2023-2024"
"ASM","BER","4_7","Regular Season","Louis  Olinde",21,8,1,3,33.3,2,4,50,0,0,NA,2,2,4,0,1,1,0,0,2,1,7,"A","L",75,32,32,14,15,11,12,16,10,18,28,6,13,1,14,72,75,32,32,14,15,11,12,16,10,18,28,6,13,1,14,72,1.14,5.8,137.9,0.05,0,0,57.1,0,5.5,57.1,17.24,3.7,10,"2023-2024"
"ASM","BER","4_7","Regular Season","Johannes  Thiemann",25,7,2,5,40,0,3,0,3,4,75,0,7,7,1,0,0,0,0,2,3,9,"A","L",75,32,32,14,15,11,12,16,10,18,28,6,13,1,14,72,75,32,32,14,15,11,12,16,10,18,28,6,13,1,14,72,0.58,9.4,74.5,0.06,10.6,Inf,25,0.5,3.8,35.9,0,3.8,0,"2023-2024"
"ASM","BER","4_7","Regular Season","Sterling  Brown",24,15,5,8,62.5,1,5,20,2,2,100,1,3,4,3,0,0,0,1,2,2,14,"A","L",75,32,32,14,15,11,12,16,10,18,28,6,13,1,14,72,75,32,32,14,15,11,12,16,10,18,28,6,13,1,14,72,1,12.4,121,0.12,24.2,Inf,50,0.15,11.2,54,0,5.6,5,"2023-2024"
"ASM","BER","4_7","Regular Season","Gabriele  Procida",15,7,3,3,100,0,2,0,1,2,50,0,1,1,0,2,1,1,0,0,1,8,"A","L",75,32,32,14,15,11,12,16,10,18,28,6,13,1,14,72,75,32,32,14,15,11,12,16,10,18,28,6,13,1,14,72,1,6.6,106.1,0.06,0,0,60,0.4,6.3,59.5,15.15,4.4,0,"2023-2024"
"ASM","BER","4_7","Regular Season","Malte  Delow",20,10,1,2,50,2,4,50,2,2,100,2,0,2,2,1,2,0,0,1,1,10,"A","L",75,32,32,14,15,11,12,16,10,18,28,6,13,1,14,72,75,32,32,14,15,11,12,16,10,18,28,6,13,1,14,72,1.25,6.6,151.5,0.07,30.3,1,66.7,0.33,8.4,72.7,30.3,4.3,10,"2023-2024"
"ASM","BER","4_7","Regular Season","Jonas  Mattisseck",5,3,0,0,NA,1,1,100,0,0,NA,0,0,0,1,1,0,0,0,0,0,5,"A","L",75,32,32,14,15,11,12,16,10,18,28,6,13,1,14,72,75,32,32,14,15,11,12,16,10,18,28,6,13,1,14,72,3,1,300,0.05,100,Inf,150,0,4.4,150,0,1.9,0,"2023-2024"
"ASM","BER","4_7","Regular Season","Tim  Schneider",15,2,1,2,50,0,2,0,0,0,NA,1,1,2,1,0,0,0,0,3,1,0,"A","L",75,32,32,14,15,11,12,16,10,18,28,6,13,1,14,72,75,32,32,14,15,11,12,16,10,18,28,6,13,1,14,72,0.5,2.9,69,-0.01,34.5,Inf,25,0,0.1,25,0,2.6,5,"2023-2024"
"ASM","BER","4_7","Regular Season","Justin  Bean",15,6,2,2,100,0,1,0,2,2,100,2,1,3,3,1,1,0,0,1,3,13,"A","L",75,32,32,14,15,11,12,16,10,18,28,6,13,1,14,72,75,32,32,14,15,11,12,16,10,18,28,6,13,1,14,72,1.2,2.8,214.3,0.08,107.1,3,66.7,0.67,8.1,77.3,35.71,3.1,10,"2023-2024"
"BER","ASM","4_7","Regular Season","John  Brown III",20,8,4,5,80,0,1,0,0,0,NA,1,0,1,2,1,1,0,0,1,2,10,"H","W",86,40,19,12,25,9,9,24,7,25,32,7,13,2,16,107,86,40,19,12,25,9,9,24,7,25,32,7,13,2,16,107,1.33,5.8,137.9,0.04,34.5,2,66.7,0,7.1,66.7,17.24,3.6,7.1,"2023-2024"
"BER","ASM","4_7","Regular Season","Alpha  Diallo",29,9,4,5,80,0,1,0,1,1,100,0,6,6,4,2,1,0,0,2,2,18,"H","W",86,40,19,12,25,9,9,24,7,25,32,7,13,2,16,107,86,40,19,12,25,9,9,24,7,25,32,7,13,2,16,107,1.29,7.1,126.8,0.09,56.3,4,66.7,0.17,11.2,69.9,14.08,2.7,0,"2023-2024"
"BER","ASM","4_7","Regular Season","Donatas  Motiejunas",15,6,3,4,75,0,0,NA,0,0,NA,1,4,5,1,2,0,0,0,0,2,15,"H","W",86,40,19,12,25,9,9,24,7,25,32,7,13,2,16,107,86,40,19,12,25,9,9,24,7,25,32,7,13,2,16,107,1.5,2.9,206.9,0.07,34.5,Inf,75,0,9,75,0,2.8,7.1,"2023-2024"
"BER","ASM","4_7","Regular Season","Matthew  Strazel",14,2,1,2,50,0,3,0,0,1,0,0,0,0,1,0,0,0,0,1,1,-2,"H","W",86,40,19,12,25,9,9,24,7,25,32,7,13,2,16,107,86,40,19,12,25,9,9,24,7,25,32,7,13,2,16,107,0.33,5.2,38.5,-0.02,19.2,Inf,20,0.2,-1.2,18.4,0,4,0,"2023-2024"
"BER","ASM","4_7","Regular Season","Mike  James",28,17,5,7,71.4,1,4,25,4,4,100,0,5,5,7,1,2,0,1,2,3,23,"H","W",86,40,19,12,25,9,9,24,7,25,32,7,13,2,16,107,86,40,19,12,25,9,9,24,7,25,32,7,13,2,16,107,1.13,14.2,119.7,0.12,49.3,3.5,59.1,0.36,16.3,66.6,14.08,5.5,0,"2023-2024"
"BER","ASM","4_7","Regular Season","Elie  Okobo",22,7,2,5,40,1,2,50,0,0,NA,0,0,0,3,0,4,0,0,3,0,-1,"H","W",86,40,19,12,25,9,9,24,7,25,32,7,13,2,16,107,86,40,19,12,25,9,9,24,7,25,32,7,13,2,16,107,1,10.6,66,-0.01,28.3,0.8,50,0,0.2,50,37.74,5.2,0,"2023-2024"
"BER","ASM","4_7","Regular Season","Jaron  Blossomgame",12,8,0,4,0,2,3,66.7,2,2,100,2,2,4,2,0,0,0,0,1,1,9,"H","W",86,40,19,12,25,9,9,24,7,25,32,7,13,2,16,107,86,40,19,12,25,9,9,24,7,25,32,7,13,2,16,107,0.89,5.6,142.9,0.04,35.7,Inf,42.9,0.29,6.9,50.8,0,6.8,14.3,"2023-2024"
"BER","ASM","4_7","Regular Season","Petr  Cornelie",14,9,0,1,0,3,3,100,0,0,NA,0,3,3,1,0,1,0,0,2,0,9,"H","W",86,40,19,12,25,9,9,24,7,25,32,7,13,2,16,107,86,40,19,12,25,9,9,24,7,25,32,7,13,2,16,107,2.25,4.8,187.5,0.05,20.8,1,112.5,0,7.2,112.5,20.83,3.7,0,"2023-2024"
"BER","ASM","4_7","Regular Season","Mouhammadou  Jaiteh",3,2,1,1,100,0,0,NA,0,0,NA,1,0,1,0,0,0,0,0,1,1,3,"H","W",86,40,19,12,25,9,9,24,7,25,32,7,13,2,16,107,86,40,19,12,25,9,9,24,7,25,32,7,13,2,16,107,2,0,Inf,0.01,NA,NA,100,0,2,100,NA,3.5,7.1,"2023-2024"
"BER","ASM","4_7","Regular Season","Kemba  Walker",13,5,1,2,50,1,1,100,0,0,NA,0,1,1,3,0,2,0,0,2,0,4,"H","W",86,40,19,12,25,9,9,24,7,25,32,7,13,2,16,107,86,40,19,12,25,9,9,24,7,25,32,7,13,2,16,107,1.67,4.8,104.2,0.02,62.5,1.5,83.3,0,3.3,83.3,41.67,4,0,"2023-2024"
"BER","ASM","4_7","Regular Season","Yakuba  Ouattara",14,9,3,3,100,1,1,100,0,0,NA,0,2,2,0,0,1,0,0,0,0,10,"H","W",86,40,19,12,25,9,9,24,7,25,32,7,13,2,16,107,86,40,19,12,25,9,9,24,7,25,32,7,13,2,16,107,2.25,4.8,187.5,0.06,0,0,112.5,0,7.4,112.5,20.83,3.7,0,"2023-2024"
"BER","ASM","4_7","Regular Season","Donta  Hall",17,4,1,1,100,0,0,NA,2,4,50,2,2,4,0,1,1,2,0,1,2,9,"H","W",86,40,19,12,25,9,9,24,7,25,32,7,13,2,16,107,86,40,19,12,25,9,9,24,7,25,32,7,13,2,16,107,0.8,1.7,235.3,0.03,0,0,100,4,5.9,72.5,58.82,2.3,14.3,"2023-2024"
"MAC","PAN","4_8","Regular Season","Aleksander  Balcerowski",8,0,0,1,0,0,0,NA,0,0,NA,1,0,1,0,0,1,1,0,1,0,-1,"H","L",81,32,29,33,15,10,21,18,10,24,34,13,16,6,18,95,81,32,29,33,15,10,21,18,10,24,34,13,16,6,18,95,0,1,0,-0.02,0,0,0,0,-0.7,0,100,2.2,5,"2023-2024"
"MAC","PAN","4_8","Regular Season","Kostas  Sloukas",32,9,1,5,20,1,6,16.7,4,7,57.1,0,5,5,8,2,2,0,2,1,6,13,"H","L",81,32,29,33,15,10,21,18,10,24,34,13,16,6,18,95,81,32,29,33,15,10,21,18,10,24,34,13,16,6,18,95,0.5,15.4,58.4,0.07,51.9,4,22.7,0.64,7.6,32,12.99,4.4,0,"2023-2024"
"MAC","PAN","4_8","Regular Season","Jerian  Grant",21,8,1,2,50,1,1,100,3,3,100,0,3,3,1,2,1,0,0,2,1,11,"H","L",81,32,29,33,15,10,21,18,10,24,34,13,16,6,18,95,81,32,29,33,15,10,21,18,10,24,34,13,16,6,18,95,1.33,5.1,156.9,0.08,19.6,1,83.3,1,8.5,92.6,19.61,2.2,0,"2023-2024"
"MAC","PAN","4_8","Regular Season","Marius  Grigonis",34,13,2,3,66.7,3,7,42.9,0,0,NA,0,5,5,0,0,0,0,0,4,0,9,"H","L",81,32,29,33,15,10,21,18,10,24,34,13,16,6,18,95,81,32,29,33,15,10,21,18,10,24,34,13,16,6,18,95,1.3,9.6,135.4,0.07,0,NA,65,0,7.9,65,0,2.6,0,"2023-2024"
"MAC","PAN","4_8","Regular Season","Juan  Hernangomez",15,1,0,1,0,0,3,0,1,2,50,2,2,4,2,0,2,1,0,0,1,2,"H","L",81,32,29,33,15,10,21,18,10,24,34,13,16,6,18,95,81,32,29,33,15,10,21,18,10,24,34,13,16,6,18,95,0.17,4.7,21.3,0,42.6,1,0,0.5,-0.1,10.2,42.55,4,10,"2023-2024"
"MAC","PAN","4_8","Regular Season","Panagiotis  Kalaitzakis",10,2,1,1,100,0,0,NA,0,0,NA,0,0,0,1,2,0,0,0,1,0,4,"H","L",81,32,29,33,15,10,21,18,10,24,34,13,16,6,18,95,81,32,29,33,15,10,21,18,10,24,34,13,16,6,18,95,2,1,200,0.03,100,Inf,100,0,4,100,0,0.9,0,"2023-2024"
"MAC","PAN","4_8","Regular Season","Luca  Vildoza",28,15,1,1,100,4,8,50,1,1,100,1,2,3,4,3,5,0,0,0,0,16,"H","L",81,32,29,33,15,10,21,18,10,24,34,13,16,6,18,95,81,32,29,33,15,10,21,18,10,24,34,13,16,6,18,95,1.5,12.9,116.3,0.12,31,0.8,77.8,0.11,12.8,79.4,38.76,4.5,5,"2023-2024"
"MAC","PAN","4_8","Regular Season","Kyle  Guy",5,0,0,0,NA,0,1,0,0,0,NA,0,0,0,2,0,1,0,0,1,0,-1,"H","L",81,32,29,33,15,10,21,18,10,24,34,13,16,6,18,95,81,32,29,33,15,10,21,18,10,24,34,13,16,6,18,95,0,1.9,0,-0.01,105.3,2,0,0,-0.7,0,52.63,3.5,0,"2023-2024"
"MAC","PAN","4_8","Regular Season","Mathias  Lessort",24,12,3,8,37.5,0,0,NA,6,10,60,2,2,4,0,2,3,1,1,2,11,15,"H","L",81,32,29,33,15,10,21,18,10,24,34,13,16,6,18,95,81,32,29,33,15,10,21,18,10,24,34,13,16,6,18,95,0.67,12.9,93,0.03,0,0,37.5,1.25,6.9,48.4,23.26,5.6,10,"2023-2024"
"MAC","PAN","4_8","Regular Season","Kostas  Antetokounmpo",12,10,3,4,75,0,0,NA,4,6,66.7,0,1,1,0,1,1,3,0,2,6,15,"H","L",81,32,29,33,15,10,21,18,10,24,34,13,16,6,18,95,81,32,29,33,15,10,21,18,10,24,34,13,16,6,18,95,1,7.3,137,0.06,0,0,75,1.5,9.2,75.3,13.7,5.6,0,"2023-2024"
"MAC","PAN","4_8","Regular Season","Konstantinos  Mitoglou",26,11,3,6,50,1,2,50,2,4,50,2,3,5,0,1,0,0,0,3,3,11,"H","L",81,32,29,33,15,10,21,18,10,24,34,13,16,6,18,95,81,32,29,33,15,10,21,18,10,24,34,13,16,6,18,95,0.92,7.4,148.6,0.06,0,NA,56.2,0.5,8.3,56.4,0,3.3,10,"2023-2024"
"MAC","PAN","4_8","Regular Season","Eleftherios  Mantzoukas",8,0,0,0,NA,0,1,0,0,0,NA,2,1,3,0,0,0,0,0,1,0,1,"H","L",81,32,29,33,15,10,21,18,10,24,34,13,16,6,18,95,81,32,29,33,15,10,21,18,10,24,34,13,16,6,18,95,0,-1,0,0,0,NA,0,0,0.6,0,0,1.1,10,"2023-2024"
"PAN","MAC","4_8","Regular Season","Lorenzo  Brown",36,12,3,6,50,1,7,14.3,3,3,100,0,3,3,12,5,5,0,1,3,2,16,"A","W",86,40,28,18,20,11,13,24,11,28,39,13,18,3,29,88,86,40,28,18,20,11,13,24,11,28,39,13,18,3,29,88,0.75,18.5,64.9,0.11,64.9,2.4,34.6,0.23,12.6,41.9,27.03,4.6,0,"2023-2024"
"PAN","MAC","4_8","Regular Season","John  Dibartolomeo",26,15,0,2,0,5,7,71.4,0,0,NA,2,7,9,3,1,3,0,0,5,2,18,"A","W",86,40,28,18,20,11,13,24,11,28,39,13,18,3,29,88,86,40,28,18,20,11,13,24,11,28,39,13,18,3,29,88,1.67,9.6,156.2,0.11,31.2,1,83.3,0,12.3,83.3,31.25,3.9,9.1,"2023-2024"
"PAN","MAC","4_8","Regular Season","Jake  Cohen",18,3,0,0,NA,1,3,33.3,0,0,NA,1,1,2,1,0,0,0,0,3,0,1,"A","W",86,40,28,18,20,11,13,24,11,28,39,13,18,3,29,88,86,40,28,18,20,11,13,24,11,28,39,13,18,3,29,88,1,1.9,157.9,0,52.6,Inf,50,0,1.8,50,0,1.4,4.5,"2023-2024"
"PAN","MAC","4_8","Regular Season","Josh  Nebo",29,12,5,9,55.6,0,0,NA,2,4,50,2,6,8,0,0,2,1,2,1,3,13,"A","W",86,40,28,18,20,11,13,24,11,28,39,13,18,3,29,88,86,40,28,18,20,11,13,24,11,28,39,13,18,3,29,88,0.92,10.3,116.5,0.08,0,0,55.6,0.44,8.4,55.8,19.42,3.7,9.1,"2023-2024"
"PAN","MAC","4_8","Regular Season","Bonzie  Colson",36,21,7,11,63.6,1,5,20,4,4,100,2,6,8,0,2,1,0,1,2,5,24,"A","W",86,40,28,18,20,11,13,24,11,28,39,13,18,3,29,88,86,40,28,18,20,11,13,24,11,28,39,13,18,3,29,88,1.05,16.1,130.4,0.14,0,0,53.1,0.25,16.4,59.1,6.21,4.4,9.1,"2023-2024"
"PAN","MAC","4_8","Regular Season","Antonius  Cleveland",15,7,3,4,75,0,0,NA,1,2,50,1,1,2,1,1,0,0,0,4,1,6,"A","W",86,40,28,18,20,11,13,24,11,28,39,13,18,3,29,88,86,40,28,18,20,11,13,24,11,28,39,13,18,3,29,88,1.17,3.7,189.2,0.03,27,Inf,75,0.5,6.1,71.7,0,2.8,4.5,"2023-2024"
"PAN","MAC","4_8","Regular Season","James  Webb III",5,0,0,0,NA,0,0,NA,0,0,NA,0,0,0,0,0,0,0,0,1,0,-1,"A","W",86,40,28,18,20,11,13,24,11,28,39,13,18,3,29,88,86,40,28,18,20,11,13,24,11,28,39,13,18,3,29,88,NA,0,NA,-0.01,NA,NA,NA,NA,-0.4,NA,NA,0,0,"2023-2024"
"PAN","MAC","4_8","Regular Season","Rafael  Menco",7,0,0,0,NA,0,0,NA,0,0,NA,0,1,1,0,0,1,1,0,2,0,-1,"A","W",86,40,28,18,20,11,13,24,11,28,39,13,18,3,29,88,86,40,28,18,20,11,13,24,11,28,39,13,18,3,29,88,NA,1,0,-0.01,0,0,NA,NA,-0.8,NA,100,1.2,0,"2023-2024"
"PAN","MAC","4_8","Regular Season","Roman  Sorkin",15,4,2,5,40,0,1,0,0,2,0,2,1,3,0,0,3,1,1,3,2,-3,"A","W",86,40,28,18,20,11,13,24,11,28,39,13,18,3,29,88,86,40,28,18,20,11,13,24,11,28,39,13,18,3,29,88,0.5,7.6,52.6,-0.04,0,0,33.3,0.33,-2,29.1,39.47,5.6,9.1,"2023-2024"
"PAN","MAC","4_8","Regular Season","Jasiel  Rivero",16,0,0,3,0,0,0,NA,0,0,NA,1,1,2,3,1,1,0,1,2,0,-1,"A","W",86,40,28,18,20,11,13,24,11,28,39,13,18,3,29,88,86,40,28,18,20,11,13,24,11,28,39,13,18,3,29,88,0,2.9,0,0,103.4,3,0,0,0.2,0,34.48,2.1,4.5,"2023-2024"
"PAN","MAC","4_8","Regular Season","Tamir  Blatt",22,12,0,0,NA,3,5,60,3,3,100,0,1,1,4,3,2,0,0,3,3,16,"A","W",86,40,28,18,20,11,13,24,11,28,39,13,18,3,29,88,86,40,28,18,20,11,13,24,11,28,39,13,18,3,29,88,1.5,8,150,0.09,50,2,90,0.6,12.6,94.9,25,3.2,0,"2023-2024"
"BOL","CRV","4_9","Regular Season","Dejan  Davidovac",16,4,2,2,100,0,1,0,0,2,0,0,1,1,0,2,0,0,0,3,1,2,"A","L",79,35,33,21,20,8,15,17,10,21,31,11,10,0,21,82,79,35,33,21,20,8,15,17,10,21,31,11,10,0,21,82,0.8,3.7,108.1,0.01,0,NA,66.7,0.67,3,51.5,0,2.2,0,"2023-2024"
"BOL","CRV","4_9","Regular Season","Branko  Lazic",14,4,0,1,0,1,1,100,1,2,50,2,1,3,0,1,0,0,0,0,2,8,"A","L",79,35,33,21,20,8,15,17,10,21,31,11,10,0,21,82,79,35,33,21,20,8,15,17,10,21,31,11,10,0,21,82,1,0.8,500,0.04,0,NA,75,1,5.3,69.4,0,1.9,10,"2023-2024"
"BOL","CRV","4_9","Regular Season","Shabazz  Napier",28,23,5,9,55.6,3,10,30,4,4,100,2,2,4,5,3,3,0,0,1,8,28,"A","L",79,35,33,21,20,8,15,17,10,21,31,11,10,0,21,82,79,35,33,21,20,8,15,17,10,21,31,11,10,0,21,82,1,20.9,110,0.17,23.9,1.7,50,0.21,18,55.4,14.35,7.8,10,"2023-2024"
"BOL","CRV","4_9","Regular Season","Joel  Bolomboy",32,8,3,5,60,0,0,NA,2,2,100,3,6,9,3,2,1,0,0,2,2,19,"A","L",79,35,33,21,20,8,15,17,10,21,31,11,10,0,21,82,79,35,33,21,20,8,15,17,10,21,31,11,10,0,21,82,1.14,3.7,216.2,0.14,81.1,3,60,0.4,11.9,68,27.03,2,15,"2023-2024"
"BOL","CRV","4_9","Regular Season","Rokas  Giedraitis",21,6,0,2,0,2,6,33.3,0,0,NA,0,2,2,0,0,1,0,1,1,1,0,"A","L",79,35,33,21,20,8,15,17,10,21,31,11,10,0,21,82,79,35,33,21,20,8,15,17,10,21,31,11,10,0,21,82,0.75,8.6,69.8,0,0,0,37.5,0,0.4,37.5,11.63,3.9,0,"2023-2024"
"BOL","CRV","4_9","Regular Season","Milos  Teodosic",25,5,0,0,NA,1,7,14.3,2,2,100,0,1,1,4,0,1,0,0,2,1,2,"A","L",79,35,33,21,20,8,15,17,10,21,31,11,10,0,21,82,79,35,33,21,20,8,15,17,10,21,31,11,10,0,21,82,0.56,8.5,58.8,0.01,47.1,4,21.4,0.29,1.8,31.7,11.76,3.3,0,"2023-2024"
"BOL","CRV","4_9","Regular Season","Adam  Hanga",18,11,4,5,80,1,5,20,0,0,NA,2,3,5,1,1,0,0,1,1,1,12,"A","L",79,35,33,21,20,8,15,17,10,21,31,11,10,0,21,82,79,35,33,21,20,8,15,17,10,21,31,11,10,0,21,82,1.1,7.7,142.9,0.1,13,Inf,55,0,9.6,55,0,5.1,10,"2023-2024"
"BOL","CRV","4_9","Regular Season","Luka  Mitrovic",22,14,5,8,62.5,0,0,NA,4,5,80,1,3,4,2,1,1,0,2,4,5,15,"A","L",79,35,33,21,20,8,15,17,10,21,31,11,10,0,21,82,79,35,33,21,20,8,15,17,10,21,31,11,10,0,21,82,1.08,9.8,142.9,0.1,20.4,2,62.5,0.62,11.4,68.6,10.2,4.7,5,"2023-2024"
"BOL","CRV","4_9","Regular Season","Marko  Simonovic",9,1,0,0,NA,0,1,0,1,2,50,0,1,1,0,1,1,0,0,3,1,-2,"A","L",79,35,33,21,20,8,15,17,10,21,31,11,10,0,21,82,79,35,33,21,20,8,15,17,10,21,31,11,10,0,21,82,0.33,2.8,35.7,-0.03,0,0,0,2,-1,26.6,35.71,2.9,0,"2023-2024"
"BOL","CRV","4_9","Regular Season","Nemanja  Nedovic",9,3,1,3,33.3,0,1,0,1,2,50,0,1,1,2,0,1,0,0,0,3,4,"A","L",79,35,33,21,20,8,15,17,10,21,31,11,10,0,21,82,79,35,33,21,20,8,15,17,10,21,31,11,10,0,21,82,0.5,5.6,53.6,0.01,35.7,2,25,0.5,0.9,30.7,17.86,6,0,"2023-2024"
"BOL","CRV","4_9","Regular Season","Yago Mateus dos Santos",4,0,0,0,NA,0,1,0,0,0,NA,0,0,0,0,0,1,0,0,4,0,-6,"A","L",79,35,33,21,20,8,15,17,10,21,31,11,10,0,21,82,79,35,33,21,20,8,15,17,10,21,31,11,10,0,21,82,0,1.9,0,-0.05,0,0,0,0,-3.3,0,52.63,4.6,0,"2023-2024"
"CRV","BOL","4_9","Regular Season","Marco  Belinelli",23,15,1,3,33.3,4,7,57.1,1,1,100,0,2,2,2,0,2,0,0,2,1,11,"H","W",85,31,26,16,19,12,11,23,4,29,33,3,19,4,25,94,85,31,26,16,19,12,11,23,4,29,33,3,19,4,25,94,1.36,11.9,126.1,0.07,16.8,1,70,0.1,9.2,71.8,16.81,5.2,0,"2023-2024"
"CRV","BOL","4_9","Regular Season","Ognjen  Dobric",11,2,1,1,100,0,1,0,0,0,NA,0,0,0,2,1,0,0,0,1,0,3,"H","W",85,31,26,16,19,12,11,23,4,29,33,3,19,4,25,94,85,31,26,16,19,12,11,23,4,29,33,3,19,4,25,94,1,1.9,105.3,0.02,105.3,Inf,50,0,3,50,0,1.8,0,"2023-2024"
"CRV","BOL","4_9","Regular Season","Tornike  Shengelia",29,19,6,9,66.7,2,3,66.7,1,2,50,1,5,6,5,1,8,0,0,3,3,18,"H","W",85,31,26,16,19,12,11,23,4,29,33,3,19,4,25,94,85,31,26,16,19,12,11,23,4,29,33,3,19,4,25,94,1.36,19.1,99.5,0.11,26.2,0.6,75,0.17,10.9,73.8,41.88,6.9,12.5,"2023-2024"
"CRV","BOL","4_9","Regular Season","Daniel  Hackett",17,4,0,0,NA,1,2,50,1,2,50,0,2,2,2,0,1,0,0,4,1,2,"H","W",85,31,26,16,19,12,11,23,4,29,33,3,19,4,25,94,85,31,26,16,19,12,11,23,4,29,33,3,19,4,25,94,1,3.7,108.1,0.01,54.1,2,75,1,2,69.4,27.03,2.2,0,"2023-2024"
"CRV","BOL","4_9","Regular Season","Bryant  Dunston",19,1,0,1,0,0,0,NA,1,2,50,0,4,4,0,1,1,0,0,4,3,2,"H","W",85,31,26,16,19,12,11,23,4,29,33,3,19,4,25,94,85,31,26,16,19,12,11,23,4,29,33,3,19,4,25,94,0.33,2.8,35.7,-0.01,0,0,0,2,-0.5,26.6,35.71,1.5,0,"2023-2024"
"CRV","BOL","4_9","Regular Season","Isaia  Cordinier",28,11,3,4,75,1,3,33.3,2,3,66.7,0,4,4,6,0,2,3,0,2,4,20,"H","W",85,31,26,16,19,12,11,23,4,29,33,3,19,4,25,94,85,31,26,16,19,12,11,23,4,29,33,3,19,4,25,94,1.1,9.9,111.1,0.11,60.6,3,64.3,0.43,12,66.1,20.2,3.6,0,"2023-2024"
"CRV","BOL","4_9","Regular Season","Gabriel  Lundberg",19,10,2,3,66.7,2,5,40,0,1,0,0,3,3,3,0,1,0,0,0,3,13,"H","W",85,31,26,16,19,12,11,23,4,29,33,3,19,4,25,94,85,31,26,16,19,12,11,23,4,29,33,3,19,4,25,94,1.11,9.1,109.9,0.07,33,3,62.5,0.12,7.6,59.2,10.99,4.8,0,"2023-2024"
"CRV","BOL","4_9","Regular Season","Alessandro  Pajola",15,10,1,1,100,2,2,100,2,2,100,0,3,3,1,0,0,0,0,3,3,14,"H","W",85,31,26,16,19,12,11,23,4,29,33,3,19,4,25,94,85,31,26,16,19,12,11,23,4,29,33,3,19,4,25,94,2,3.7,270.3,0.08,27,Inf,133.3,0.67,9.5,128.9,0,2.5,0,"2023-2024"
"CRV","BOL","4_9","Regular Season","Jaleen  Smith",6,0,0,1,0,0,1,0,0,0,NA,0,1,1,0,0,1,0,0,1,0,-3,"H","W",85,31,26,16,19,12,11,23,4,29,33,3,19,4,25,94,85,31,26,16,19,12,11,23,4,29,33,3,19,4,25,94,0,2.9,0,-0.02,0,0,0,0,-2.5,0,34.48,4.8,0,"2023-2024"
"CRV","BOL","4_9","Regular Season","Devontae  Cacok",3,0,0,0,NA,0,0,NA,0,0,NA,0,0,0,0,0,1,0,0,2,1,-2,"H","W",85,31,26,16,19,12,11,23,4,29,33,3,19,4,25,94,85,31,26,16,19,12,11,23,4,29,33,3,19,4,25,94,NA,1,0,-0.02,0,0,NA,NA,-1.8,NA,100,3.2,0,"2023-2024"
"CRV","BOL","4_9","Regular Season","Jordan  Mickey",27,13,5,8,62.5,0,2,0,3,3,100,3,5,8,2,0,2,1,0,3,2,16,"H","W",85,31,26,16,19,12,11,23,4,29,33,3,19,4,25,94,85,31,26,16,19,12,11,23,4,29,33,3,19,4,25,94,1,9.9,131.3,0.09,20.2,1,50,0.3,10.5,57.4,20.2,4.8,37.5,"2023-2024"
"BER","MIL","5_1","Regular Season","Alex  Poythress",10,0,0,1,0,0,0,NA,0,0,NA,0,0,0,0,0,0,0,0,0,0,-1,"A","L",82,33,29,15,18,12,10,17,10,19,29,4,12,1,20,78,82,33,29,15,18,12,10,17,10,19,29,4,12,1,20,78,0,1,0,-0.01,0,NA,0,0,-0.7,0,0,1,0,"2023-2024"
"BER","MIL","5_1","Regular Season","Kevin  Pangos",25,5,1,2,50,1,3,33.3,0,0,NA,0,2,2,3,1,2,0,0,3,0,3,"A","L",82,33,29,15,18,12,10,17,10,19,29,4,12,1,20,78,82,33,29,15,18,12,10,17,10,19,29,4,12,1,20,78,1,6.7,74.6,0.03,44.8,1.5,50,0,2.8,50,29.85,2.8,0,"2023-2024"
"BER","MIL","5_1","Regular Season","Nicolo  Melli",17,0,0,0,NA,0,1,0,0,0,NA,0,1,1,2,1,3,0,0,5,2,-3,"A","L",82,33,29,15,18,12,10,17,10,19,29,4,12,1,20,78,82,33,29,15,18,12,10,17,10,19,29,4,12,1,20,78,0,3.8,0,-0.04,52.6,0.7,0,0,-3,0,78.95,2.3,0,"2023-2024"
"BER","MIL","5_1","Regular Season","Shavon  Shields",33,25,5,11,45.5,5,8,62.5,0,0,NA,0,1,1,2,1,0,0,0,1,0,19,"A","L",82,33,29,15,18,12,10,17,10,19,29,4,12,1,20,78,82,33,29,15,18,12,10,17,10,19,29,4,12,1,20,78,1.32,18.2,137.4,0.16,11,Inf,65.8,0,18,65.8,0,5.7,0,"2023-2024"
"BER","MIL","5_1","Regular Season","Nikola  Mirotic",31,30,6,10,60,3,7,42.9,9,10,90,5,7,12,2,0,2,1,3,2,7,36,"A","L",82,33,29,15,18,12,10,17,10,19,29,4,12,1,20,78,82,33,29,15,18,12,10,17,10,19,29,4,12,1,20,78,1.11,17.7,169.5,0.25,11.3,1,61.8,0.59,26.2,70.1,11.3,7.5,25,"2023-2024"
"BER","MIL","5_1","Regular Season","Maodo  Lo",17,7,2,2,100,1,4,25,0,0,NA,0,2,2,2,0,1,0,0,2,0,5,"A","L",82,33,29,15,18,12,10,17,10,19,29,4,12,1,20,78,82,33,29,15,18,12,10,17,10,19,29,4,12,1,20,78,1.17,6.7,104.5,0.04,29.9,2,58.3,0,4.2,58.3,14.93,4.1,0,"2023-2024"
"BER","MIL","5_1","Regular Season","Stefano  Tonut",11,3,0,0,NA,1,4,25,0,0,NA,1,1,2,0,0,1,0,0,0,1,2,"A","L",82,33,29,15,18,12,10,17,10,19,29,4,12,1,20,78,82,33,29,15,18,12,10,17,10,19,29,4,12,1,20,78,0.75,3.8,78.9,0,0,0,37.5,0,0.6,37.5,26.32,4.5,5,"2023-2024"
"BER","MIL","5_1","Regular Season","Diego  Flaccadori",2,2,1,1,100,0,0,NA,0,0,NA,0,0,0,0,0,0,0,0,0,1,3,"A","L",82,33,29,15,18,12,10,17,10,19,29,4,12,1,20,78,82,33,29,15,18,12,10,17,10,19,29,4,12,1,20,78,2,1,200,0.02,0,NA,100,0,1.7,100,0,5,0,"2023-2024"
"BER","MIL","5_1","Regular Season","Devon  Hall",24,0,0,2,0,0,1,0,0,0,NA,3,3,6,4,1,3,0,0,2,2,5,"A","L",82,33,29,15,18,12,10,17,10,19,29,4,12,1,20,78,82,33,29,15,18,12,10,17,10,19,29,4,12,1,20,78,0,2.9,0,0.01,137.9,1.3,0,0,0.9,0,103.45,2.5,15,"2023-2024"
"BER","MIL","5_1","Regular Season","Kyle  Hines",11,5,2,2,100,0,0,NA,1,5,20,1,0,1,0,0,0,0,0,3,3,2,"A","L",82,33,29,15,18,12,10,17,10,19,29,4,12,1,20,78,82,33,29,15,18,12,10,17,10,19,29,4,12,1,20,78,0.71,3.1,161.3,-0.01,0,NA,100,2.5,2.3,59.5,0,3.8,5,"2023-2024"
"BER","MIL","5_1","Regular Season","Johannes  Voigtmann",17,5,1,2,50,1,1,100,0,0,NA,0,2,2,2,0,0,0,0,2,1,7,"A","L",82,33,29,15,18,12,10,17,10,19,29,4,12,1,20,78,82,33,29,15,18,12,10,17,10,19,29,4,12,1,20,78,1.67,2.9,172.4,0.05,69,Inf,83.3,0,4.9,83.3,0,1.8,0,"2023-2024"
"MIL","BER","5_1","Regular Season","Sterling  Brown",28,18,2,3,66.7,4,8,50,2,2,100,2,3,5,5,1,2,0,1,4,1,18,"H","W",85,27,30,21,15,12,19,18,10,21,31,7,10,3,17,104,85,27,30,21,15,12,19,18,10,21,31,7,10,3,17,104,1.38,11.4,157.9,0.11,43.9,2.5,72.7,0.18,15.9,75.8,17.54,5.2,10,"2023-2024"
"MIL","BER","5_1","Regular Season","Matteo  Spagnolo",19,0,0,4,0,0,2,0,0,0,NA,1,1,2,6,1,1,0,0,1,1,2,"H","W",85,27,30,21,15,12,19,18,10,21,31,7,10,3,17,104,85,27,30,21,15,12,19,18,10,21,31,7,10,3,17,104,0,5.8,0,0,103.4,6,0,0,0.6,0,17.24,3.9,5,"2023-2024"
"MIL","BER","5_1","Regular Season","Kresimir  Nikic",9,0,0,1,0,0,0,NA,0,0,NA,0,1,1,0,0,0,0,0,1,1,0,"H","W",85,27,30,21,15,12,19,18,10,21,31,7,10,3,17,104,85,27,30,21,15,12,19,18,10,21,31,7,10,3,17,104,0,1,0,-0.01,0,NA,0,0,-0.8,0,0,1.2,0,"2023-2024"
"MIL","BER","5_1","Regular Season","Louis  Olinde",26,12,2,2,100,2,4,50,2,2,100,0,4,4,3,0,1,0,0,2,3,17,"H","W",85,27,30,21,15,12,19,18,10,21,31,7,10,3,17,104,85,27,30,21,15,12,19,18,10,21,31,7,10,3,17,104,1.5,7.6,157.9,0.09,39.5,3,83.3,0.33,10.9,87.2,13.16,3.2,0,"2023-2024"
"MIL","BER","5_1","Regular Season","Johannes  Thiemann",30,22,3,4,75,3,5,60,7,9,77.8,3,3,6,2,1,2,0,0,2,8,30,"H","W",85,27,30,21,15,12,19,18,10,21,31,7,10,3,17,104,85,27,30,21,15,12,19,18,10,21,31,7,10,3,17,104,1.22,11.5,191.3,0.13,17.4,1,83.3,1,19.9,84.9,17.39,5.2,15,"2023-2024"
"MIL","BER","5_1","Regular Season","Gabriele  Procida",12,4,1,2,50,0,1,0,2,2,100,0,1,1,0,1,0,2,0,1,1,6,"H","W",85,27,30,21,15,12,19,18,10,21,31,7,10,3,17,104,85,27,30,21,15,12,19,18,10,21,31,7,10,3,17,104,0.8,3.7,108.1,0.03,0,NA,33.3,0.67,4.6,51.5,0,3.4,0,"2023-2024"
"MIL","BER","5_1","Regular Season","Ziga  Samar",3,0,0,0,NA,0,0,NA,0,0,NA,0,0,0,0,0,0,0,0,1,0,-1,"H","W",85,27,30,21,15,12,19,18,10,21,31,7,10,3,17,104,85,27,30,21,15,12,19,18,10,21,31,7,10,3,17,104,NA,0,NA,-0.01,NA,NA,NA,NA,-0.4,NA,NA,0,0,"2023-2024"
"MIL","BER","5_1","Regular Season","Malte  Delow",17,5,0,1,0,1,3,33.3,2,2,100,2,5,7,1,1,2,0,0,0,1,10,"H","W",85,27,30,21,15,12,19,18,10,21,31,7,10,3,17,104,85,27,30,21,15,12,19,18,10,21,31,7,10,3,17,104,0.83,4.7,106.4,0.05,21.3,0.5,37.5,0.5,5.2,51.2,42.55,4.2,10,"2023-2024"
"MIL","BER","5_1","Regular Season","Tim  Schneider",16,4,2,2,100,0,1,0,0,0,NA,1,0,1,0,0,1,0,0,3,0,0,"H","W",85,27,30,21,15,12,19,18,10,21,31,7,10,3,17,104,85,27,30,21,15,12,19,18,10,21,31,7,10,3,17,104,1.33,2.9,137.9,0,0,0,66.7,0,1.2,66.7,34.48,2.6,5,"2023-2024"
"MIL","BER","5_1","Regular Season","Matt  Thomas",20,12,2,4,50,2,5,40,2,2,100,0,1,1,1,1,1,0,0,1,1,9,"H","W",85,27,30,21,15,12,19,18,10,21,31,7,10,3,17,104,85,27,30,21,15,12,19,18,10,21,31,7,10,3,17,104,1.09,10.4,115.4,0.05,9.6,1,55.6,0.22,7.9,60.7,9.62,5.7,0,"2023-2024"
"MIL","BER","5_1","Regular Season","Christ  Koumadje",14,6,2,2,100,0,0,NA,2,2,100,1,2,3,0,1,0,1,0,1,3,13,"H","W",85,27,30,21,15,12,19,18,10,21,31,7,10,3,17,104,85,27,30,21,15,12,19,18,10,21,31,7,10,3,17,104,1.5,1.8,333.3,0.06,0,NA,100,1,8,104.2,0,2.2,5,"2023-2024"
"MIL","BER","5_1","Regular Season","Justin  Bean",6,2,1,2,50,0,1,0,0,0,NA,0,0,0,0,0,0,0,0,0,0,0,"H","W",85,27,30,21,15,12,19,18,10,21,31,7,10,3,17,104,85,27,30,21,15,12,19,18,10,21,31,7,10,3,17,104,0.67,2.9,69,0,0,NA,33.3,0,0.3,33.3,0,5.2,0,"2023-2024"
"ASM","MAC","5_2","Regular Season","Lorenzo  Brown",25,14,3,7,42.9,2,4,50,2,2,100,0,0,0,1,0,5,0,0,2,1,3,"A","L",79,43,27,19,22,7,14,17,17,12,29,4,13,1,19,70,79,43,27,19,22,7,14,17,17,12,29,4,13,1,19,70,1.08,16.2,86.4,0.02,6.2,0.2,54.5,0.18,3.2,58.9,30.86,5.9,0,"2023-2024"
"ASM","MAC","5_2","Regular Season","John  Dibartolomeo",19,2,0,2,0,0,4,0,2,2,100,1,1,2,0,0,0,0,0,0,2,0,"A","L",79,43,27,19,22,7,14,17,17,12,29,4,13,1,19,70,79,43,27,19,22,7,14,17,17,12,29,4,13,1,19,70,0.25,5.6,35.7,-0.03,0,NA,0,0.33,-1.2,14.5,0,3.2,2.9,"2023-2024"
"ASM","MAC","5_2","Regular Season","Jake  Cohen",10,0,0,3,0,0,0,NA,0,0,NA,0,0,0,0,0,0,0,0,2,0,-5,"A","L",79,43,27,19,22,7,14,17,17,12,29,4,13,1,19,70,79,43,27,19,22,7,14,17,17,12,29,4,13,1,19,70,0,2.9,0,-0.06,0,NA,0,0,-2.9,0,0,2.6,0,"2023-2024"
"ASM","MAC","5_2","Regular Season","Josh  Nebo",22,10,5,7,71.4,0,0,NA,0,1,0,5,4,9,0,1,0,0,0,2,2,17,"A","L",79,43,27,19,22,7,14,17,17,12,29,4,13,1,19,70,79,43,27,19,22,7,14,17,17,12,29,4,13,1,19,70,1.25,2.3,434.8,0.15,0,NA,71.4,0.14,11.6,67.2,0,3,14.7,"2023-2024"
"ASM","MAC","5_2","Regular Season","Bonzie  Colson",20,6,2,2,100,0,2,0,2,2,100,2,3,5,1,0,0,0,0,1,3,12,"A","L",79,43,27,19,22,7,14,17,17,12,29,4,13,1,19,70,79,43,27,19,22,7,14,17,17,12,29,4,13,1,19,70,1,2.8,214.3,0.09,35.7,Inf,50,0.5,6.6,61.5,0,2.1,5.9,"2023-2024"
"ASM","MAC","5_2","Regular Season","Antonius  Cleveland",17,14,6,10,60,0,2,0,2,2,100,3,0,3,1,0,0,0,0,3,2,11,"A","L",79,43,27,19,22,7,14,17,17,12,29,4,13,1,19,70,79,43,27,19,22,7,14,17,17,12,29,4,13,1,19,70,1,9.5,147.4,0.09,10.5,Inf,50,0.17,9.6,54.3,0,6.6,8.8,"2023-2024"
"ASM","MAC","5_2","Regular Season","James  Webb III",17,4,0,2,0,1,5,20,1,2,50,3,2,5,2,2,1,0,1,1,1,4,"A","L",79,43,27,19,22,7,14,17,17,12,29,4,13,1,19,70,79,43,27,19,22,7,14,17,17,12,29,4,13,1,19,70,0.44,5.6,71.4,0.03,35.7,2,21.4,0.29,3.8,25.4,17.86,4.6,8.8,"2023-2024"
"ASM","MAC","5_2","Regular Season","Rafael  Menco",9,6,1,1,100,1,2,50,1,2,50,0,0,0,0,0,0,0,0,0,1,5,"A","L",79,43,27,19,22,7,14,17,17,12,29,4,13,1,19,70,79,43,27,19,22,7,14,17,17,12,29,4,13,1,19,70,1.2,3.7,162.2,0.05,0,NA,83.3,0.67,4.3,77.3,0,3.8,0,"2023-2024"
"ASM","MAC","5_2","Regular Season","Roman  Sorkin",19,10,2,3,66.7,2,2,100,0,0,NA,2,1,3,2,0,0,0,0,2,2,14,"A","L",79,43,27,19,22,7,14,17,17,12,29,4,13,1,19,70,79,43,27,19,22,7,14,17,17,12,29,4,13,1,19,70,2,2.9,344.8,0.13,69,Inf,100,0,10.4,100,0,2.3,5.9,"2023-2024"
"ASM","MAC","5_2","Regular Season","Jasiel  Rivero",14,8,3,6,50,0,0,NA,2,4,50,1,0,1,1,0,2,1,0,3,4,5,"A","L",79,43,27,19,22,7,14,17,17,12,29,4,13,1,19,70,79,43,27,19,22,7,14,17,17,12,29,4,13,1,19,70,0.8,8.4,95.2,0,11.9,0.5,50,0.67,3.1,51.5,23.81,6.1,2.9,"2023-2024"
"ASM","MAC","5_2","Regular Season","Omer  Mayer",6,0,0,0,NA,0,2,0,0,0,NA,0,1,1,1,0,1,0,0,1,0,-2,"A","L",79,43,27,19,22,7,14,17,17,12,29,4,13,1,19,70,79,43,27,19,22,7,14,17,17,12,29,4,13,1,19,70,0,2.9,0,-0.02,34.5,1,0,0,-1.8,0,34.48,4.4,0,"2023-2024"
"ASM","MAC","5_2","Regular Season","Tamir  Blatt",21,5,0,0,NA,1,4,25,2,2,100,0,0,0,8,1,4,0,0,2,1,6,"A","L",79,43,27,19,22,7,14,17,17,12,29,4,13,1,19,70,79,43,27,19,22,7,14,17,17,12,29,4,13,1,19,70,0.83,8.5,58.8,0.06,94.1,2,37.5,0.5,4.4,51.2,47.06,3.7,0,"2023-2024"
"MAC","ASM","5_2","Regular Season","John  Brown III",24,11,5,7,71.4,0,0,NA,1,2,50,4,4,8,2,2,1,0,0,1,3,21,"H","W",107,48,23,13,31,12,9,24,11,18,29,8,6,1,19,130,107,48,23,13,31,12,9,24,11,18,29,8,6,1,19,130,1.22,4.7,234,0.08,42.6,2,71.4,0.29,13.7,69.8,21.28,3.6,18.2,"2023-2024"
"MAC","ASM","5_2","Regular Season","Alpha  Diallo",25,18,8,12,66.7,0,1,0,2,3,66.7,2,2,4,2,2,0,0,0,1,3,22,"H","W",107,48,23,13,31,12,9,24,11,18,29,8,6,1,19,130,107,48,23,13,31,12,9,24,11,18,29,8,6,1,19,130,1.12,11.8,152.5,0.08,16.9,Inf,61.5,0.23,16.7,62.8,0,5.5,9.1,"2023-2024"
"MAC","ASM","5_2","Regular Season","Donatas  Motiejunas",18,2,1,4,25,0,0,NA,0,0,NA,2,0,2,0,1,1,0,0,1,1,1,"H","W",107,48,23,13,31,12,9,24,11,18,29,8,6,1,19,130,107,48,23,13,31,12,9,24,11,18,29,8,6,1,19,130,0.5,2.9,69,0,0,0,25,0,0.6,25,34.48,2.7,9.1,"2023-2024"
"MAC","ASM","5_2","Regular Season","Yakuba  Ouattara",14,6,0,2,0,2,3,66.7,0,0,NA,0,1,1,0,0,0,0,0,0,0,4,"H","W",107,48,23,13,31,12,9,24,11,18,29,8,6,1,19,130,107,48,23,13,31,12,9,24,11,18,29,8,6,1,19,130,1.2,4.8,125,0.02,0,NA,60,0,3.6,60,0,3.5,0,"2023-2024"
"MAC","ASM","5_2","Regular Season","Mike  James",21,24,6,9,66.7,4,7,57.1,0,0,NA,1,3,4,5,1,0,0,0,1,3,30,"H","W",107,48,23,13,31,12,9,24,11,18,29,8,6,1,19,130,107,48,23,13,31,12,9,24,11,18,29,8,6,1,19,130,1.5,14.4,166.7,0.12,34.7,Inf,75,0,22.5,75,0,7.4,4.5,"2023-2024"
"MAC","ASM","5_2","Regular Season","Elie  Okobo",26,17,3,5,60,3,3,100,2,3,66.7,0,0,0,6,0,0,0,0,1,3,22,"H","W",107,48,23,13,31,12,9,24,11,18,29,8,6,1,19,130,107,48,23,13,31,12,9,24,11,18,29,8,6,1,19,130,1.55,8.9,191,0.09,67.4,Inf,93.8,0.38,17.2,91.2,0,3.5,0,"2023-2024"
"MAC","ASM","5_2","Regular Season","Jaron  Blossomgame",12,10,3,3,100,1,2,50,1,1,100,0,0,0,0,1,0,0,0,4,1,7,"H","W",107,48,23,13,31,12,9,24,11,18,29,8,6,1,19,130,107,48,23,13,31,12,9,24,11,18,29,8,6,1,19,130,1.67,5.2,192.3,0.03,0,NA,90,0.2,7.5,91.9,0,4.4,0,"2023-2024"
"MAC","ASM","5_2","Regular Season","Petr  Cornelie",18,0,0,0,NA,0,1,0,0,0,NA,2,2,4,4,0,0,1,0,4,0,4,"H","W",107,48,23,13,31,12,9,24,11,18,29,8,6,1,19,130,107,48,23,13,31,12,9,24,11,18,29,8,6,1,19,130,0,-1,0,0.01,-400,Inf,0,0,3.2,0,0,0.5,9.1,"2023-2024"
"MAC","ASM","5_2","Regular Season","Mouhammadou  Jaiteh",6,5,2,2,100,0,0,NA,1,2,50,0,0,0,1,0,0,0,0,1,4,8,"H","W",107,48,23,13,31,12,9,24,11,18,29,8,6,1,19,130,107,48,23,13,31,12,9,24,11,18,29,8,6,1,19,130,1.25,2.8,178.6,0.02,35.7,Inf,100,1,4.3,86.8,0,4.6,0,"2023-2024"
"MAC","ASM","5_2","Regular Season","Kemba  Walker",17,10,1,1,100,2,6,33.3,2,2,100,0,3,3,3,1,2,0,1,0,1,11,"H","W",107,48,23,13,31,12,9,24,11,18,29,8,6,1,19,130,107,48,23,13,31,12,9,24,11,18,29,8,6,1,19,130,1.11,9.5,105.3,0.05,31.6,1.5,57.1,0.29,8.3,63.5,21.05,5.6,0,"2023-2024"
"MAC","ASM","5_2","Regular Season","Terry  Tarpey",6,0,0,0,NA,0,0,NA,0,0,NA,0,1,1,0,0,1,0,0,1,0,-1,"H","W",107,48,23,13,31,12,9,24,11,18,29,8,6,1,19,130,107,48,23,13,31,12,9,24,11,18,29,8,6,1,19,130,NA,1,0,0,0,0,NA,NA,-1.1,NA,100,1.6,0,"2023-2024"
"MAC","ASM","5_2","Regular Season","Donta  Hall",11,4,2,3,66.7,0,0,NA,0,0,NA,0,2,2,1,0,1,0,0,4,0,1,"H","W",107,48,23,13,31,12,9,24,11,18,29,8,6,1,19,130,107,48,23,13,31,12,9,24,11,18,29,8,6,1,19,130,1.33,3.8,105.3,0,26.3,1,66.7,0,1.4,66.7,26.32,3.5,0,"2023-2024"
"EFE","OLY","5_3","Regular Season","Thomas  Walkup",22,4,2,2,100,0,3,0,0,0,NA,2,5,7,6,1,0,0,0,0,0,15,"H","W",75,34,26,10,22,8,7,21,8,28,36,7,10,1,15,96,75,34,26,10,22,8,7,21,8,28,36,7,10,1,15,96,0.8,2.9,137.9,0.09,206.9,Inf,40,0,9.4,40,0,2.4,12.5,"2023-2024"
"EFE","OLY","5_3","Regular Season","Isaiah  Canaan",26,10,2,2,100,2,5,40,0,0,NA,1,1,2,1,1,2,0,0,1,0,8,"H","W",75,34,26,10,22,8,7,21,8,28,36,7,10,1,15,96,75,34,26,10,22,8,7,21,8,28,36,7,10,1,15,96,1.43,7.7,129.9,0.05,13,0.5,71.4,0,7,71.4,25.97,3.7,6.2,"2023-2024"
"EFE","OLY","5_3","Regular Season","Moustapha  Fall",18,7,2,3,66.7,0,0,NA,3,6,50,0,1,1,2,0,3,1,0,1,4,7,"H","W",75,34,26,10,22,8,7,21,8,28,36,7,10,1,15,96,75,34,26,10,22,8,7,21,8,28,36,7,10,1,15,96,0.78,8.3,84.3,0.02,24.1,0.7,66.7,2,3.5,62.1,36.14,5.2,0,"2023-2024"
"EFE","OLY","5_3","Regular Season","Kostas  Papanikolaou",28,14,4,5,80,2,4,50,0,0,NA,2,5,7,4,0,1,0,0,2,0,19,"H","W",75,34,26,10,22,8,7,21,8,28,36,7,10,1,15,96,75,34,26,10,22,8,7,21,8,28,36,7,10,1,15,96,1.56,7.7,181.8,0.12,51.9,4,77.8,0,14,77.8,12.99,3.8,12.5,"2023-2024"
"EFE","OLY","5_3","Regular Season","Alec  Peters",19,12,3,5,60,2,4,50,0,0,NA,0,3,3,1,0,0,0,0,4,3,11,"H","W",75,34,26,10,22,8,7,21,8,28,36,7,10,1,15,96,75,34,26,10,22,8,7,21,8,28,36,7,10,1,15,96,1.33,8.6,139.5,0.05,11.6,Inf,66.7,0,7.7,66.7,0,5.1,0,"2023-2024"
"EFE","OLY","5_3","Regular Season","Nigel  Williams-Goss",24,14,3,8,37.5,2,3,66.7,2,2,100,0,7,7,3,3,0,0,1,2,2,20,"H","W",75,34,26,10,22,8,7,21,8,28,36,7,10,1,15,96,75,34,26,10,22,8,7,21,8,28,36,7,10,1,15,96,1.08,11.4,122.8,0.12,26.3,Inf,54.5,0.18,14.7,58.9,0,5.3,0,"2023-2024"
"EFE","OLY","5_3","Regular Season","Michalis  Lountzis",2,0,0,0,NA,0,0,NA,0,0,NA,0,1,1,0,0,0,0,0,0,0,1,"H","W",75,34,26,10,22,8,7,21,8,28,36,7,10,1,15,96,75,34,26,10,22,8,7,21,8,28,36,7,10,1,15,96,NA,0,NA,0.01,NA,NA,NA,NA,0.3,NA,NA,0,0,"2023-2024"
"EFE","OLY","5_3","Regular Season","Giannoulis  Larentzakis",18,4,2,3,66.7,0,3,0,0,0,NA,0,2,2,2,2,1,0,0,1,2,6,"H","W",75,34,26,10,22,8,7,21,8,28,36,7,10,1,15,96,75,34,26,10,22,8,7,21,8,28,36,7,10,1,15,96,0.67,6.7,59.7,0.03,29.9,2,33.3,0,3.2,33.3,14.93,4.2,0,"2023-2024"
"EFE","OLY","5_3","Regular Season","George  Papas",1,0,0,0,NA,0,1,0,0,0,NA,0,0,0,0,0,0,0,0,0,0,-1,"H","W",75,34,26,10,22,8,7,21,8,28,36,7,10,1,15,96,75,34,26,10,22,8,7,21,8,28,36,7,10,1,15,96,0,1,0,-0.01,0,NA,0,0,-0.7,0,0,10.8,0,"2023-2024"
"EFE","OLY","5_3","Regular Season","Ignas  Brazdeikis",17,4,1,2,50,0,3,0,2,2,100,0,1,1,0,0,0,0,1,3,2,-1,"H","W",75,34,26,10,22,8,7,21,8,28,36,7,10,1,15,96,75,34,26,10,22,8,7,21,8,28,36,7,10,1,15,96,0.57,5.6,71.4,-0.01,0,NA,20,0.4,0,34,0,3.7,0,"2023-2024"
"EFE","OLY","5_3","Regular Season","Nikola  Milutinov",22,6,3,4,75,0,0,NA,0,0,NA,3,2,5,2,0,3,0,1,1,4,11,"H","W",75,34,26,10,22,8,7,21,8,28,36,7,10,1,15,96,75,34,26,10,22,8,7,21,8,28,36,7,10,1,15,96,1.5,3.8,157.9,0.04,52.6,0.7,75,0,5.1,75,78.95,3.4,18.8,"2023-2024"
"EFE","OLY","5_3","Regular Season","Georgios  Tanoulis",1,0,0,0,NA,0,0,NA,0,0,NA,0,0,0,0,0,0,0,0,0,0,0,"H","W",75,34,26,10,22,8,7,21,8,28,36,7,10,1,15,96,75,34,26,10,22,8,7,21,8,28,36,7,10,1,15,96,NA,0,NA,0,NA,NA,NA,NA,0,NA,NA,0,0,"2023-2024"
"OLY","EFE","5_3","Regular Season","Shane  Larkin",29,8,1,3,33.3,2,5,40,0,0,NA,0,1,1,5,2,2,0,0,1,2,10,"A","L",57,33,31,4,15,8,3,14,12,22,34,5,10,3,17,58,57,33,31,4,15,8,3,14,12,22,34,5,10,3,17,58,1,9.6,83.3,0.11,52.1,2.5,50,0,7,50,20.83,3.6,0,"2023-2024"
"OLY","EFE","5_3","Regular Season","Will  Clyburn",26,5,1,4,25,1,6,16.7,0,0,NA,4,5,9,1,0,2,0,0,2,4,7,"A","L",57,33,31,4,15,8,3,14,12,22,34,5,10,3,17,58,57,33,31,4,15,8,3,14,12,22,34,5,10,3,17,58,0.5,7.7,64.9,0.01,13,0.5,25,0,1,25,25.97,4.9,16.7,"2023-2024"
"OLY","EFE","5_3","Regular Season","Darius  Thompson",19,9,3,5,60,1,4,25,0,0,NA,1,2,3,1,0,0,0,0,2,0,6,"A","L",57,33,31,4,15,8,3,14,12,22,34,5,10,3,17,58,57,33,31,4,15,8,3,14,12,22,34,5,10,3,17,58,1,7.7,116.9,0.08,13,Inf,50,0,5.5,50,0,5,4.2,"2023-2024"
"OLY","EFE","5_3","Regular Season","Derek  Willis",23,8,1,2,50,2,5,40,0,0,NA,0,1,1,1,0,0,1,0,0,0,7,"A","L",57,33,31,4,15,8,3,14,12,22,34,5,10,3,17,58,57,33,31,4,15,8,3,14,12,22,34,5,10,3,17,58,1.14,6.7,119.4,0.09,14.9,Inf,57.1,0,6,57.1,0,3.2,0,"2023-2024"
"OLY","EFE","5_3","Regular Season","Ante  Zizic",17,6,3,3,100,0,0,NA,0,0,NA,1,1,2,0,0,0,0,0,2,0,6,"A","L",57,33,31,4,15,8,3,14,12,22,34,5,10,3,17,58,57,33,31,4,15,8,3,14,12,22,34,5,10,3,17,58,2,1.9,315.8,0.08,0,NA,100,0,5.3,100,0,1.9,4.2,"2023-2024"
"OLY","EFE","5_3","Regular Season","Rodrigue  Beaubois",23,0,0,3,0,0,3,0,0,0,NA,1,3,4,3,0,2,0,0,0,1,0,"A","L",57,33,31,4,15,8,3,14,12,22,34,5,10,3,17,58,57,33,31,4,15,8,3,14,12,22,34,5,10,3,17,58,0,6.7,0,-0.02,44.8,1.5,0,0,-2.5,0,29.85,3.7,4.2,"2023-2024"
"OLY","EFE","5_3","Regular Season","Elijah  Bryant",23,10,2,4,50,1,5,20,3,4,75,2,0,2,2,1,1,0,0,2,5,10,"A","L",57,33,31,4,15,8,3,14,12,22,34,5,10,3,17,58,57,33,31,4,15,8,3,14,12,22,34,5,10,3,17,58,0.77,9.4,106.4,0.05,21.3,2,38.9,0.44,6.5,46.5,10.64,5.4,8.3,"2023-2024"
"OLY","EFE","5_3","Regular Season","Tibor  Pleiss",16,7,2,4,50,1,2,50,0,0,NA,1,3,4,0,1,0,2,0,3,1,9,"A","L",57,33,31,4,15,8,3,14,12,22,34,5,10,3,17,58,57,33,31,4,15,8,3,14,12,22,34,5,10,3,17,58,1.17,4.8,145.8,0.09,0,NA,58.3,0,6.8,58.3,0,4,4.2,"2023-2024"
"OLY","EFE","5_3","Regular Season","Justus  Hollatz",4,0,0,0,NA,0,0,NA,0,0,NA,0,1,1,0,0,2,0,0,0,0,-1,"A","L",57,33,31,4,15,8,3,14,12,22,34,5,10,3,17,58,57,33,31,4,15,8,3,14,12,22,34,5,10,3,17,58,NA,1.9,0,-0.01,0,0,NA,NA,-1.7,NA,105.26,5.3,0,"2023-2024"
"OLY","EFE","5_3","Regular Season","Erkan  Yilmaz",10,2,1,2,50,0,1,0,0,0,NA,1,3,4,1,0,1,0,0,2,0,2,"A","L",57,33,31,4,15,8,3,14,12,22,34,5,10,3,17,58,57,33,31,4,15,8,3,14,12,22,34,5,10,3,17,58,0.67,2.9,69,0.02,34.5,1,33.3,0,0.8,33.3,34.48,4.2,4.2,"2023-2024"
"OLY","EFE","5_3","Regular Season","Tyrique  Jones",10,2,1,3,33.3,0,0,NA,0,0,NA,1,2,3,0,1,0,0,1,3,2,2,"A","L",57,33,31,4,15,8,3,14,12,22,34,5,10,3,17,58,57,33,31,4,15,8,3,14,12,22,34,5,10,3,17,58,0.67,1.9,105.3,0.01,0,NA,33.3,0,1.4,33.3,0,3.2,4.2,"2023-2024"
"CRV","PAR","5_4","Regular Season","Zach  LeDay",31,13,3,4,75,1,3,33.3,4,4,100,0,3,3,4,0,1,0,2,1,7,20,"H","W",88,42,20,16,25,9,11,17,5,19,24,8,13,2,18,92,88,42,20,16,25,9,11,17,5,19,24,8,13,2,18,92,1.18,9.4,138.3,0.1,42.6,4,64.3,0.57,12,74.2,10.64,3.1,0,"2023-2024"
"CRV","PAR","5_4","Regular Season","Kevin  Punter",28,8,1,3,33.3,2,4,50,0,0,NA,0,0,0,2,2,7,0,1,3,0,-3,"H","W",88,42,20,16,25,9,11,17,5,19,24,8,13,2,18,92,88,42,20,16,25,9,11,17,5,19,24,8,13,2,18,92,1.14,13.4,59.7,-0.01,14.9,0.3,57.1,0,-0.5,57.1,52.24,4.9,0,"2023-2024"
"CRV","PAR","5_4","Regular Season","Ognjen  Jaramaz",26,12,4,6,66.7,1,2,50,1,2,50,0,2,2,1,1,0,0,0,3,2,11,"H","W",88,42,20,16,25,9,11,17,5,19,24,8,13,2,18,92,88,42,20,16,25,9,11,17,5,19,24,8,13,2,18,92,1.2,8.5,141.2,0.06,11.8,Inf,68.8,0.25,9.1,67.6,0,3.3,0,"2023-2024"
"CRV","PAR","5_4","Regular Season","James  Nunnally",28,7,1,2,50,1,2,50,2,4,50,1,2,3,4,0,2,0,0,0,2,10,"H","W",88,42,20,16,25,9,11,17,5,19,24,8,13,2,18,92,88,42,20,16,25,9,11,17,5,19,24,8,13,2,18,92,0.88,6.5,107.7,0.05,61.5,2,62.5,1,6.3,60.8,30.77,2.7,10,"2023-2024"
"CRV","PAR","5_4","Regular Season","Frank  Kaminsky",22,11,5,9,55.6,0,0,NA,1,3,33.3,0,5,5,1,2,0,0,1,3,4,13,"H","W",88,42,20,16,25,9,11,17,5,19,24,8,13,2,18,92,88,42,20,16,25,9,11,17,5,19,24,8,13,2,18,92,0.92,9.9,111.1,0.07,10.1,Inf,55.6,0.33,8.9,53.3,0,4.6,0,"2023-2024"
"CRV","PAR","5_4","Regular Season","Aleksa  Avramovic",22,14,4,5,80,2,5,40,0,0,NA,0,2,2,1,2,0,1,0,3,1,14,"H","W",88,42,20,16,25,9,11,17,5,19,24,8,13,2,18,92,88,42,20,16,25,9,11,17,5,19,24,8,13,2,18,92,1.4,9.6,145.8,0.09,10.4,Inf,70,0,12.2,70,0,4.4,0,"2023-2024"
"CRV","PAR","5_4","Regular Season","Alen  Smailagic",17,9,3,6,50,0,1,0,3,3,100,3,0,3,0,1,1,1,0,3,4,10,"H","W",88,42,20,16,25,9,11,17,5,19,24,8,13,2,18,92,88,42,20,16,25,9,11,17,5,19,24,8,13,2,18,92,0.9,6.1,147.5,0.03,0,0,42.9,0.43,6.9,54.1,16.39,5.3,30,"2023-2024"
"CRV","PAR","5_4","Regular Season","Uros  Trifunovic",1,0,0,0,NA,0,0,NA,0,0,NA,0,0,0,0,0,0,0,0,1,0,-1,"H","W",88,42,20,16,25,9,11,17,5,19,24,8,13,2,18,92,88,42,20,16,25,9,11,17,5,19,24,8,13,2,18,92,NA,0,NA,-0.01,NA,NA,NA,NA,-0.4,NA,NA,0,0,"2023-2024"
"CRV","PAR","5_4","Regular Season","Danilo  Andjusic",11,5,1,3,33.3,1,1,100,0,0,NA,0,2,2,2,0,1,0,0,1,1,6,"H","W",88,42,20,16,25,9,11,17,5,19,24,8,13,2,18,92,88,42,20,16,25,9,11,17,5,19,24,8,13,2,18,92,1.25,4.8,104.2,0.03,41.7,2,62.5,0,3.6,62.5,20.83,4.4,0,"2023-2024"
"CRV","PAR","5_4","Regular Season","P.J.  Dozier",13,9,3,4,75,1,2,50,0,0,NA,1,3,4,2,0,1,0,0,0,0,12,"H","W",88,42,20,16,25,9,11,17,5,19,24,8,13,2,18,92,88,42,20,16,25,9,11,17,5,19,24,8,13,2,18,92,1.5,5.8,155.2,0.08,34.5,2,75,0,8.4,75,17.24,5.3,10,"2023-2024"
"PAR","CRV","5_4","Regular Season","Adam  Hanga",28,11,2,4,50,2,4,50,1,4,25,0,4,4,2,2,0,0,0,2,2,12,"A","L",86,25,31,23,16,13,15,22,7,19,26,9,15,4,21,92,86,25,31,23,16,13,15,22,7,19,26,9,15,4,21,92,0.92,9.4,117,0.07,21.3,Inf,62.5,0.5,9.6,56.4,0,3.4,0,"2023-2024"
"PAR","CRV","5_4","Regular Season","Dejan  Davidovac",20,2,1,1,100,0,0,NA,0,0,NA,0,1,1,1,1,1,0,0,1,2,5,"A","L",86,25,31,23,16,13,15,22,7,19,26,9,15,4,21,92,86,25,31,23,16,13,15,22,7,19,26,9,15,4,21,92,2,1.9,105.3,0.02,52.6,1,100,0,2.3,100,52.63,1,0,"2023-2024"
"PAR","CRV","5_4","Regular Season","Shabazz  Napier",28,14,1,3,33.3,3,7,42.9,3,4,75,1,1,2,4,1,7,0,0,2,4,9,"A","L",86,25,31,23,16,13,15,22,7,19,26,9,15,4,21,92,86,25,31,23,16,13,15,22,7,19,26,9,15,4,21,92,1,17,82.4,0.03,23.5,0.6,55,0.4,5.2,59.5,41.18,6.6,7.1,"2023-2024"
"PAR","CRV","5_4","Regular Season","Joel  Bolomboy",27,16,5,6,83.3,1,2,50,3,4,75,0,2,2,1,1,2,2,0,2,2,17,"A","L",86,25,31,23,16,13,15,22,7,19,26,9,15,4,21,92,86,25,31,23,16,13,15,22,7,19,26,9,15,4,21,92,1.33,11.3,141.6,0.1,8.8,0.5,81.2,0.5,13.3,82,17.7,4.3,0,"2023-2024"
"PAR","CRV","5_4","Regular Season","Rokas  Giedraitis",19,8,1,2,50,2,3,66.7,0,0,NA,2,0,2,0,0,1,0,0,2,0,5,"A","L",86,25,31,23,16,13,15,22,7,19,26,9,15,4,21,92,86,25,31,23,16,13,15,22,7,19,26,9,15,4,21,92,1.6,3.8,210.5,0.03,0,0,80,0,5.3,80,26.32,3.1,14.3,"2023-2024"
"PAR","CRV","5_4","Regular Season","Milos  Teodosic",24,9,1,1,100,1,6,16.7,4,7,57.1,1,3,4,6,2,2,0,0,4,3,10,"A","L",86,25,31,23,16,13,15,22,7,19,26,9,15,4,21,92,86,25,31,23,16,13,15,22,7,19,26,9,15,4,21,92,0.64,10.6,84.9,0.05,56.6,3,35.7,1,7.9,44.6,18.87,5,7.1,"2023-2024"
"PAR","CRV","5_4","Regular Season","Luka  Mitrovic",23,8,2,2,100,0,0,NA,4,4,100,2,6,8,2,2,1,1,0,3,2,19,"A","L",86,25,31,23,16,13,15,22,7,19,26,9,15,4,21,92,86,25,31,23,16,13,15,22,7,19,26,9,15,4,21,92,1.33,2.6,307.7,0.11,76.9,2,100,2,12.5,106.4,38.46,2,14.3,"2023-2024"
"PAR","CRV","5_4","Regular Season","Mike  Tobey",10,7,2,3,66.7,1,2,50,0,0,NA,1,2,3,1,0,1,1,0,4,1,6,"A","L",86,25,31,23,16,13,15,22,7,19,26,9,15,4,21,92,86,25,31,23,16,13,15,22,7,19,26,9,15,4,21,92,1.4,4.8,145.8,0.03,20.8,1,70,0,4.8,70,20.83,5.9,7.1,"2023-2024"
"PAR","CRV","5_4","Regular Season","Yago Mateus dos Santos",21,11,1,3,33.3,3,7,42.9,0,0,NA,0,0,0,5,0,0,0,2,1,2,9,"A","L",86,25,31,23,16,13,15,22,7,19,26,9,15,4,21,92,86,25,31,23,16,13,15,22,7,19,26,9,15,4,21,92,1.1,9.6,114.6,0.06,52.1,Inf,55,0,8.7,55,0,4.7,0,"2023-2024"
"BAR","RMB","5_5","Regular Season","Alberto   Abalde",7,0,0,0,NA,0,0,NA,0,0,NA,0,2,2,0,0,1,0,0,1,0,0,"H","W",65,44,22,24,22,2,15,17,15,27,42,5,15,1,25,58,65,44,22,24,22,2,15,17,15,27,42,5,15,1,25,58,NA,1,0,0,0,0,NA,NA,-0.8,NA,100,1.2,0,"2023-2024"
"BAR","RMB","5_5","Regular Season","Facundo  Campazzo",23,6,0,3,0,0,3,0,6,9,66.7,0,1,1,7,1,3,0,0,1,7,9,"H","W",65,44,22,24,22,2,15,17,15,27,42,5,15,1,25,58,65,44,22,24,22,2,15,17,15,27,42,5,15,1,25,58,0.4,12.4,48.4,0.03,56.5,2.3,0,1.5,3.4,30.1,24.19,4.9,0,"2023-2024"
"BAR","RMB","5_5","Regular Season","Gabriel  Deck",28,20,8,10,80,1,4,25,1,2,50,2,5,7,0,1,2,0,1,4,5,20,"H","W",65,44,22,24,22,2,15,17,15,27,42,5,15,1,25,58,65,44,22,24,22,2,15,17,15,27,42,5,15,1,25,58,1.25,14.3,139.9,0.24,0,0,67.9,0.14,13.7,67.2,13.99,5.3,6.7,"2023-2024"
"BAR","RMB","5_5","Regular Season","Walter  Tavares",17,8,3,5,60,0,0,NA,2,4,50,2,3,5,0,0,2,0,0,4,3,6,"H","W",65,44,22,24,22,2,15,17,15,27,42,5,15,1,25,58,65,44,22,24,22,2,15,17,15,27,42,5,15,1,25,58,0.89,6.5,123.1,0.03,0,0,60,0.8,3.6,59.2,30.77,4.5,6.7,"2023-2024"
"BAR","RMB","5_5","Regular Season","Dzanan  Musa",19,4,1,3,33.3,0,2,0,2,3,66.7,0,1,1,4,0,2,0,0,1,1,2,"H","W",65,44,22,24,22,2,15,17,15,27,42,5,15,1,25,58,65,44,22,24,22,2,15,17,15,27,42,5,15,1,25,58,0.5,8,50,0.02,50,2,20,0.6,1.2,31.6,25,3.8,0,"2023-2024"
"BAR","RMB","5_5","Regular Season","Rudy  Fernandez",19,0,0,0,NA,0,5,0,0,0,NA,0,4,4,0,1,0,0,0,0,0,0,"H","W",65,44,22,24,22,2,15,17,15,27,42,5,15,1,25,58,65,44,22,24,22,2,15,17,15,27,42,5,15,1,25,58,0,4.8,0,0,0,NA,0,0,-1.3,0,0,2.3,0,"2023-2024"
"BAR","RMB","5_5","Regular Season","Mario  Hezonja",21,7,1,4,25,1,4,25,2,2,100,2,8,10,0,0,1,0,0,3,1,8,"H","W",65,44,22,24,22,2,15,17,15,27,42,5,15,1,25,58,65,44,22,24,22,2,15,17,15,27,42,5,15,1,25,58,0.7,7.6,92.1,0.1,0,0,31.2,0.25,3.8,39.4,13.16,4.1,6.7,"2023-2024"
"BAR","RMB","5_5","Regular Season","Sergio  Rodriguez",17,4,2,7,28.6,0,1,0,0,0,NA,0,1,1,5,0,1,0,1,3,0,-1,"H","W",65,44,22,24,22,2,15,17,15,27,42,5,15,1,25,58,65,44,22,24,22,2,15,17,15,27,42,5,15,1,25,58,0.5,8.6,46.5,0,58.1,5,25,0,0.8,25,11.63,4.6,0,"2023-2024"
"BAR","RMB","5_5","Regular Season","Vincent  Poirier",20,14,7,8,87.5,0,0,NA,0,2,0,6,1,7,0,1,1,1,0,3,2,18,"H","W",65,44,22,24,22,2,15,17,15,27,42,5,15,1,25,58,65,44,22,24,22,2,15,17,15,27,42,5,15,1,25,58,1.4,3.7,378.4,0.2,0,0,87.5,0.25,14.4,78.8,27.03,4.3,20,"2023-2024"
"BAR","RMB","5_5","Regular Season","Sergio  Llull",21,2,0,3,0,0,3,0,2,2,100,0,1,1,1,0,2,0,0,2,2,-4,"H","W",65,44,22,24,22,2,15,17,15,27,42,5,15,1,25,58,65,44,22,24,22,2,15,17,15,27,42,5,15,1,25,58,0.25,8.5,23.5,-0.1,11.8,0.5,0,0.33,-4,14.5,23.53,3.7,0,"2023-2024"
"BAR","RMB","5_5","Regular Season","Eli  Ndiaye",8,0,0,1,0,0,0,NA,0,0,NA,3,0,3,0,1,0,0,0,3,0,0,"H","W",65,44,22,24,22,2,15,17,15,27,42,5,15,1,25,58,65,44,22,24,22,2,15,17,15,27,42,5,15,1,25,58,0,-1.9,0,-0.02,0,NA,0,0,1.2,0,0,1.1,10,"2023-2024"
"RMB","BAR","5_5","Regular Season","Oscar  da Silva",18,3,0,1,0,1,2,50,0,0,NA,0,1,1,1,1,1,0,0,1,0,2,"A","L",64,45,20,16,20,5,9,12,13,27,40,8,13,2,22,67,64,45,20,16,20,5,9,12,13,27,40,8,13,2,22,67,1,3.8,78.9,0.03,26.3,1,50,0,1.9,50,26.32,2.1,0,"2023-2024"
"RMB","BAR","5_5","Regular Season","Jan  Vesely",24,12,6,9,66.7,0,0,NA,0,0,NA,5,5,10,1,0,0,0,0,2,0,18,"A","L",64,45,20,16,20,5,9,12,13,27,40,8,13,2,22,67,64,45,20,16,20,5,9,12,13,27,40,8,13,2,22,67,1.33,3.8,315.8,0.21,26.3,Inf,66.7,0,13,66.7,0,3.5,19.2,"2023-2024"
"RMB","BAR","5_5","Regular Season","Nikola  Kalinic",29,7,3,6,50,0,2,0,1,2,50,2,2,4,2,2,2,0,0,3,4,8,"A","L",64,45,20,16,20,5,9,12,13,27,40,8,13,2,22,67,64,45,20,16,20,5,9,12,13,27,40,8,13,2,22,67,0.7,8.5,82.4,0.04,23.5,1,37.5,0.25,4.4,39.4,23.53,3.5,7.7,"2023-2024"
"RMB","BAR","5_5","Regular Season","Tomas  Satoransky",26,10,2,5,40,1,3,33.3,3,6,50,0,7,7,3,2,3,0,0,5,6,12,"A","L",64,45,20,16,20,5,9,12,13,27,40,8,13,2,22,67,64,45,20,16,20,5,9,12,13,27,40,8,13,2,22,67,0.71,13.1,76.3,0.08,22.9,1,43.8,0.75,5.6,47,22.9,4.9,0,"2023-2024"
"RMB","BAR","5_5","Regular Season","Alejandro  Abrines",27,11,0,3,0,3,7,42.9,2,2,100,1,3,4,1,3,1,1,0,2,4,14,"A","L",64,45,20,16,20,5,9,12,13,27,40,8,13,2,22,67,64,45,20,16,20,5,9,12,13,27,40,8,13,2,22,67,0.92,10.4,105.8,0.12,9.6,1,45,0.2,9.4,50.6,9.62,4.1,3.8,"2023-2024"
"RMB","BAR","5_5","Regular Season","Dario  Brizuela",13,2,1,2,50,0,1,0,0,0,NA,0,1,1,0,0,1,0,0,3,2,-1,"A","L",64,45,20,16,20,5,9,12,13,27,40,8,13,2,22,67,64,45,20,16,20,5,9,12,13,27,40,8,13,2,22,67,0.67,3.8,52.6,-0.04,0,0,33.3,0,-1.6,33.3,26.32,2.9,0,"2023-2024"
"RMB","BAR","5_5","Regular Season","Willy  Hernangomez",16,13,5,9,55.6,0,1,0,3,6,50,0,4,4,0,0,1,0,1,2,5,10,"A","L",64,45,20,16,20,5,9,12,13,27,40,8,13,2,22,67,64,45,20,16,20,5,9,12,13,27,40,8,13,2,22,67,0.81,13.1,99.2,0.08,0,0,50,0.6,6.2,51.4,7.63,8,0,"2023-2024"
"RMB","BAR","5_5","Regular Season","Jabari  Parker",10,0,0,1,0,0,2,0,0,0,NA,1,1,2,0,0,1,0,0,1,1,-2,"A","L",64,45,20,16,20,5,9,12,13,27,40,8,13,2,22,67,64,45,20,16,20,5,9,12,13,27,40,8,13,2,22,67,0,2.9,0,-0.05,0,0,0,0,-2.5,0,34.48,3.8,3.8,"2023-2024"
"RMB","BAR","5_5","Regular Season","James  Nnaji",0,0,0,0,NA,0,0,NA,0,0,NA,0,0,0,0,0,0,0,0,0,0,0,"A","L",64,45,20,16,20,5,9,12,13,27,40,8,13,2,22,67,64,45,20,16,20,5,9,12,13,27,40,8,13,2,22,67,NA,0,NA,0,NA,NA,NA,NA,0,NA,NA,NA,0,"2023-2024"
"RMB","BAR","5_5","Regular Season","Rokas  Jokubaitis",22,6,3,8,37.5,0,1,0,0,0,NA,2,3,5,4,0,2,1,0,2,1,7,"A","L",64,45,20,16,20,5,9,12,13,27,40,8,13,2,22,67,64,45,20,16,20,5,9,12,13,27,40,8,13,2,22,67,0.67,8.6,69.8,0.06,46.5,2,33.3,0,3.9,33.3,23.26,4.7,7.7,"2023-2024"
"RMB","BAR","5_5","Regular Season","Joel  Parra",14,0,0,1,0,0,1,0,0,0,NA,2,0,2,0,0,1,0,0,1,1,-1,"A","L",64,45,20,16,20,5,9,12,13,27,40,8,13,2,22,67,64,45,20,16,20,5,9,12,13,27,40,8,13,2,22,67,0,1,0,-0.04,0,0,0,0,-1.4,0,100,2,7.7,"2023-2024"
"BAY","FEN","5_6","Regular Season","Johnathan  Motley",20,9,4,9,44.4,0,0,NA,1,2,50,4,2,6,0,1,3,0,1,3,3,6,"A","W",76,44,27,18,20,7,15,10,16,27,43,5,10,4,21,77,76,44,27,18,20,7,15,10,16,27,43,5,10,4,21,77,0.82,8.5,105.9,0.02,0,0,44.4,0.22,4.1,45.5,35.29,5.8,12.5,"2023-2024"
"BAY","FEN","5_6","Regular Season","Nigel  Hayes-Davis",32,9,2,6,33.3,1,5,20,2,2,100,2,4,6,2,1,0,0,1,3,4,10,"A","W",76,44,27,18,20,7,15,10,16,27,43,5,10,4,21,77,76,44,27,18,20,7,15,10,16,27,43,5,10,4,21,77,0.69,9.5,94.7,0.06,21.1,Inf,31.8,0.18,6.3,37.9,0,3.3,6.2,"2023-2024"
"BAY","FEN","5_6","Regular Season","Dyshawn  Pierre",21,6,2,4,50,0,1,0,2,2,100,3,3,6,0,1,1,0,0,1,1,9,"A","W",76,44,27,18,20,7,15,10,16,27,43,5,10,4,21,77,76,44,27,18,20,7,15,10,16,27,43,5,10,4,21,77,0.86,3.7,162.2,0.06,0,0,40,0.4,5.9,51,27.03,2.9,9.4,"2023-2024"
"BAY","FEN","5_6","Regular Season","Marko  Guduric",29,14,3,6,50,1,4,25,5,5,100,1,5,6,1,1,2,0,1,4,6,15,"A","W",76,44,27,18,20,7,15,10,16,27,43,5,10,4,21,77,76,44,27,18,20,7,15,10,16,27,43,5,10,4,21,77,0.93,12.7,110.2,0.1,7.9,0.5,45,0.5,8.9,57.4,15.75,4.4,3.1,"2023-2024"
"BAY","FEN","5_6","Regular Season","Nick  Calathes",19,4,2,6,33.3,0,2,0,0,0,NA,0,2,2,0,0,2,2,0,1,1,0,"A","W",76,44,27,18,20,7,15,10,16,27,43,5,10,4,21,77,76,44,27,18,20,7,15,10,16,27,43,5,10,4,21,77,0.5,9.6,41.7,-0.02,0,0,25,0,-1.2,25,20.83,4.7,0,"2023-2024"
"BAY","FEN","5_6","Regular Season","Scottie  Wilbekin",24,17,2,4,50,4,7,57.1,1,1,100,2,3,5,5,0,1,0,0,1,3,23,"A","W",76,44,27,18,20,7,15,10,16,27,43,5,10,4,21,77,76,44,27,18,20,7,15,10,16,27,43,5,10,4,21,77,1.42,10,170,0.19,50,5,72.7,0.09,16.1,74.3,10,4.7,6.2,"2023-2024"
"BAY","FEN","5_6","Regular Season","Georgios  Papagiannis",20,8,4,6,66.7,0,0,NA,0,0,NA,3,2,5,2,1,0,2,0,5,0,11,"A","W",76,44,27,18,20,7,15,10,16,27,43,5,10,4,21,77,76,44,27,18,20,7,15,10,16,27,43,5,10,4,21,77,1.33,2.9,275.9,0.09,69,Inf,66.7,0,9.9,66.7,0,2.7,9.4,"2023-2024"
"BAY","FEN","5_6","Regular Season","Tarik  Biberovic",10,0,0,0,NA,0,0,NA,0,0,NA,1,1,2,0,0,0,0,0,0,0,2,"A","W",76,44,27,18,20,7,15,10,16,27,43,5,10,4,21,77,76,44,27,18,20,7,15,10,16,27,43,5,10,4,21,77,NA,-1,0,0.01,0,NA,NA,NA,1,NA,0,0,3.1,"2023-2024"
"BAY","FEN","5_6","Regular Season","Tyler  Dorsey",16,5,1,3,33.3,0,4,0,3,4,75,0,3,3,0,0,1,0,1,1,2,0,"A","W",76,44,27,18,20,7,15,10,16,27,43,5,10,4,21,77,76,44,27,18,20,7,15,10,16,27,43,5,10,4,21,77,0.45,9.4,53.2,-0.01,0,0,14.3,0.57,-0.4,28.5,10.64,5.5,0,"2023-2024"
"BAY","FEN","5_6","Regular Season","Nathan  Sestina",9,4,0,0,NA,1,4,25,1,2,50,0,2,2,0,0,0,0,0,2,1,1,"A","W",76,44,27,18,20,7,15,10,16,27,43,5,10,4,21,77,76,44,27,18,20,7,15,10,16,27,43,5,10,4,21,77,0.67,4.7,85.1,0,0,NA,37.5,0.5,1,41,0,4.9,0,"2023-2024"
"FEN","BAY","5_6","Regular Season","Isaac  Bonga",27,8,4,5,80,0,3,0,0,0,NA,1,6,7,4,1,2,0,0,5,6,15,"H","L",67,41,29,12,20,6,9,12,11,25,36,5,9,4,22,63,67,41,29,12,20,6,9,12,11,25,36,5,9,4,22,63,1,8.6,93,0.11,46.5,2,50,0,6.3,50,23.26,3.5,4.5,"2023-2024"
"FEN","BAY","5_6","Regular Season","Leandro  Bolmaro",20,6,3,6,50,0,2,0,0,1,0,0,1,1,1,2,2,0,0,4,1,-1,"H","L",67,41,29,12,20,6,9,12,11,25,36,5,9,4,22,63,67,41,29,12,20,6,9,12,11,25,36,5,9,4,22,63,0.67,10,60,-0.03,10,0.5,37.5,0.12,0.6,35.5,20,5,0,"2023-2024"
"FEN","BAY","5_6","Regular Season","Andreas  Obst",18,9,1,2,50,2,7,28.6,1,2,50,0,3,3,1,0,0,0,1,2,2,5,"H","L",67,41,29,12,20,6,9,12,11,25,36,5,9,4,22,63,67,41,29,12,20,6,9,12,11,25,36,5,9,4,22,63,0.82,9.5,94.7,0.05,10.5,Inf,44.4,0.22,4.3,45.5,0,5.2,0,"2023-2024"
"FEN","BAY","5_6","Regular Season","Serge  Ibaka",20,9,4,5,80,0,1,0,1,1,100,3,4,7,0,0,1,3,0,3,2,15,"H","L",67,41,29,12,20,6,9,12,11,25,36,5,9,4,22,63,67,41,29,12,20,6,9,12,11,25,36,5,9,4,22,63,1.29,4.3,209.3,0.13,0,0,66.7,0.17,9.6,69.9,23.26,3.5,13.6,"2023-2024"
"FEN","BAY","5_6","Regular Season","Devin   Booker",24,9,2,5,40,0,1,0,5,6,83.3,2,4,6,0,1,1,0,1,0,7,16,"H","L",67,41,29,12,20,6,9,12,11,25,36,5,9,4,22,63,67,41,29,12,20,6,9,12,11,25,36,5,9,4,22,63,0.75,7.3,123.3,0.12,0,0,33.3,1,7.8,52.1,13.7,3.8,9.1,"2023-2024"
"FEN","BAY","5_6","Regular Season","Nick  Weiler-Babb",26,5,1,2,50,1,2,50,0,0,NA,1,3,4,1,0,2,0,0,2,0,4,"H","L",67,41,29,12,20,6,9,12,11,25,36,5,9,4,22,63,67,41,29,12,20,6,9,12,11,25,36,5,9,4,22,63,1.25,4.8,104.2,0.05,20.8,0.5,62.5,0,2.5,62.5,41.67,2.2,4.5,"2023-2024"
"FEN","BAY","5_6","Regular Season","Sylvain  Francisco",23,11,1,4,25,3,7,42.9,0,0,NA,0,1,1,5,1,0,0,0,3,1,9,"H","L",67,41,29,12,20,6,9,12,11,25,36,5,9,4,22,63,67,41,29,12,20,6,9,12,11,25,36,5,9,4,22,63,1,10.6,103.8,0.1,47.2,Inf,50,0,8.5,50,0,4.5,0,"2023-2024"
"FEN","BAY","5_6","Regular Season","Carsen  Edwards",17,6,2,5,40,0,4,0,2,2,100,0,0,0,0,0,0,0,1,0,1,-1,"H","L",67,41,29,12,20,6,9,12,11,25,36,5,9,4,22,63,67,41,29,12,20,6,9,12,11,25,36,5,9,4,22,63,0.55,9.5,63.2,-0.01,0,NA,22.2,0.22,0.5,30.4,0,5.5,0,"2023-2024"
"FEN","BAY","5_6","Regular Season","Nelson  Weidemann",3,0,0,1,0,0,1,0,0,0,NA,0,1,1,0,0,1,0,0,0,0,-2,"H","L",67,41,29,12,20,6,9,12,11,25,36,5,9,4,22,63,67,41,29,12,20,6,9,12,11,25,36,5,9,4,22,63,0,2.9,0,-0.03,0,0,0,0,-2.1,0,34.48,9.5,0,"2023-2024"
"FEN","BAY","5_6","Regular Season","Niels  Giffey",5,0,0,0,NA,0,1,0,0,0,NA,1,0,1,0,0,0,0,0,0,0,0,"H","L",67,41,29,12,20,6,9,12,11,25,36,5,9,4,22,63,67,41,29,12,20,6,9,12,11,25,36,5,9,4,22,63,0,0,NA,-0.01,NA,NA,0,0,0,0,NA,1.9,4.5,"2023-2024"
"FEN","BAY","5_6","Regular Season","Freddie  Gillespie",16,4,2,6,33.3,0,0,NA,0,0,NA,3,2,5,0,0,0,1,1,3,1,3,"H","L",67,41,29,12,20,6,9,12,11,25,36,5,9,4,22,63,67,41,29,12,20,6,9,12,11,25,36,5,9,4,22,63,0.67,2.9,137.9,0.01,0,NA,33.3,0,2.8,33.3,0,3.6,13.6,"2023-2024"
"BAS","PAN","5_7","Regular Season","Luca  Vildoza",10,3,0,0,NA,1,2,50,0,0,NA,0,1,1,0,0,1,0,0,0,0,2,"H","W",95,43,26,21,25,9,18,15,15,21,36,5,13,4,18,105,95,43,26,21,25,9,18,15,15,21,36,5,13,4,18,105,1.5,2.9,103.4,0.01,0,0,75,0,1.3,75,34.48,2.6,0,"2023-2024"
"BAS","PAN","5_7","Regular Season","Kostas  Sloukas",26,12,2,5,40,1,5,20,5,6,83.3,1,3,4,7,2,2,0,0,2,3,16,"H","W",95,43,26,21,25,9,18,15,15,21,36,5,13,4,18,105,95,43,26,21,25,9,18,15,15,21,36,5,13,4,18,105,0.75,13.1,91.6,0.08,53.4,3.5,35,0.6,11.5,47.5,15.27,4.9,3.3,"2023-2024"
"BAS","PAN","5_7","Regular Season","Kostas  Antetokounmpo",7,0,0,1,0,0,0,NA,0,0,NA,1,0,1,0,0,1,0,0,2,1,-2,"H","W",95,43,26,21,25,9,18,15,15,21,36,5,13,4,18,105,95,43,26,21,25,9,18,15,15,21,36,5,13,4,18,105,0,1,0,-0.02,0,0,0,0,-1.8,0,100,2.5,3.3,"2023-2024"
"BAS","PAN","5_7","Regular Season","Marius  Grigonis",31,7,1,1,100,1,5,20,2,2,100,0,4,4,1,0,2,0,0,0,3,9,"H","W",95,43,26,21,25,9,18,15,15,21,36,5,13,4,18,105,95,43,26,21,25,9,18,15,15,21,36,5,13,4,18,105,0.88,8.5,82.4,0.04,11.8,0.5,41.7,0.33,3.5,50.9,23.53,2.5,0,"2023-2024"
"BAS","PAN","5_7","Regular Season","Juan  Hernangomez",13,3,0,2,0,1,3,33.3,0,0,NA,2,0,2,0,0,0,0,0,0,1,2,"H","W",95,43,26,21,25,9,18,15,15,21,36,5,13,4,18,105,95,43,26,21,25,9,18,15,15,21,36,5,13,4,18,105,0.6,2.9,103.4,0,0,NA,30,0,1.3,30,0,3.4,6.7,"2023-2024"
"BAS","PAN","5_7","Regular Season","Panagiotis  Kalaitzakis",1,0,0,0,NA,0,0,NA,0,0,NA,0,0,0,0,0,0,0,0,1,0,-1,"H","W",95,43,26,21,25,9,18,15,15,21,36,5,13,4,18,105,95,43,26,21,25,9,18,15,15,21,36,5,13,4,18,105,NA,0,NA,-0.01,NA,NA,NA,NA,-0.4,NA,NA,0,0,"2023-2024"
"BAS","PAN","5_7","Regular Season","Kyle  Guy",20,13,3,3,100,2,4,50,1,1,100,0,1,1,1,0,0,1,0,3,1,12,"H","W",95,43,26,21,25,9,18,15,15,21,36,5,13,4,18,105,95,43,26,21,25,9,18,15,15,21,36,5,13,4,18,105,1.62,7.1,183.1,0.07,14.1,Inf,85.7,0.14,10.6,87.4,0,3.3,0,"2023-2024"
"BAS","PAN","5_7","Regular Season","Aleksander  Balcerowski",5,2,1,1,100,0,0,NA,0,0,NA,1,2,3,0,0,1,0,0,2,0,2,"H","W",95,43,26,21,25,9,18,15,15,21,36,5,13,4,18,105,95,43,26,21,25,9,18,15,15,21,36,5,13,4,18,105,2,1,200,0.01,0,0,100,0,1.2,100,100,3.5,3.3,"2023-2024"
"BAS","PAN","5_7","Regular Season","Jerian  Grant",28,9,3,6,50,1,3,33.3,0,1,0,1,2,3,4,2,0,0,1,3,2,10,"H","W",95,43,26,21,25,9,18,15,15,21,36,5,13,4,18,105,95,43,26,21,25,9,18,15,15,21,36,5,13,4,18,105,0.9,8.1,111.1,0.06,49.4,Inf,50,0.11,8.8,47.7,0,3,3.3,"2023-2024"
"BAS","PAN","5_7","Regular Season","Mathias  Lessort",28,23,8,16,50,0,0,NA,7,8,87.5,7,7,14,1,0,2,2,1,4,7,31,"H","W",95,43,26,21,25,9,18,15,15,21,36,5,13,4,18,105,95,43,26,21,25,9,18,15,15,21,36,5,13,4,18,105,0.96,13.9,165.5,0.13,7.2,0.5,50,0.5,20.1,58.9,14.39,6.7,23.3,"2023-2024"
"BAS","PAN","5_7","Regular Season","Konstantinos  Mitoglou",29,23,7,8,87.5,2,4,50,3,3,100,2,1,3,1,1,4,1,0,1,3,24,"H","W",95,43,26,21,25,9,18,15,15,21,36,5,13,4,18,105,95,43,26,21,25,9,18,15,15,21,36,5,13,4,18,105,1.53,14.7,156.5,0.13,6.8,0.2,83.3,0.25,17.9,86.3,27.21,5.2,6.7,"2023-2024"
"PAN","BAS","5_7","Regular Season","Markus  Howard",29,22,6,8,75,2,7,28.6,4,5,80,0,2,2,3,2,4,0,0,3,7,21,"A","L",81,44,25,12,26,7,8,16,8,20,28,7,12,2,21,75,81,44,25,12,26,7,8,16,8,20,28,7,12,2,21,75,1.1,20.4,107.8,0.12,14.7,0.8,60,0.33,13.8,64,19.61,6.8,0,"2023-2024"
"PAN","BAS","5_7","Regular Season","Sander  Raieste",22,2,1,4,25,0,2,0,0,0,NA,0,0,0,2,0,0,0,0,3,0,-4,"A","L",81,44,25,12,26,7,8,16,8,20,28,7,12,2,21,75,81,44,25,12,26,7,8,16,8,20,28,7,12,2,21,75,0.33,5.8,34.5,-0.04,34.5,Inf,16.7,0,-1.6,16.7,0,2.5,0,"2023-2024"
"PAN","BAS","5_7","Regular Season","Tadas  Sedekerskis",29,9,4,5,80,0,0,NA,1,1,100,2,6,8,4,2,1,1,0,1,2,23,"A","L",81,44,25,12,26,7,8,16,8,20,28,7,12,2,21,75,81,44,25,12,26,7,8,16,8,20,28,7,12,2,21,75,1.5,4.3,209.3,0.17,93,4,80,0.2,14.4,82.7,23.26,2.1,12.5,"2023-2024"
"PAN","BAS","5_7","Regular Season","Codi  Miller-McIntyre",28,2,1,3,33.3,0,5,0,0,0,NA,0,1,1,1,1,1,0,1,2,1,-5,"A","L",81,44,25,12,26,7,8,16,8,20,28,7,12,2,21,75,81,44,25,12,26,7,8,16,8,20,28,7,12,2,21,75,0.25,8.6,23.3,-0.04,11.6,1,12.5,0,-3,12.5,11.63,3,0,"2023-2024"
"PAN","BAS","5_7","Regular Season","Maik  Kotsar",29,8,4,9,44.4,0,0,NA,0,0,NA,2,2,4,2,0,1,0,1,2,2,7,"A","L",81,44,25,12,26,7,8,16,8,20,28,7,12,2,21,75,81,44,25,12,26,7,8,16,8,20,28,7,12,2,21,75,0.89,7.7,103.9,0.04,26,2,44.4,0,4.9,44.4,12.99,3.2,12.5,"2023-2024"
"PAN","BAS","5_7","Regular Season","Nico  Mannion",22,17,4,7,57.1,2,4,50,3,6,50,0,1,1,2,0,3,0,1,2,6,12,"A","L",81,44,25,12,26,7,8,16,8,20,28,7,12,2,21,75,81,44,25,12,26,7,8,16,8,20,28,7,12,2,21,75,1,16,106.2,0.06,12.5,0.7,63.6,0.55,8.4,62.3,18.75,7,0,"2023-2024"
"PAN","BAS","5_7","Regular Season","Vanja  Marinkovic",23,17,4,6,66.7,3,6,50,0,0,NA,1,2,3,2,1,2,0,1,3,0,12,"A","L",81,44,25,12,26,7,8,16,8,20,28,7,12,2,21,75,81,44,25,12,26,7,8,16,8,20,28,7,12,2,21,75,1.42,12.5,136,0.11,16,1,70.8,0,11.9,70.8,16,5.6,6.2,"2023-2024"
"PAN","BAS","5_7","Regular Season","Matthew  Costello",17,4,2,2,100,0,1,0,0,0,NA,3,6,9,0,1,0,1,0,5,0,9,"A","L",81,44,25,12,26,7,8,16,8,20,28,7,12,2,21,75,81,44,25,12,26,7,8,16,8,20,28,7,12,2,21,75,1.33,0,Inf,0.06,NA,NA,66.7,0,6.3,66.7,NA,1.6,18.8,"2023-2024"
"BOL","VIL","5_8","Regular Season","Paris  Lee",29,8,0,4,0,1,2,50,5,5,100,0,1,1,10,4,1,0,2,1,4,18,"H","L",84,43,15,16,22,9,13,21,7,16,23,6,14,1,14,92,84,43,15,16,22,9,13,21,7,16,23,6,14,1,14,92,0.73,8.8,90.9,0.11,113.6,10,25,0.83,14.1,48.8,11.36,3.2,0,"2023-2024"
"BOL","VIL","5_8","Regular Season","Joffrey  Lauvergne",24,14,4,9,44.4,2,2,100,0,0,NA,1,4,5,1,0,3,0,2,3,2,9,"H","L",84,43,15,16,22,9,13,21,7,16,23,6,14,1,14,92,84,43,15,16,22,9,13,21,7,16,23,6,14,1,14,92,1.27,12.5,112,0.06,8,0.3,63.6,0,7.1,63.6,24,5.9,7.1,"2023-2024"
"BOL","VIL","5_8","Regular Season","Youssoupha  Fall",24,16,8,10,80,0,0,NA,0,0,NA,5,1,6,0,2,1,1,0,1,1,22,"H","L",84,43,15,16,22,9,13,21,7,16,23,6,14,1,14,92,84,43,15,16,22,9,13,21,7,16,23,6,14,1,14,92,1.6,5.8,275.9,0.12,0,0,80,0,17.3,80,17.24,4.6,35.7,"2023-2024"
"BOL","VIL","5_8","Regular Season","David  Lighty",9,4,1,4,25,0,0,NA,2,2,100,0,0,0,1,0,1,0,0,2,1,0,"H","L",84,43,15,16,22,9,13,21,7,16,23,6,14,1,14,92,84,43,15,16,22,9,13,21,7,16,23,6,14,1,14,92,0.67,5.6,71.4,-0.01,17.9,1,25,0.5,0.5,41,17.86,6.6,0,"2023-2024"
"BOL","VIL","5_8","Regular Season","Frank  Jackson",21,8,1,2,50,2,4,50,0,0,NA,0,1,1,3,0,3,0,1,2,1,4,"H","L",84,43,15,16,22,9,13,21,7,16,23,6,14,1,14,92,84,43,15,16,22,9,13,21,7,16,23,6,14,1,14,92,1.33,8.6,93,0.03,34.9,1,66.7,0,3.6,66.7,34.88,4.3,0,"2023-2024"
"BOL","VIL","5_8","Regular Season","Mike  Scott",26,13,3,3,100,2,3,66.7,1,2,50,1,4,5,1,0,0,0,0,0,1,18,"H","L",84,43,15,16,22,9,13,21,7,16,23,6,14,1,14,92,84,43,15,16,22,9,13,21,7,16,23,6,14,1,14,92,1.62,5.6,232.1,0.11,17.9,Inf,100,0.33,13,94.5,0,2.7,7.1,"2023-2024"
"BOL","VIL","5_8","Regular Season","Charles Lombahe Kahudi",22,4,1,2,50,0,0,NA,2,2,100,0,4,4,1,0,2,0,0,1,4,9,"H","L",84,43,15,16,22,9,13,21,7,16,23,6,14,1,14,92,84,43,15,16,22,9,13,21,7,16,23,6,14,1,14,92,1,4.7,85.1,0.03,21.3,0.5,50,1,2.5,69.4,42.55,2.2,0,"2023-2024"
"BOL","VIL","5_8","Regular Season","Boris  Dallo",4,0,0,0,NA,0,1,0,0,0,NA,0,0,0,0,0,1,0,0,1,0,-3,"H","L",84,43,15,16,22,9,13,21,7,16,23,6,14,1,14,92,84,43,15,16,22,9,13,21,7,16,23,6,14,1,14,92,0,1.9,0,-0.02,0,0,0,0,-2.1,0,52.63,5.1,0,"2023-2024"
"BOL","VIL","5_8","Regular Season","Edwin  Jackson",4,2,1,2,50,0,0,NA,0,1,0,0,0,0,0,0,0,0,0,0,1,1,"H","L",84,43,15,16,22,9,13,21,7,16,23,6,14,1,14,92,84,43,15,16,22,9,13,21,7,16,23,6,14,1,14,92,0.67,2.3,87,0,0,NA,50,0.5,0.6,41,0,6.2,0,"2023-2024"
"BOL","VIL","5_8","Regular Season","Nando  de Colo",17,12,2,5,40,2,3,66.7,2,2,100,0,1,1,2,0,2,0,1,3,5,10,"H","L",84,43,15,16,22,9,13,21,7,16,23,6,14,1,14,92,84,43,15,16,22,9,13,21,7,16,23,6,14,1,14,92,1.2,10.4,115.4,0.04,19.2,1,62.5,0.25,6.5,67.6,19.23,6.5,0,"2023-2024"
"BOL","VIL","5_8","Regular Season","John  Egbunu",8,3,1,1,100,0,0,NA,1,2,50,0,0,0,0,0,0,0,0,0,1,3,"H","L",84,43,15,16,22,9,13,21,7,16,23,6,14,1,14,92,84,43,15,16,22,9,13,21,7,16,23,6,14,1,14,92,1,1.8,166.7,0.01,0,NA,100,2,2.3,79.8,0,2.4,0,"2023-2024"
"BOL","VIL","5_8","Regular Season","Noam  Yaacov",11,0,0,1,0,0,0,NA,0,0,NA,0,0,0,2,0,0,0,0,0,0,1,"H","L",84,43,15,16,22,9,13,21,7,16,23,6,14,1,14,92,84,43,15,16,22,9,13,21,7,16,23,6,14,1,14,92,0,1,0,0.01,200,Inf,0,0,0.7,0,0,0.9,0,"2023-2024"
"VIL","BOL","5_8","Regular Season","Isaia  Cordinier",30,20,5,6,83.3,2,2,100,4,4,100,0,1,1,2,3,1,0,0,3,4,25,"A","W",87,36,24,10,22,11,10,22,6,18,24,8,14,6,21,98,87,36,24,10,22,11,10,22,6,18,24,8,14,6,21,98,1.67,10.3,194.2,0.13,19.4,2,100,0.5,19.7,102.5,9.71,3.7,0,"2023-2024"
"VIL","BOL","5_8","Regular Season","Marco  Belinelli",24,16,4,6,66.7,2,6,33.3,2,2,100,0,2,2,2,1,1,0,0,3,1,12,"A","W",87,36,24,10,22,11,10,22,6,18,24,8,14,6,21,98,87,36,24,10,22,11,10,22,6,18,24,8,14,6,21,98,1.14,13.3,120.3,0.07,15,2,58.3,0.17,10.8,62.1,7.52,5.9,0,"2023-2024"
"VIL","BOL","5_8","Regular Season","Tornike  Shengelia",34,18,4,5,80,2,3,66.7,4,4,100,0,5,5,4,2,1,1,0,3,5,29,"A","W",87,36,24,10,22,11,10,22,6,18,24,8,14,6,21,98,87,36,24,10,22,11,10,22,6,18,24,8,14,6,21,98,1.5,10.3,174.8,0.15,38.8,4,87.5,0.5,19.6,92.2,9.71,3.2,0,"2023-2024"
"VIL","BOL","5_8","Regular Season","Daniel  Hackett",24,6,3,3,100,0,1,0,0,0,NA,1,2,3,6,2,4,0,0,0,1,13,"A","W",87,36,24,10,22,11,10,22,6,18,24,8,14,6,21,98,87,36,24,10,22,11,10,22,6,18,24,8,14,6,21,98,1.5,6.7,89.6,0.07,89.6,1.5,75,0,7.9,75,59.7,3.4,8.3,"2023-2024"
"VIL","BOL","5_8","Regular Season","Bryant  Dunston",17,2,1,4,25,0,0,NA,0,0,NA,2,2,4,1,0,2,1,1,3,1,0,"A","W",87,36,24,10,22,11,10,22,6,18,24,8,14,6,21,98,87,36,24,10,22,11,10,22,6,18,24,8,14,6,21,98,0.5,3.8,52.6,-0.01,26.3,0.5,25,0,-0.2,25,52.63,3.6,16.7,"2023-2024"
"VIL","BOL","5_8","Regular Season","Gabriel  Lundberg",11,0,0,2,0,0,3,0,0,0,NA,1,0,1,1,0,1,0,0,2,0,-6,"A","W",87,36,24,10,22,11,10,22,6,18,24,8,14,6,21,98,87,36,24,10,22,11,10,22,6,18,24,8,14,6,21,98,0,4.8,0,-0.04,20.8,1,0,0,-3.9,0,20.83,5.6,8.3,"2023-2024"
"VIL","BOL","5_8","Regular Season","Alessandro  Pajola",16,3,0,1,0,1,3,33.3,0,0,NA,2,1,3,4,0,2,0,0,1,0,4,"A","W",87,36,24,10,22,11,10,22,6,18,24,8,14,6,21,98,87,36,24,10,22,11,10,22,6,18,24,8,14,6,21,98,0.75,3.8,78.9,0.02,105.3,2,37.5,0,2.7,37.5,52.63,3.8,16.7,"2023-2024"
"VIL","BOL","5_8","Regular Season","Jaleen  Smith",3,2,1,1,100,0,0,NA,0,0,NA,0,0,0,0,0,0,0,0,0,0,2,"A","W",87,36,24,10,22,11,10,22,6,18,24,8,14,6,21,98,87,36,24,10,22,11,10,22,6,18,24,8,14,6,21,98,2,1,200,0.01,0,NA,100,0,1.7,100,0,3.4,0,"2023-2024"
"VIL","BOL","5_8","Regular Season","Ognjen  Dobric",12,5,1,1,100,1,2,50,0,0,NA,0,1,1,1,0,0,0,0,2,1,5,"A","W",87,36,24,10,22,11,10,22,6,18,24,8,14,6,21,98,87,36,24,10,22,11,10,22,6,18,24,8,14,6,21,98,1.67,2.9,172.4,0.03,34.5,Inf,83.3,0,3.9,83.3,0,2.6,0,"2023-2024"
"VIL","BOL","5_8","Regular Season","Devontae  Cacok",5,4,2,2,100,0,0,NA,0,0,NA,0,2,2,0,0,1,0,0,1,0,4,"A","W",87,36,24,10,22,11,10,22,6,18,24,8,14,6,21,98,87,36,24,10,22,11,10,22,6,18,24,8,14,6,21,98,2,2.9,137.9,0.03,0,0,100,0,2.6,100,34.48,6.1,0,"2023-2024"
"VIL","BOL","5_8","Regular Season","Jordan  Mickey",21,11,1,5,20,3,3,100,0,0,NA,0,2,2,1,0,1,4,0,3,1,11,"A","W",87,36,24,10,22,11,10,22,6,18,24,8,14,6,21,98,87,36,24,10,22,11,10,22,6,18,24,8,14,6,21,98,1.38,8.6,127.9,0.05,11.6,1,68.8,0,8.9,68.8,11.63,4.4,0,"2023-2024"
"VIL","BOL","5_8","Regular Season","Awudu  Abass",3,0,0,0,NA,0,1,0,0,0,NA,0,0,0,0,0,0,0,0,0,0,-1,"A","W",87,36,24,10,22,11,10,22,6,18,24,8,14,6,21,98,87,36,24,10,22,11,10,22,6,18,24,8,14,6,21,98,0,1,0,-0.01,0,NA,0,0,-0.7,0,0,3.4,0,"2023-2024"
"VAL","ZAL","5_9","Regular Season","Keenan  Evans",26,18,6,7,85.7,1,4,25,3,4,75,0,3,3,4,3,2,0,0,0,6,27,"H","L",72,31,28,13,20,7,11,15,3,18,21,7,13,1,17,69,72,31,28,13,20,7,11,15,3,18,21,7,13,1,17,69,1.2,14.2,126.8,0.21,28.2,2,68.2,0.36,17.4,70.5,14.08,5.8,0,"2023-2024"
"VAL","ZAL","5_9","Regular Season","Kevarrius  Hayes",19,10,4,4,100,0,0,NA,2,2,100,0,2,2,0,1,1,0,0,4,1,9,"H","L",72,31,28,13,20,7,11,15,3,18,21,7,13,1,17,69,72,31,28,13,20,7,11,15,3,18,21,7,13,1,17,69,1.67,5.6,178.6,0.08,0,0,100,0.5,7.8,102.5,17.86,3.2,0,"2023-2024"
"VAL","ZAL","5_9","Regular Season","Dovydas  Giedraitis",10,4,0,0,NA,1,1,100,1,2,50,0,1,1,2,0,1,0,0,2,1,4,"H","L",72,31,28,13,20,7,11,15,3,18,21,7,13,1,17,69,72,31,28,13,20,7,11,15,3,18,21,7,13,1,17,69,1.33,2.8,142.9,0.03,71.4,2,150,2,3.2,106.4,35.71,3,0,"2023-2024"
"VAL","ZAL","5_9","Regular Season","Rolands  Smits",26,11,4,4,100,1,5,20,0,0,NA,2,4,6,2,0,3,0,0,1,3,14,"H","L",72,31,28,13,20,7,11,15,3,18,21,7,13,1,17,69,72,31,28,13,20,7,11,15,3,18,21,7,13,1,17,69,1.22,9.6,114.6,0.1,20.8,0.7,61.1,0,7.3,61.1,31.25,4.8,33.3,"2023-2024"
"VAL","ZAL","5_9","Regular Season","Edgaras  Ulanovas",22,7,3,3,100,0,2,0,1,1,100,0,1,1,1,0,2,1,0,2,4,8,"H","L",72,31,28,13,20,7,11,15,3,18,21,7,13,1,17,69,72,31,28,13,20,7,11,15,3,18,21,7,13,1,17,69,1.17,7.1,98.6,0.04,14.1,0.5,60,0.2,3.6,64.3,28.17,3.5,0,"2023-2024"
"VAL","ZAL","5_9","Regular Season","Naz  Mitrou-Long",10,0,0,1,0,0,4,0,0,0,NA,1,1,2,2,1,0,0,1,0,0,-1,"H","L",72,31,28,13,20,7,11,15,3,18,21,7,13,1,17,69,72,31,28,13,20,7,11,15,3,18,21,7,13,1,17,69,0,3.8,0,0,52.6,Inf,0,0,-0.1,0,0,5.1,16.7,"2023-2024"
"VAL","ZAL","5_9","Regular Season","Lukas  Lekavicius",11,9,0,4,0,3,3,100,0,0,NA,0,0,0,1,0,0,0,1,0,0,5,"H","L",72,31,28,13,20,7,11,15,3,18,21,7,13,1,17,69,72,31,28,13,20,7,11,15,3,18,21,7,13,1,17,69,1.29,6.7,134.3,0.06,14.9,Inf,64.3,0,6,64.3,0,6.6,0,"2023-2024"
"VAL","ZAL","5_9","Regular Season","Laurynas  Birutis",11,2,0,1,0,0,0,NA,2,2,100,0,1,1,0,1,0,0,0,1,1,3,"H","L",72,31,28,13,20,7,11,15,3,18,21,7,13,1,17,69,72,31,28,13,20,7,11,15,3,18,21,7,13,1,17,69,0.67,1.8,111.1,0.02,0,NA,0,2,2.2,53.2,0,1.8,0,"2023-2024"
"VAL","ZAL","5_9","Regular Season","Dovydas  Butka",1,0,0,0,NA,0,1,0,0,0,NA,0,1,1,0,0,0,0,0,0,0,0,"H","L",72,31,28,13,20,7,11,15,3,18,21,7,13,1,17,69,72,31,28,13,20,7,11,15,3,18,21,7,13,1,17,69,0,1,0,0,0,NA,0,0,-0.4,0,0,10.3,0,"2023-2024"
"VAL","ZAL","5_9","Regular Season","Tomas  Dimsa",18,7,2,5,40,1,4,25,0,0,NA,0,0,0,2,1,0,0,0,2,0,2,"H","L",72,31,28,13,20,7,11,15,3,18,21,7,13,1,17,69,72,31,28,13,20,7,11,15,3,18,21,7,13,1,17,69,0.78,8.6,81.4,0.02,23.3,Inf,38.9,0,3.5,38.9,0,5.1,0,"2023-2024"
"VAL","ZAL","5_9","Regular Season","Brady   Manek",20,4,1,1,100,0,3,0,2,2,100,0,1,1,0,0,1,0,0,3,3,1,"H","L",72,31,28,13,20,7,11,15,3,18,21,7,13,1,17,69,72,31,28,13,20,7,11,15,3,18,21,7,13,1,17,69,0.67,5.6,71.4,-0.02,0,0,25,0.5,-0.3,41,17.86,3,0,"2023-2024"
"VAL","ZAL","5_9","Regular Season","Arnas  Butkevicius",24,0,0,1,0,0,1,0,0,0,NA,0,3,3,1,0,3,0,0,2,0,-3,"H","L",72,31,28,13,20,7,11,15,3,18,21,7,13,1,17,69,72,31,28,13,20,7,11,15,3,18,21,7,13,1,17,69,0,4.8,0,-0.03,20.8,0.3,0,0,-3.6,0,62.5,2.1,0,"2023-2024"
"ZAL","VAL","5_9","Regular Season","Victor  Claver",18,2,1,1,100,0,2,0,0,0,NA,0,3,3,1,0,2,0,0,2,0,0,"A","W",87,41,19,16,24,8,15,15,2,26,28,5,11,2,19,93,87,41,19,16,24,8,15,15,2,26,28,5,11,2,19,93,0.67,4.8,41.7,0,20.8,0.5,33.3,0,-0.9,33.3,41.67,2.8,0,"2023-2024"
"ZAL","VAL","5_9","Regular Season","Chris  Jones",23,16,4,7,57.1,2,2,100,2,3,66.7,0,2,2,4,2,2,0,1,1,2,18,"A","W",87,41,19,16,24,8,15,15,2,26,28,5,11,2,19,93,87,41,19,16,24,8,15,15,2,26,28,5,11,2,19,93,1.33,11.8,135.6,0.11,33.9,2,77.8,0.33,14.7,77.5,16.95,5.5,0,"2023-2024"
"ZAL","VAL","5_9","Regular Season","Damien  Inglis",16,4,2,4,50,0,1,0,0,0,NA,0,1,1,3,0,0,0,0,3,1,3,"A","W",87,41,19,16,24,8,15,15,2,26,28,5,11,2,19,93,87,41,19,16,24,8,15,15,2,26,28,5,11,2,19,93,0.8,4.8,83.3,0.01,62.5,Inf,40,0,2.5,40,0,3.2,0,"2023-2024"
"ZAL","VAL","5_9","Regular Season","Kassius  Robertson",23,5,1,3,33.3,1,4,25,0,0,NA,0,3,3,0,0,0,0,0,0,1,4,"A","W",87,41,19,16,24,8,15,15,2,26,28,5,11,2,19,93,87,41,19,16,24,8,15,15,2,26,28,5,11,2,19,93,0.71,6.7,74.6,0.02,0,NA,35.7,0,1.8,35.7,0,3.1,0,"2023-2024"
"ZAL","VAL","5_9","Regular Season","Brandon  Davies",23,11,3,5,60,0,1,0,5,5,100,0,3,3,0,1,1,0,0,2,6,15,"A","W",87,41,19,16,24,8,15,15,2,26,28,5,11,2,19,93,87,41,19,16,24,8,15,15,2,26,28,5,11,2,19,93,1,8.8,125,0.06,0,0,50,0.83,8.1,67.1,11.36,4.1,0,"2023-2024"
"ZAL","VAL","5_9","Regular Season","Jared  Harper",14,13,2,4,50,2,3,66.7,3,3,100,0,1,1,1,0,0,0,0,1,1,12,"A","W",87,41,19,16,24,8,15,15,2,26,28,5,11,2,19,93,87,41,19,16,24,8,15,15,2,26,28,5,11,2,19,93,1.3,8,162.5,0.07,12.5,Inf,71.4,0.43,10.3,78.1,0,6.1,0,"2023-2024"
"ZAL","VAL","5_9","Regular Season","Josep  Puerto",6,2,1,2,50,0,1,0,0,0,NA,0,0,0,0,0,0,0,0,0,1,1,"A","W",87,41,19,16,24,8,15,15,2,26,28,5,11,2,19,93,87,41,19,16,24,8,15,15,2,26,28,5,11,2,19,93,0.67,2.9,69,0,0,NA,33.3,0,0.3,33.3,0,5.1,0,"2023-2024"
"ZAL","VAL","5_9","Regular Season","Nate  Reuvers",16,11,4,5,80,1,1,100,0,0,NA,1,2,3,0,1,1,2,0,3,0,12,"A","W",87,41,19,16,24,8,15,15,2,26,28,5,11,2,19,93,87,41,19,16,24,8,15,15,2,26,28,5,11,2,19,93,1.83,5.8,189.7,0.07,0,0,91.7,0,10.3,91.7,17.24,4.5,25,"2023-2024"
"ZAL","VAL","5_9","Regular Season","Jaime  Pradilla",8,2,0,1,0,0,1,0,2,2,100,0,0,0,0,0,0,0,0,1,1,0,"A","W",87,41,19,16,24,8,15,15,2,26,28,5,11,2,19,93,87,41,19,16,24,8,15,15,2,26,28,5,11,2,19,93,0.5,2.8,71.4,-0.01,0,NA,0,1,0.2,34.7,0,3.7,0,"2023-2024"
"ZAL","VAL","5_9","Regular Season","Stefan  Jovic",19,3,0,0,NA,1,1,100,0,0,NA,0,2,2,6,0,2,0,0,3,1,7,"A","W",87,41,19,16,24,8,15,15,2,26,28,5,11,2,19,93,87,41,19,16,24,8,15,15,2,26,28,5,11,2,19,93,3,2.9,103.4,0.04,206.9,3,150,0,4.3,150,68.97,1.6,0,"2023-2024"
"ZAL","VAL","5_9","Regular Season","Boubacar  Toure",17,9,4,4,100,0,0,NA,1,1,100,1,6,7,0,1,1,0,0,0,1,17,"A","W",87,41,19,16,24,8,15,15,2,26,28,5,11,2,19,93,87,41,19,16,24,8,15,15,2,26,28,5,11,2,19,93,1.8,4.3,209.3,0.1,0,0,100,0.25,10.3,101.4,23.26,3.3,25,"2023-2024"
"ZAL","VAL","5_9","Regular Season","Semi  Ojeleye",17,9,2,5,40,1,2,50,2,2,100,0,3,3,0,0,2,0,0,3,1,4,"A","W",87,41,19,16,24,8,15,15,2,26,28,5,11,2,19,93,87,41,19,16,24,8,15,15,2,26,28,5,11,2,19,93,1,9.5,94.7,0.02,0,0,50,0.29,3,57.1,21.05,6,0,"2023-2024"
"ASM","MIL","6_2","Regular Season","Maodo  Lo",21,2,1,2,50,0,2,0,0,0,NA,1,3,4,4,0,1,0,0,3,2,5,"H","L",66,26,27,17,12,10,12,18,7,22,29,7,12,0,21,70,66,26,27,17,12,10,12,18,7,22,29,7,12,0,21,70,0.5,3.8,52.6,0.03,105.3,4,25,0,1.8,25,26.32,2.6,7.1,"2023-2024"
"ASM","MIL","6_2","Regular Season","Stefano  Tonut",30,9,0,1,0,3,5,60,0,0,NA,0,3,3,3,2,0,0,0,3,1,12,"H","L",66,26,27,17,12,10,12,18,7,22,29,7,12,0,21,70,66,26,27,17,12,10,12,18,7,22,29,7,12,0,21,70,1.5,5.8,155.2,0.12,51.7,Inf,75,0,9.8,75,0,2.2,0,"2023-2024"
"ASM","MIL","6_2","Regular Season","Nicolo  Melli",16,6,3,6,50,0,0,NA,0,0,NA,0,2,2,1,2,0,0,0,4,3,7,"H","L",66,26,27,17,12,10,12,18,7,22,29,7,12,0,21,70,66,26,27,17,12,10,12,18,7,22,29,7,12,0,21,70,1,5.8,103.4,0.04,17.2,Inf,50,0,4.7,50,0,4.1,0,"2023-2024"
"ASM","MIL","6_2","Regular Season","Shavon  Shields",30,17,4,6,66.7,3,8,37.5,0,0,NA,0,4,4,4,1,6,0,1,2,1,11,"H","L",66,26,27,17,12,10,12,18,7,22,29,7,12,0,21,70,66,26,27,17,12,10,12,18,7,22,29,7,12,0,21,70,1.21,19.2,88.5,0.12,20.8,0.7,60.7,0,8.2,60.7,31.25,7.4,0,"2023-2024"
"ASM","MIL","6_2","Regular Season","Nikola  Mirotic",27,9,1,3,33.3,1,4,25,4,5,80,4,5,9,2,0,0,0,1,2,6,17,"H","L",66,26,27,17,12,10,12,18,7,22,29,7,12,0,21,70,66,26,27,17,12,10,12,18,7,22,29,7,12,0,21,70,0.75,5,180,0.11,40,Inf,35.7,0.71,9.4,48.9,0,3.8,28.6,"2023-2024"
"ASM","MIL","6_2","Regular Season","Alex  Poythress",21,6,1,2,50,0,0,NA,4,4,100,1,0,1,0,0,2,0,0,3,3,4,"H","L",66,26,27,17,12,10,12,18,7,22,29,7,12,0,21,70,66,26,27,17,12,10,12,18,7,22,29,7,12,0,21,70,1,4.6,130.4,0.01,0,0,50,2,2.5,79.8,43.48,3,7.1,"2023-2024"
"ASM","MIL","6_2","Regular Season","Giampaolo  Ricci",3,0,0,0,NA,0,1,0,0,0,NA,0,1,1,0,0,0,0,0,1,0,-1,"H","L",66,26,27,17,12,10,12,18,7,22,29,7,12,0,21,70,66,26,27,17,12,10,12,18,7,22,29,7,12,0,21,70,0,1,0,-0.01,0,NA,0,0,-0.8,0,0,3.7,0,"2023-2024"
"ASM","MIL","6_2","Regular Season","Diego  Flaccadori",11,0,0,1,0,0,1,0,0,0,NA,0,0,0,0,0,0,0,0,1,0,-3,"H","L",66,26,27,17,12,10,12,18,7,22,29,7,12,0,21,70,66,26,27,17,12,10,12,18,7,22,29,7,12,0,21,70,0,1.9,0,-0.03,0,NA,0,0,-1.8,0,0,2,0,"2023-2024"
"ASM","MIL","6_2","Regular Season","Devon  Hall",22,15,2,5,40,3,4,75,2,2,100,1,1,2,1,0,1,0,0,2,2,13,"H","L",66,26,27,17,12,10,12,18,7,22,29,7,12,0,21,70,66,26,27,17,12,10,12,18,7,22,29,7,12,0,21,70,1.36,9.5,157.9,0.11,10.5,1,72.2,0.22,10.6,75.9,10.53,5.5,7.1,"2023-2024"
"ASM","MIL","6_2","Regular Season","Kyle  Hines",5,2,0,0,NA,0,0,NA,2,4,50,0,0,0,0,1,1,0,0,0,2,2,"H","L",66,26,27,17,12,10,12,18,7,22,29,7,12,0,21,70,66,26,27,17,12,10,12,18,7,22,29,7,12,0,21,70,0.5,2.6,76.9,0,0,0,NA,Inf,1.2,56.8,38.46,6.1,0,"2023-2024"
"ASM","MIL","6_2","Regular Season","Johannes  Voigtmann",12,0,0,0,NA,0,2,0,0,2,0,0,3,3,3,1,1,0,0,0,1,3,"H","L",66,26,27,17,12,10,12,18,7,22,29,7,12,0,21,70,66,26,27,17,12,10,12,18,7,22,29,7,12,0,21,70,0,3.7,0,0.02,81.1,3,0,1,0.8,0,27.03,3.6,0,"2023-2024"
"MIL","ASM","6_2","Regular Season","John  Brown III",20,8,4,5,80,0,0,NA,0,0,NA,0,3,3,0,0,0,0,0,3,1,8,"A","W",72,40,17,15,20,7,11,11,5,24,29,7,12,2,22,74,72,40,17,15,20,7,11,11,5,24,29,7,12,2,22,74,1.6,4.8,166.7,0.07,0,NA,80,0,5.8,80,0,2.6,0,"2023-2024"
"MIL","ASM","6_2","Regular Season","Elie  Okobo",27,3,1,7,14.3,0,2,0,1,2,50,0,3,3,3,1,5,0,0,3,2,-5,"A","W",72,40,17,15,20,7,11,11,5,24,29,7,12,2,22,74,72,40,17,15,20,7,11,11,5,24,29,7,12,2,22,74,0.27,14.3,21,-0.07,21,0.6,11.1,0.22,-5.5,15.2,34.97,5.8,0,"2023-2024"
"MIL","ASM","6_2","Regular Season","Jaron  Blossomgame",21,8,1,2,50,2,2,100,0,0,NA,0,0,0,0,1,0,0,0,3,1,6,"A","W",72,40,17,15,20,7,11,11,5,24,29,7,12,2,22,74,72,40,17,15,20,7,11,11,5,24,29,7,12,2,22,74,2,3.8,210.5,0.05,0,NA,100,0,6.2,100,0,2,0,"2023-2024"
"MIL","ASM","6_2","Regular Season","Donatas  Motiejunas",17,6,2,6,33.3,0,0,NA,2,2,100,1,3,4,1,1,1,0,0,0,4,11,"A","W",72,40,17,15,20,7,11,11,5,24,29,7,12,2,22,74,72,40,17,15,20,7,11,11,5,24,29,7,12,2,22,74,0.75,6.6,90.9,0.07,15.2,1,33.3,0.33,4.9,43.6,15.15,4.9,10,"2023-2024"
"MIL","ASM","6_2","Regular Season","Mike  James",33,21,5,8,62.5,3,6,50,2,3,66.7,0,5,5,3,2,2,0,0,3,3,22,"A","W",72,40,17,15,20,7,11,11,5,24,29,7,12,2,22,74,72,40,17,15,20,7,11,11,5,24,29,7,12,2,22,74,1.24,16.6,126.5,0.19,18.1,1.5,67.9,0.21,16.4,68.5,12.05,5.6,0,"2023-2024"
"MIL","ASM","6_2","Regular Season","Jordan  Loyd",19,4,1,4,25,0,2,0,2,2,100,0,3,3,1,0,0,0,0,1,6,8,"A","W",72,40,17,15,20,7,11,11,5,24,29,7,12,2,22,74,72,40,17,15,20,7,11,11,5,24,29,7,12,2,22,74,0.5,6.6,60.6,0.02,15.2,Inf,16.7,0.33,1.4,29.1,0,3.8,0,"2023-2024"
"MIL","ASM","6_2","Regular Season","Alpha  Diallo",30,13,4,5,80,1,4,25,2,4,50,1,3,4,1,2,1,1,0,1,2,15,"A","W",72,40,17,15,20,7,11,11,5,24,29,7,12,2,22,74,72,40,17,15,20,7,11,11,5,24,29,7,12,2,22,74,1,10.3,126.2,0.12,9.7,1,61.1,0.44,11.5,60.4,9.71,4.1,10,"2023-2024"
"MIL","ASM","6_2","Regular Season","Petr  Cornelie",4,3,0,0,NA,1,1,100,0,0,NA,0,1,1,0,0,0,0,0,2,0,2,"A","W",72,40,17,15,20,7,11,11,5,24,29,7,12,2,22,74,72,40,17,15,20,7,11,11,5,24,29,7,12,2,22,74,3,1,300,0.02,0,NA,150,0,2.2,150,0,2.6,0,"2023-2024"
"MIL","ASM","6_2","Regular Season","Mouhammadou  Jaiteh",6,2,1,2,50,0,0,NA,0,0,NA,2,1,3,1,0,1,0,0,2,0,2,"A","W",72,40,17,15,20,7,11,11,5,24,29,7,12,2,22,74,72,40,17,15,20,7,11,11,5,24,29,7,12,2,22,74,1,1,200,0.01,100,1,50,0,1.6,50,100,5.3,20,"2023-2024"
"MIL","ASM","6_2","Regular Season","Matthew  Strazel",5,0,0,0,NA,0,0,NA,0,0,NA,0,0,0,0,0,1,0,0,0,0,-1,"A","W",72,40,17,15,20,7,11,11,5,24,29,7,12,2,22,74,72,40,17,15,20,7,11,11,5,24,29,7,12,2,22,74,NA,1,0,-0.01,0,0,NA,NA,-1,NA,100,2.1,0,"2023-2024"
"MIL","ASM","6_2","Regular Season","Donta  Hall",15,4,1,1,100,0,0,NA,2,2,100,1,2,3,1,0,1,1,0,4,2,6,"A","W",72,40,17,15,20,7,11,11,5,24,29,7,12,2,22,74,72,40,17,15,20,7,11,11,5,24,29,7,12,2,22,74,1.33,1.8,222.2,0.03,55.6,1,100,2,3.8,106.4,55.56,2,10,"2023-2024"
"BAY","CRV","6_3","Regular Season","Adam  Hanga",16,3,0,3,0,1,5,20,0,0,NA,0,0,0,0,1,2,0,0,0,0,-5,"H","W",74,35,29,21,19,7,15,17,12,23,35,11,10,2,17,87,74,35,29,21,19,7,15,17,12,23,35,11,10,2,17,87,0.38,9.6,31.2,-0.04,0,0,18.8,0,-3.2,18.8,20.83,6,0,"2023-2024"
"BAY","CRV","6_3","Regular Season","Luka  Mitrovic",24,11,4,6,66.7,0,0,NA,3,4,75,4,2,6,0,0,1,1,0,1,2,15,"H","W",74,35,29,21,19,7,15,17,12,23,35,11,10,2,17,87,74,35,29,21,19,7,15,17,12,23,35,11,10,2,17,87,1.1,4.6,239.1,0.09,0,0,66.7,0.67,10.7,70.9,21.74,3.5,16.7,"2023-2024"
"BAY","CRV","6_3","Regular Season","Shabazz  Napier",21,11,4,7,57.1,1,4,25,0,2,0,0,0,0,1,2,1,0,0,2,4,7,"H","W",74,35,29,21,19,7,15,17,12,23,35,11,10,2,17,87,74,35,29,21,19,7,15,17,12,23,35,11,10,2,17,87,0.85,12.4,88.7,0.02,8.1,1,50,0.18,5.4,46.3,8.06,5.9,0,"2023-2024"
"BAY","CRV","6_3","Regular Season","Joel  Bolomboy",26,8,2,3,66.7,0,0,NA,4,6,66.7,3,4,7,1,0,2,0,0,2,3,12,"H","W",74,35,29,21,19,7,15,17,12,23,35,11,10,2,17,87,74,35,29,21,19,7,15,17,12,23,35,11,10,2,17,87,0.89,4.5,177.8,0.06,22.2,0.5,66.7,2,7.1,70.9,44.44,2.8,12.5,"2023-2024"
"BAY","CRV","6_3","Regular Season","Rokas  Giedraitis",28,5,2,5,40,0,3,0,1,1,100,2,4,6,0,2,0,0,1,4,2,4,"H","W",74,35,29,21,19,7,15,17,12,23,35,11,10,2,17,87,74,35,29,21,19,7,15,17,12,23,35,11,10,2,17,87,0.56,6.2,80.6,0.02,0,NA,25,0.12,3.2,29.6,0,2.9,8.3,"2023-2024"
"BAY","CRV","6_3","Regular Season","Stefan  Lazarevic",0,0,0,0,NA,0,0,NA,0,0,NA,0,0,0,0,0,0,0,0,0,0,0,"H","W",74,35,29,21,19,7,15,17,12,23,35,11,10,2,17,87,74,35,29,21,19,7,15,17,12,23,35,11,10,2,17,87,NA,0,NA,0,NA,NA,NA,NA,0,NA,NA,NA,0,"2023-2024"
"BAY","CRV","6_3","Regular Season","Milos  Teodosic",27,16,3,5,60,2,6,33.3,4,5,80,0,1,1,11,2,2,0,0,3,4,22,"H","W",74,35,29,21,19,7,15,17,12,23,35,11,10,2,17,87,74,35,29,21,19,7,15,17,12,23,35,11,10,2,17,87,1,14.6,109.6,0.15,75.3,5.5,54.5,0.45,16.7,60.6,13.7,5.4,0,"2023-2024"
"BAY","CRV","6_3","Regular Season","Dejan  Davidovac",20,5,1,1,100,1,2,50,0,0,NA,2,5,7,1,3,1,0,0,2,1,13,"H","W",74,35,29,21,19,7,15,17,12,23,35,11,10,2,17,87,74,35,29,21,19,7,15,17,12,23,35,11,10,2,17,87,1.67,1.9,263.2,0.09,52.6,1,83.3,0,8.5,83.3,52.63,1.9,8.3,"2023-2024"
"BAY","CRV","6_3","Regular Season","Marko  Simonovic",6,0,0,0,NA,0,0,NA,0,0,NA,0,2,2,0,0,0,0,0,0,0,2,"H","W",74,35,29,21,19,7,15,17,12,23,35,11,10,2,17,87,74,35,29,21,19,7,15,17,12,23,35,11,10,2,17,87,NA,0,NA,0.02,NA,NA,NA,NA,0.6,NA,NA,0,0,"2023-2024"
"BAY","CRV","6_3","Regular Season","Mike  Tobey",13,7,3,5,60,0,3,0,1,1,100,1,2,3,1,0,0,1,0,1,2,8,"H","W",74,35,29,21,19,7,15,17,12,23,35,11,10,2,17,87,74,35,29,21,19,7,15,17,12,23,35,11,10,2,17,87,0.78,7.1,98.6,0.04,14.1,Inf,37.5,0.12,4.9,41.5,0,6.2,4.2,"2023-2024"
"BAY","CRV","6_3","Regular Season","Yago Mateus dos Santos",18,8,0,0,NA,2,6,33.3,2,2,100,0,3,3,2,1,1,0,0,2,2,9,"H","W",74,35,29,21,19,7,15,17,12,23,35,11,10,2,17,87,74,35,29,21,19,7,15,17,12,23,35,11,10,2,17,87,1,7.6,105.3,0.06,26.3,2,50,0.33,6.1,58.1,13.16,4.2,0,"2023-2024"
"CRV","BAY","6_3","Regular Season","Carsen  Edwards",26,16,3,7,42.9,3,9,33.3,1,1,100,0,3,3,3,1,3,0,0,1,3,12,"A","L",68,30,33,9,14,11,7,20,12,23,35,8,16,1,20,71,68,30,33,9,14,11,7,20,12,23,35,8,16,1,20,71,0.94,18.7,85.6,0.09,16,1,46.9,0.06,7.8,48.7,16.04,7.2,0,"2023-2024"
"CRV","BAY","6_3","Regular Season","Isaac  Bonga",27,12,1,5,20,3,4,75,1,2,50,1,5,6,3,2,2,0,1,1,2,15,"A","L",68,30,33,9,14,11,7,20,12,23,35,8,16,1,20,71,68,30,33,9,14,11,7,20,12,23,35,8,16,1,20,71,1.09,10.4,115.4,0.14,28.8,1.5,61.1,0.22,10.8,60.7,19.23,4.2,4.2,"2023-2024"
"CRV","BAY","6_3","Regular Season","Leandro  Bolmaro",15,12,2,3,66.7,2,3,66.7,2,2,100,3,3,6,4,1,0,0,0,4,2,19,"A","L",68,30,33,9,14,11,7,20,12,23,35,8,16,1,20,71,68,30,33,9,14,11,7,20,12,23,35,8,16,1,20,71,1.5,3.7,324.3,0.16,108.1,Inf,83.3,0.33,14.6,87.2,0,4.4,12.5,"2023-2024"
"CRV","BAY","6_3","Regular Season","Serge  Ibaka",32,10,5,8,62.5,0,2,0,0,0,NA,2,3,5,4,2,1,0,1,4,3,13,"A","L",68,30,33,9,14,11,7,20,12,23,35,8,16,1,20,71,68,30,33,9,14,11,7,20,12,23,35,8,16,1,20,71,1,8.6,116.3,0.1,46.5,4,50,0,9.5,50,11.63,3.3,8.3,"2023-2024"
"CRV","BAY","6_3","Regular Season","Devin   Booker",30,5,2,4,50,0,1,0,1,2,50,5,4,9,2,1,2,1,0,2,3,13,"A","L",68,30,33,9,14,11,7,20,12,23,35,8,16,1,20,71,68,30,33,9,14,11,7,20,12,23,35,8,16,1,20,71,0.71,2.8,178.6,0.07,71.4,1,40,0.4,6.9,42.5,71.43,2.5,20.8,"2023-2024"
"CRV","BAY","6_3","Regular Season","Nick  Weiler-Babb",16,5,0,0,NA,1,2,50,2,2,100,0,2,2,1,0,1,0,0,1,2,7,"A","L",68,30,33,9,14,11,7,20,12,23,35,8,16,1,20,71,68,30,33,9,14,11,7,20,12,23,35,8,16,1,20,71,1.25,3.7,135.1,0.05,27,1,75,1,3.9,86.8,27.03,2.3,0,"2023-2024"
"CRV","BAY","6_3","Regular Season","Sylvain  Francisco",24,5,1,3,33.3,1,5,20,0,0,NA,0,2,2,0,0,3,0,0,3,2,-3,"A","L",68,30,33,9,14,11,7,20,12,23,35,8,16,1,20,71,68,30,33,9,14,11,7,20,12,23,35,8,16,1,20,71,0.62,10.6,47.2,-0.05,0,0,31.2,0,-3.4,31.2,28.3,4.4,0,"2023-2024"
"CRV","BAY","6_3","Regular Season","Niels  Giffey",3,0,0,0,NA,0,2,0,0,0,NA,0,0,0,0,0,1,0,0,0,0,-3,"A","L",68,30,33,9,14,11,7,20,12,23,35,8,16,1,20,71,68,30,33,9,14,11,7,20,12,23,35,8,16,1,20,71,0,2.9,0,-0.03,0,0,0,0,-2.4,0,34.48,9.6,0,"2023-2024"
"CRV","BAY","6_3","Regular Season","Andreas  Obst",13,3,0,0,NA,1,5,20,0,0,NA,1,0,1,1,0,1,0,0,0,0,0,"A","L",68,30,33,9,14,11,7,20,12,23,35,8,16,1,20,71,68,30,33,9,14,11,7,20,12,23,35,8,16,1,20,71,0.6,4.8,62.5,-0.01,20.8,1,30,0,0.3,30,20.83,4.5,4.2,"2023-2024"
"CRV","BAY","6_3","Regular Season","Elias  Harris",5,0,0,0,NA,0,0,NA,0,0,NA,0,0,0,1,0,0,0,0,0,0,1,"A","L",68,30,33,9,14,11,7,20,12,23,35,8,16,1,20,71,68,30,33,9,14,11,7,20,12,23,35,8,16,1,20,71,NA,0,NA,0.01,Inf,Inf,NA,NA,0.7,NA,NA,0,0,"2023-2024"
"CRV","BAY","6_3","Regular Season","Freddie  Gillespie",7,0,0,0,NA,0,0,NA,0,0,NA,0,1,1,1,1,2,0,0,4,0,-3,"A","L",68,30,33,9,14,11,7,20,12,23,35,8,16,1,20,71,68,30,33,9,14,11,7,20,12,23,35,8,16,1,20,71,NA,1.9,0,-0.03,52.6,0.5,NA,NA,-1.6,NA,105.26,2.8,0,"2023-2024"
"FEN","OLY","6_4","Regular Season","Thomas  Walkup",23,0,0,1,0,0,4,0,0,0,NA,0,1,1,5,0,3,0,1,2,1,-4,"A","L",77,35,19,20,21,7,14,22,5,18,23,2,10,2,19,84,77,35,19,20,21,7,14,22,5,18,23,2,10,2,19,84,0,7.7,0,-0.03,64.9,1.7,0,0,-3.5,0,38.96,3.8,0,"2023-2024"
"FEN","OLY","6_4","Regular Season","Isaiah  Canaan",30,15,1,2,50,3,6,50,4,6,66.7,0,2,2,3,0,0,0,0,2,4,16,"A","L",77,35,19,20,21,7,14,22,5,18,23,2,10,2,19,84,77,35,19,20,21,7,14,22,5,18,23,2,10,2,19,84,1.07,10.2,147.1,0.1,29.4,Inf,68.8,0.75,12.1,70.5,0,3.9,0,"2023-2024"
"FEN","OLY","6_4","Regular Season","Moustapha  Fall",20,7,3,3,100,0,0,NA,1,2,50,1,2,3,4,0,1,0,0,2,2,12,"A","L",77,35,19,20,21,7,14,22,5,18,23,2,10,2,19,84,77,35,19,20,21,7,14,22,5,18,23,2,10,2,19,84,1.4,3.7,189.2,0.08,108.1,4,100,0.67,8,90.2,27.03,2.7,10,"2023-2024"
"FEN","OLY","6_4","Regular Season","Kostas  Papanikolaou",35,7,2,2,100,1,3,33.3,0,1,0,0,3,3,5,1,1,0,0,1,2,13,"A","L",77,35,19,20,21,7,14,22,5,18,23,2,10,2,19,84,77,35,19,20,21,7,14,22,5,18,23,2,10,2,19,84,1.17,6.2,112.9,0.09,80.6,5,70,0.2,8.3,64.3,16.13,2,0,"2023-2024"
"FEN","OLY","6_4","Regular Season","Alec  Peters",32,19,7,8,87.5,1,3,33.3,2,2,100,1,5,6,2,1,1,1,1,4,3,23,"A","L",77,35,19,20,21,7,14,22,5,18,23,2,10,2,19,84,77,35,19,20,21,7,14,22,5,18,23,2,10,2,19,84,1.46,11.4,166.7,0.16,17.5,2,77.3,0.18,17.2,80,8.77,4.4,10,"2023-2024"
"FEN","OLY","6_4","Regular Season","Nigel  Williams-Goss",24,13,2,8,25,2,2,100,3,3,100,0,2,2,1,0,3,0,1,4,3,5,"A","L",77,35,19,20,21,7,14,22,5,18,23,2,10,2,19,84,77,35,19,20,21,7,14,22,5,18,23,2,10,2,19,84,1,13.7,94.9,0.02,7.3,0.3,50,0.3,4.3,57.4,21.9,6.6,0,"2023-2024"
"FEN","OLY","6_4","Regular Season","Giannoulis  Larentzakis",4,0,0,1,0,0,1,0,0,0,NA,0,1,1,0,0,0,0,0,1,0,-2,"A","L",77,35,19,20,21,7,14,22,5,18,23,2,10,2,19,84,77,35,19,20,21,7,14,22,5,18,23,2,10,2,19,84,0,1.9,0,-0.02,0,NA,0,0,-1.5,0,0,5.5,0,"2023-2024"
"FEN","OLY","6_4","Regular Season","Ignas  Brazdeikis",12,4,1,4,25,0,0,NA,2,2,100,0,0,0,1,0,0,0,0,2,2,2,"A","L",77,35,19,20,21,7,14,22,5,18,23,2,10,2,19,84,77,35,19,20,21,7,14,22,5,18,23,2,10,2,19,84,0.67,4.7,85.1,0,21.3,Inf,25,0.5,1.5,41,0,4.5,0,"2023-2024"
"FEN","OLY","6_4","Regular Season","Nikola  Milutinov",19,12,5,6,83.3,0,0,NA,2,4,50,3,2,5,1,0,1,1,0,1,5,19,"A","L",77,35,19,20,21,7,14,22,5,18,23,2,10,2,19,84,77,35,19,20,21,7,14,22,5,18,23,2,10,2,19,84,1.2,5.5,218.2,0.1,18.2,1,83.3,0.67,11.7,77.3,18.18,5.1,30,"2023-2024"
"OLY","FEN","6_4","Regular Season","Georgios  Papagiannis",24,15,3,3,100,3,5,60,0,0,NA,1,1,2,1,2,0,1,0,1,1,19,"H","W",79,33,24,14,23,7,12,22,6,19,25,6,7,3,22,94,79,33,24,14,23,7,12,22,6,19,25,6,7,3,22,94,1.88,6.7,223.9,0.12,14.9,Inf,93.8,0,15.8,93.8,0,3.8,8.3,"2023-2024"
"OLY","FEN","6_4","Regular Season","Nigel  Hayes-Davis",40,9,4,6,66.7,0,2,0,1,1,100,2,5,7,4,1,0,0,1,1,3,18,"H","W",79,33,24,14,23,7,12,22,6,19,25,6,7,3,22,94,79,33,24,14,23,7,12,22,6,19,25,6,7,3,22,94,1,6.2,145.2,0.1,64.5,Inf,50,0.12,11.3,53.3,0,2.4,16.7,"2023-2024"
"OLY","FEN","6_4","Regular Season","Dyshawn  Pierre",8,14,2,2,100,3,3,100,1,1,100,1,0,1,0,1,0,0,0,0,2,18,"H","W",79,33,24,14,23,7,12,22,6,19,25,6,7,3,22,94,79,33,24,14,23,7,12,22,6,19,25,6,7,3,22,94,2.33,4.3,325.6,0.11,0,NA,130,0.2,14.2,128.7,0,7.8,8.3,"2023-2024"
"OLY","FEN","6_4","Regular Season","Marko  Guduric",20,4,2,5,40,0,1,0,0,0,NA,0,1,1,4,0,1,0,0,2,1,3,"H","W",79,33,24,14,23,7,12,22,6,19,25,6,7,3,22,94,79,33,24,14,23,7,12,22,6,19,25,6,7,3,22,94,0.67,6.7,59.7,0.01,59.7,4,33.3,0,1.9,33.3,14.93,4,0,"2023-2024"
"OLY","FEN","6_4","Regular Season","Nick  Calathes",20,6,3,4,75,0,1,0,0,0,NA,0,4,4,5,1,1,0,0,2,0,11,"H","W",79,33,24,14,23,7,12,22,6,19,25,6,7,3,22,94,79,33,24,14,23,7,12,22,6,19,25,6,7,3,22,94,1.2,5.8,103.4,0.08,86.2,5,60,0,7.6,60,17.24,3.4,0,"2023-2024"
"OLY","FEN","6_4","Regular Season","Johnathan  Motley",16,10,5,6,83.3,0,0,NA,0,0,NA,2,1,3,0,0,1,0,0,5,2,8,"H","W",79,33,24,14,23,7,12,22,6,19,25,6,7,3,22,94,79,33,24,14,23,7,12,22,6,19,25,6,7,3,22,94,1.67,4.8,208.3,0.03,0,0,83.3,0,6.5,83.3,20.83,5,16.7,"2023-2024"
"OLY","FEN","6_4","Regular Season","Scottie  Wilbekin",25,7,0,1,0,1,6,16.7,4,5,80,0,1,1,4,1,1,1,1,2,3,6,"H","W",79,33,24,14,23,7,12,22,6,19,25,6,7,3,22,94,79,33,24,14,23,7,12,22,6,19,25,6,7,3,22,94,0.58,9.8,71.4,0.02,40.8,4,21.4,0.71,5.1,38,10.2,4.7,0,"2023-2024"
"OLY","FEN","6_4","Regular Season","Tyler  Dorsey",22,8,2,3,66.7,0,2,0,4,5,80,0,1,1,2,0,2,0,0,3,4,6,"H","W",79,33,24,14,23,7,12,22,6,19,25,6,7,3,22,94,79,33,24,14,23,7,12,22,6,19,25,6,7,3,22,94,0.8,8.8,90.9,0.01,22.7,1,40,1,3.4,55.6,22.73,4.8,0,"2023-2024"
"OLY","FEN","6_4","Regular Season","Yam  Madar",13,6,2,3,66.7,0,2,0,2,2,100,0,2,2,1,0,1,1,0,3,3,6,"H","W",79,33,24,14,23,7,12,22,6,19,25,6,7,3,22,94,79,33,24,14,23,7,12,22,6,19,25,6,7,3,22,94,0.86,6.6,90.9,0.02,15.2,1,40,0.4,3.1,51,15.15,6,0,"2023-2024"
"OLY","FEN","6_4","Regular Season","Nathan  Sestina",11,0,0,0,NA,0,2,0,0,0,NA,0,3,3,1,0,0,0,0,3,0,-1,"H","W",79,33,24,14,23,7,12,22,6,19,25,6,7,3,22,94,79,33,24,14,23,7,12,22,6,19,25,6,7,3,22,94,0,1.9,0,-0.01,52.6,Inf,0,0,-1,0,0,2.1,0,"2023-2024"
"VIL","ZAL","6_5","Regular Season","Keenan  Evans",29,19,3,5,60,4,11,36.4,1,1,100,1,5,6,7,0,3,0,0,4,6,22,"H","L",88,34,28,14,21,11,13,15,8,16,24,4,11,2,22,86,88,34,28,14,21,11,13,15,8,16,24,4,11,2,22,86,1.12,17.7,107.3,0.12,39.5,2.3,56.2,0.06,13.1,57.8,16.95,6.8,6.2,"2023-2024"
"VIL","ZAL","6_5","Regular Season","Lukas  Lekavicius",15,6,2,5,40,0,0,NA,2,2,100,1,0,1,3,0,0,0,0,1,1,7,"H","L",88,34,28,14,21,11,13,15,8,16,24,4,11,2,22,86,88,34,28,14,21,11,13,15,8,16,24,4,11,2,22,86,0.86,4.7,127.7,0.04,63.8,Inf,40,0.4,5.7,51,0,4,6.2,"2023-2024"
"VIL","ZAL","6_5","Regular Season","Kevarrius  Hayes",21,6,3,3,100,0,0,NA,0,0,NA,2,1,3,0,1,2,1,0,3,0,6,"H","L",88,34,28,14,21,11,13,15,8,16,24,4,11,2,22,86,88,34,28,14,21,11,13,15,8,16,24,4,11,2,22,86,2,2.9,206.9,0.04,0,0,100,0,5.3,100,68.97,2.4,12.5,"2023-2024"
"VIL","ZAL","6_5","Regular Season","Rolands  Smits",20,5,1,1,100,1,2,50,0,0,NA,2,3,5,3,1,0,0,0,2,0,11,"H","L",88,34,28,14,21,11,13,15,8,16,24,4,11,2,22,86,88,34,28,14,21,11,13,15,8,16,24,4,11,2,22,86,1.67,1,500,0.08,300,Inf,83.3,0,8.3,83.3,0,1.5,12.5,"2023-2024"
"VIL","ZAL","6_5","Regular Season","Edgaras  Ulanovas",27,14,3,7,42.9,1,3,33.3,5,5,100,0,1,1,1,1,1,0,0,3,3,10,"H","L",88,34,28,14,21,11,13,15,8,16,24,4,11,2,22,86,88,34,28,14,21,11,13,15,8,16,24,4,11,2,22,86,0.93,12.7,110.2,0.05,7.9,1,45,0.5,8.4,57.4,7.87,4.9,0,"2023-2024"
"VIL","ZAL","6_5","Regular Season","Naz  Mitrou-Long",8,2,1,1,100,0,2,0,0,0,NA,0,0,0,0,0,0,0,0,0,0,0,"H","L",88,34,28,14,21,11,13,15,8,16,24,4,11,2,22,86,88,34,28,14,21,11,13,15,8,16,24,4,11,2,22,86,0.67,2.9,69,0,0,NA,33.3,0,0.3,33.3,0,3.8,0,"2023-2024"
"VIL","ZAL","6_5","Regular Season","Dovydas  Giedraitis",7,0,0,0,NA,0,0,NA,0,0,NA,0,0,0,0,0,0,0,0,1,1,0,"H","L",88,34,28,14,21,11,13,15,8,16,24,4,11,2,22,86,88,34,28,14,21,11,13,15,8,16,24,4,11,2,22,86,NA,0,NA,-0.01,NA,NA,NA,NA,-0.4,NA,NA,0,0,"2023-2024"
"VIL","ZAL","6_5","Regular Season","Laurynas  Birutis",14,11,5,6,83.3,0,0,NA,1,2,50,2,2,4,0,0,2,1,0,3,1,10,"H","L",88,34,28,14,21,11,13,15,8,16,24,4,11,2,22,86,88,34,28,14,21,11,13,15,8,16,24,4,11,2,22,86,1.38,6.6,166.7,0.06,0,0,83.3,0.33,7.9,79.9,30.3,6.4,12.5,"2023-2024"
"VIL","ZAL","6_5","Regular Season","Tomas  Dimsa",24,21,2,3,66.7,5,8,62.5,2,2,100,0,2,2,0,0,0,0,0,2,2,19,"H","L",88,34,28,14,21,11,13,15,8,16,24,4,11,2,22,86,88,34,28,14,21,11,13,15,8,16,24,4,11,2,22,86,1.62,11.4,184.2,0.13,0,NA,86.4,0.18,15.9,88.4,0,5,0,"2023-2024"
"VIL","ZAL","6_5","Regular Season","Brady   Manek",15,2,1,2,50,0,2,0,0,0,NA,0,1,1,0,0,3,0,0,0,2,-1,"H","L",88,34,28,14,21,11,13,15,8,16,24,4,11,2,22,86,88,34,28,14,21,11,13,15,8,16,24,4,11,2,22,86,0.5,6.7,29.9,-0.02,0,0,25,0,-3.1,25,44.78,4.7,0,"2023-2024"
"VIL","ZAL","6_5","Regular Season","Arnas  Butkevicius",18,2,0,1,0,0,0,NA,2,2,100,0,1,1,1,1,0,0,1,3,2,2,"H","L",88,34,28,14,21,11,13,15,8,16,24,4,11,2,22,86,88,34,28,14,21,11,13,15,8,16,24,4,11,2,22,86,0.67,1.8,111.1,0.01,55.6,Inf,0,2,2.1,53.2,0,1.1,0,"2023-2024"
"ZAL","VIL","6_5","Regular Season","Paris  Lee",20,6,0,0,NA,2,2,100,0,0,NA,0,0,0,5,1,0,0,0,0,1,13,"A","W",91,37,20,18,27,7,16,24,4,19,23,7,8,1,18,115,91,37,20,18,27,7,16,24,4,19,23,7,8,1,18,115,3,1.9,315.8,0.06,263.2,Inf,150,0,9.9,150,0,1.1,0,"2023-2024"
"ZAL","VIL","6_5","Regular Season","Joffrey  Lauvergne",34,13,5,7,71.4,0,2,0,3,4,75,1,4,5,4,1,2,0,0,2,6,20,"A","W",91,37,20,18,27,7,16,24,4,19,23,7,8,1,18,115,91,37,20,18,27,7,16,24,4,19,23,7,8,1,18,115,1,11.3,115,0.07,35.4,2,55.6,0.44,11.2,60.4,17.7,4.1,12.5,"2023-2024"
"ZAL","VIL","6_5","Regular Season","Youssoupha  Fall",19,15,7,9,77.8,0,0,NA,1,2,50,2,3,5,0,0,1,1,1,3,4,17,"A","W",91,37,20,18,27,7,16,24,4,19,23,7,8,1,18,115,91,37,20,18,27,7,16,24,4,19,23,7,8,1,18,115,1.36,8.5,176.5,0.07,0,0,77.8,0.22,11.9,75.9,11.76,6.3,25,"2023-2024"
"ZAL","VIL","6_5","Regular Season","David  Lighty",10,2,1,2,50,0,3,0,0,0,NA,0,0,0,3,0,0,0,0,1,2,2,"A","W",91,37,20,18,27,7,16,24,4,19,23,7,8,1,18,115,91,37,20,18,27,7,16,24,4,19,23,7,8,1,18,115,0.4,4.8,41.7,0,62.5,Inf,20,0,0.6,20,0,5.5,0,"2023-2024"
"ZAL","VIL","6_5","Regular Season","Frank  Jackson",15,2,1,1,100,0,2,0,0,0,NA,0,1,1,1,0,0,0,0,4,0,-2,"A","W",91,37,20,18,27,7,16,24,4,19,23,7,8,1,18,115,91,37,20,18,27,7,16,24,4,19,23,7,8,1,18,115,0.67,2.9,69,-0.01,34.5,Inf,33.3,0,-0.3,33.3,0,2.2,0,"2023-2024"
"ZAL","VIL","6_5","Regular Season","Mike  Scott",26,12,2,3,66.7,2,4,50,2,2,100,0,2,2,4,0,0,0,0,2,1,14,"A","W",91,37,20,18,27,7,16,24,4,19,23,7,8,1,18,115,91,37,20,18,27,7,16,24,4,19,23,7,8,1,18,115,1.33,7.6,157.9,0.07,52.6,Inf,71.4,0.29,11.3,76.1,0,3.3,0,"2023-2024"
"ZAL","VIL","6_5","Regular Season","Charles Lombahe Kahudi",19,6,3,4,75,0,1,0,0,0,NA,1,2,3,0,0,1,0,0,3,1,4,"A","W",91,37,20,18,27,7,16,24,4,19,23,7,8,1,18,115,91,37,20,18,27,7,16,24,4,19,23,7,8,1,18,115,1.2,4.8,125,0.01,0,0,60,0,2.8,60,20.83,3.5,12.5,"2023-2024"
"ZAL","VIL","6_5","Regular Season","Timothe  Luwawu-Cabarrot",26,19,4,7,57.1,1,2,50,8,8,100,0,6,6,1,3,2,0,1,2,6,26,"A","W",91,37,20,18,27,7,16,24,4,19,23,7,8,1,18,115,91,37,20,18,27,7,16,24,4,19,23,7,8,1,18,115,1.12,13.9,136.7,0.11,7.2,0.5,61.1,0.89,17.4,75.9,14.39,6.1,0,"2023-2024"
"ZAL","VIL","6_5","Regular Season","Edwin  Jackson",4,3,0,0,NA,1,1,100,0,0,NA,0,0,0,0,0,1,0,0,1,0,1,"A","W",91,37,20,18,27,7,16,24,4,19,23,7,8,1,18,115,91,37,20,18,27,7,16,24,4,19,23,7,8,1,18,115,3,1.9,157.9,0.01,0,0,150,0,1.3,150,52.63,5.5,0,"2023-2024"
"ZAL","VIL","6_5","Regular Season","Nando  de Colo",22,13,4,4,100,1,3,33.3,2,2,100,0,0,0,6,2,1,0,0,0,1,19,"A","W",91,37,20,18,27,7,16,24,4,19,23,7,8,1,18,115,91,37,20,18,27,7,16,24,4,19,23,7,8,1,18,115,1.44,8.5,152.9,0.1,70.6,6,78.6,0.29,15.3,82.5,11.76,4.4,0,"2023-2024"
"ZAL","VIL","6_5","Regular Season","Mbaye  Ndiaye",3,0,0,0,NA,0,0,NA,0,0,NA,0,1,1,0,0,0,0,0,0,0,1,"A","W",91,37,20,18,27,7,16,24,4,19,23,7,8,1,18,115,91,37,20,18,27,7,16,24,4,19,23,7,8,1,18,115,NA,0,NA,0.01,NA,NA,NA,NA,0.3,NA,NA,0,0,"2023-2024"
"BER","VAL","6_7","Regular Season","Nate  Reuvers",16,5,1,1,100,1,2,50,0,0,NA,0,1,1,0,0,2,1,0,2,0,2,"H","W",79,43,23,14,23,7,12,18,9,21,30,10,15,3,20,79,79,43,23,14,23,7,12,18,9,21,30,10,15,3,20,79,1.67,4.8,104.2,0.01,0,0,83.3,0,1.9,83.3,41.67,2.9,0,"2023-2024"
"BER","VAL","6_7","Regular Season","Chris  Jones",24,10,3,6,50,1,1,100,1,2,50,0,1,1,5,1,1,0,0,1,1,12,"H","W",79,43,23,14,23,7,12,18,9,21,30,10,15,3,20,79,79,43,23,14,23,7,12,18,9,21,30,10,15,3,20,79,1.11,8.5,117.6,0.09,58.8,5,64.3,0.29,9.7,63.5,11.76,3.4,0,"2023-2024"
"BER","VAL","6_7","Regular Season","Boubacar  Toure",15,2,1,5,20,0,0,NA,0,0,NA,0,4,4,0,0,1,2,2,2,0,-1,"H","W",79,43,23,14,23,7,12,18,9,21,30,10,15,3,20,79,79,43,23,14,23,7,12,18,9,21,30,10,15,3,20,79,0.4,5.8,34.5,0,0,0,20,0,-0.3,20,17.24,3.7,0,"2023-2024"
"BER","VAL","6_7","Regular Season","Kassius  Robertson",17,0,0,1,0,0,2,0,0,0,NA,0,1,1,0,1,2,0,0,3,0,-6,"H","W",79,43,23,14,23,7,12,18,9,21,30,10,15,3,20,79,79,43,23,14,23,7,12,18,9,21,30,10,15,3,20,79,0,4.8,0,-0.05,0,0,0,0,-4,0,41.67,2.7,0,"2023-2024"
"BER","VAL","6_7","Regular Season","Semi  Ojeleye",25,19,1,5,20,4,6,66.7,5,5,100,2,5,7,1,2,0,0,2,0,4,25,"H","W",79,43,23,14,23,7,12,18,9,21,30,10,15,3,20,79,79,43,23,14,23,7,12,18,9,21,30,10,15,3,20,79,1.19,10.8,175.9,0.18,9.3,Inf,63.6,0.45,18.9,72,0,4.8,11.1,"2023-2024"
"BER","VAL","6_7","Regular Season","Jared  Harper",20,11,2,5,40,1,5,20,4,4,100,0,1,1,2,3,1,0,0,2,5,12,"H","W",79,43,23,14,23,7,12,18,9,21,30,10,15,3,20,79,79,43,23,14,23,7,12,18,9,21,30,10,15,3,20,79,0.79,12.2,90.2,0.06,16.4,2,35,0.4,8.1,46.8,8.2,5.9,0,"2023-2024"
"BER","VAL","6_7","Regular Season","Josep  Puerto",14,4,2,2,100,0,2,0,0,0,NA,0,0,0,0,0,2,0,0,1,0,-1,"H","W",79,43,23,14,23,7,12,18,9,21,30,10,15,3,20,79,79,43,23,14,23,7,12,18,9,21,30,10,15,3,20,79,1,5.8,69,-0.01,0,0,50,0,-0.4,50,34.48,3.9,0,"2023-2024"
"BER","VAL","6_7","Regular Season","Jaime  Pradilla",8,2,1,1,100,0,2,0,0,0,NA,2,1,3,0,0,0,0,0,0,0,3,"H","W",79,43,23,14,23,7,12,18,9,21,30,10,15,3,20,79,79,43,23,14,23,7,12,18,9,21,30,10,15,3,20,79,0.67,1,200,0.02,0,NA,33.3,0,2,33.3,0,3.4,11.1,"2023-2024"
"BER","VAL","6_7","Regular Season","Guillem  Ferrando",6,0,0,0,NA,0,2,0,0,0,NA,1,0,1,2,0,0,0,0,2,0,-1,"H","W",79,43,23,14,23,7,12,18,9,21,30,10,15,3,20,79,79,43,23,14,23,7,12,18,9,21,30,10,15,3,20,79,0,1,0,-0.01,200,Inf,0,0,-0.1,0,0,3.1,5.6,"2023-2024"
"BER","VAL","6_7","Regular Season","Damien  Inglis",22,6,3,5,60,0,0,NA,0,0,NA,1,3,4,1,1,3,0,0,4,2,5,"H","W",79,43,23,14,23,7,12,18,9,21,30,10,15,3,20,79,79,43,23,14,23,7,12,18,9,21,30,10,15,3,20,79,1.2,6.7,89.6,0.02,14.9,0.3,60,0,2.4,60,44.78,3.3,5.6,"2023-2024"
"BER","VAL","6_7","Regular Season","Stefan  Jovic",14,6,2,2,100,0,0,NA,2,3,66.7,1,2,3,4,0,1,0,0,2,4,13,"H","W",79,43,23,14,23,7,12,18,9,21,30,10,15,3,20,79,79,43,23,14,23,7,12,18,9,21,30,10,15,3,20,79,1.2,3.2,187.5,0.07,125,4,100,1.5,7.3,90.4,31.25,2.8,5.6,"2023-2024"
"BER","VAL","6_7","Regular Season","Brandon  Davies",18,14,7,10,70,0,1,0,0,0,NA,2,2,4,3,2,2,0,1,1,1,16,"H","W",79,43,23,14,23,7,12,18,9,21,30,10,15,3,20,79,79,43,23,14,23,7,12,18,9,21,30,10,15,3,20,79,1.27,10.6,132.1,0.12,28.3,1.5,63.6,0,12.8,63.6,18.87,6.6,11.1,"2023-2024"
"VAL","BER","6_7","Regular Season","Sterling  Brown",27,19,3,3,100,3,7,42.9,4,4,100,0,3,3,2,2,3,2,0,3,4,22,"A","L",71,28,28,20,13,9,18,13,9,20,29,9,18,5,17,73,71,28,28,20,13,9,18,13,9,20,29,9,18,5,17,73,1.36,14.2,133.8,0.17,14.1,0.7,75,0.4,15.9,80.8,21.13,5.3,0,"2023-2024"
"VAL","BER","6_7","Regular Season","Matteo  Spagnolo",21,2,0,2,0,0,2,0,2,2,100,0,2,2,5,0,5,0,0,2,3,1,"A","L",71,28,28,20,13,9,18,13,9,20,29,9,18,5,17,73,71,28,28,20,13,9,18,13,9,20,29,9,18,5,17,73,0.33,9.5,21.1,-0.02,52.6,1,0,0.5,-2.5,20.5,52.63,4.5,0,"2023-2024"
"VAL","BER","6_7","Regular Season","Kresimir  Nikic",5,0,0,0,NA,0,0,NA,0,0,NA,0,0,0,0,0,0,0,0,0,0,0,"A","L",71,28,28,20,13,9,18,13,9,20,29,9,18,5,17,73,71,28,28,20,13,9,18,13,9,20,29,9,18,5,17,73,NA,0,NA,0,NA,NA,NA,NA,0,NA,NA,0,0,"2023-2024"
"VAL","BER","6_7","Regular Season","Louis  Olinde",25,10,1,3,33.3,2,4,50,2,2,100,1,6,7,1,2,1,2,0,1,2,18,"A","L",71,28,28,20,13,9,18,13,9,20,29,9,18,5,17,73,71,28,28,20,13,9,18,13,9,20,29,9,18,5,17,73,1.11,7.6,131.6,0.15,13.2,1,57.1,0.29,11.5,63.5,13.16,3.4,5.6,"2023-2024"
"VAL","BER","6_7","Regular Season","Johannes  Thiemann",30,8,2,6,33.3,0,2,0,4,4,100,1,3,4,0,0,2,1,2,2,6,7,"A","L",71,28,28,20,13,9,18,13,9,20,29,9,18,5,17,73,71,28,28,20,13,9,18,13,9,20,29,9,18,5,17,73,0.67,10.3,77.7,0.02,0,0,25,0.5,2.7,41,19.42,3.8,5.6,"2023-2024"
"VAL","BER","6_7","Regular Season","Gabriele  Procida",13,5,1,2,50,0,2,0,3,5,60,0,0,0,1,2,0,0,0,0,3,6,"A","L",71,28,28,20,13,9,18,13,9,20,29,9,18,5,17,73,71,28,28,20,13,9,18,13,9,20,29,9,18,5,17,73,0.56,6,83.3,0.03,16.7,Inf,25,1.25,4.5,40.3,0,4.6,0,"2023-2024"
"VAL","BER","6_7","Regular Season","Malte  Delow",18,4,2,2,100,0,1,0,0,0,NA,2,2,4,3,1,4,0,0,3,1,5,"A","L",71,28,28,20,13,9,18,13,9,20,29,9,18,5,17,73,71,28,28,20,13,9,18,13,9,20,29,9,18,5,17,73,1.33,4.8,83.3,0.03,62.5,0.8,66.7,0,2.6,66.7,83.33,3.8,11.1,"2023-2024"
"VAL","BER","6_7","Regular Season","Tim  Schneider",16,3,0,1,0,1,4,25,0,0,NA,0,0,0,1,0,1,0,0,2,0,-3,"A","L",71,28,28,20,13,9,18,13,9,20,29,9,18,5,17,73,71,28,28,20,13,9,18,13,9,20,29,9,18,5,17,73,0.6,5.8,51.7,-0.03,17.2,1,30,0,-1.2,30,17.24,3.6,0,"2023-2024"
"VAL","BER","6_7","Regular Season","Matt  Thomas",21,16,2,3,66.7,3,6,50,3,3,100,1,2,3,0,0,2,0,0,4,1,10,"A","L",71,28,28,20,13,9,18,13,9,20,29,9,18,5,17,73,71,28,28,20,13,9,18,13,9,20,29,9,18,5,17,73,1.33,10.9,146.8,0.09,0,0,72.2,0.33,9.4,77.5,18.35,5.7,5.6,"2023-2024"
"VAL","BER","6_7","Regular Season","Christ  Koumadje",11,0,0,4,0,0,0,NA,0,0,NA,2,0,2,0,0,0,0,1,0,0,-3,"A","L",71,28,28,20,13,9,18,13,9,20,29,9,18,5,17,73,71,28,28,20,13,9,18,13,9,20,29,9,18,5,17,73,0,1.9,0,-0.03,0,NA,0,0,-1.4,0,0,3.5,11.1,"2023-2024"
"VAL","BER","6_7","Regular Season","Justin  Bean",11,4,2,2,100,0,0,NA,0,0,NA,2,2,4,0,2,0,0,0,0,0,10,"A","L",71,28,28,20,13,9,18,13,9,20,29,9,18,5,17,73,71,28,28,20,13,9,18,13,9,20,29,9,18,5,17,73,2,0,Inf,0.09,NA,NA,100,0,7.4,100,NA,1.8,11.1,"2023-2024"
"BAR","PAN","6_6","Regular Season","Kyle  Guy",20,6,0,1,0,1,4,25,3,4,75,0,2,2,2,2,4,0,0,1,3,5,"A","L",72,38,22,17,17,8,14,15,7,21,28,4,12,1,19,67,72,38,22,17,17,8,14,15,7,21,28,4,12,1,19,67,0.67,10.3,58.3,0.02,19.4,0.5,30,0.8,2.1,44.4,38.83,5.4,0,"2023-2024"
"BAR","PAN","6_6","Regular Season","Jerian  Grant",32,15,4,7,57.1,2,2,100,1,1,100,0,1,1,1,0,1,0,1,3,3,12,"A","L",72,38,22,17,17,8,14,15,7,21,28,4,12,1,19,67,72,38,22,17,17,8,14,15,7,21,28,4,12,1,19,67,1.5,10,150,0.11,10,1,77.8,0.11,9.9,79.4,10,3.3,0,"2023-2024"
"BAR","PAN","6_6","Regular Season","Mathias  Lessort",19,9,2,5,40,0,0,NA,5,6,83.3,2,2,4,0,0,0,0,0,2,5,12,"A","L",72,38,22,17,17,8,14,15,7,21,28,4,12,1,19,67,72,38,22,17,17,8,14,15,7,21,28,4,12,1,19,67,0.82,5.4,166.7,0.06,0,NA,40,1.2,7.1,58.9,0,4,14.3,"2023-2024"
"BAR","PAN","6_6","Regular Season","Juan  Hernangomez",18,0,0,1,0,0,1,0,0,0,NA,0,2,2,0,0,2,0,0,0,0,-2,"A","L",72,38,22,17,17,8,14,15,7,21,28,4,12,1,19,67,72,38,22,17,17,8,14,15,7,21,28,4,12,1,19,67,0,3.8,0,-0.02,0,0,0,0,-2.8,0,52.63,2.2,0,"2023-2024"
"BAR","PAN","6_6","Regular Season","Konstantinos  Mitoglou",30,6,2,6,33.3,0,2,0,2,2,100,2,4,6,2,1,2,0,0,3,3,7,"A","L",72,38,22,17,17,8,14,15,7,21,28,4,12,1,19,67,72,38,22,17,17,8,14,15,7,21,28,4,12,1,19,67,0.6,8.5,70.6,0.03,23.5,1,25,0.25,3,33.8,23.53,3.7,14.3,"2023-2024"
"BAR","PAN","6_6","Regular Season","Panagiotis  Kalaitzakis",15,5,1,3,33.3,1,2,50,0,0,NA,0,1,1,1,0,0,0,0,3,1,2,"A","L",72,38,22,17,17,8,14,15,7,21,28,4,12,1,19,67,72,38,22,17,17,8,14,15,7,21,28,4,12,1,19,67,1,4.8,104.2,0.01,20.8,Inf,50,0,2.1,50,0,3.4,0,"2023-2024"
"BAR","PAN","6_6","Regular Season","Dimitris  Moraitis",10,5,1,4,25,1,2,50,0,0,NA,0,2,2,4,1,0,0,1,1,0,6,"A","L",72,38,22,17,17,8,14,15,7,21,28,4,12,1,19,67,72,38,22,17,17,8,14,15,7,21,28,4,12,1,19,67,0.83,5.8,86.2,0.07,69,Inf,41.7,0,5.6,41.7,0,6,0,"2023-2024"
"BAR","PAN","6_6","Regular Season","Aleksander  Balcerowski",17,12,5,5,100,0,1,0,2,3,66.7,3,1,4,0,0,0,1,0,1,3,17,"A","L",72,38,22,17,17,8,14,15,7,21,28,4,12,1,19,67,72,38,22,17,17,8,14,15,7,21,28,4,12,1,19,67,1.33,4.1,292.7,0.13,0,NA,83.3,0.5,12.1,82,0,4.3,21.4,"2023-2024"
"BAR","PAN","6_6","Regular Season","Alexandros  Samontourov",1,3,0,1,0,1,1,100,0,0,NA,0,0,0,1,0,0,0,0,0,0,3,"A","L",72,38,22,17,17,8,14,15,7,21,28,4,12,1,19,67,72,38,22,17,17,8,14,15,7,21,28,4,12,1,19,67,1.5,1.9,157.9,0.03,52.6,Inf,75,0,2.7,75,0,20.1,0,"2023-2024"
"BAR","PAN","6_6","Regular Season","Marius  Grigonis",24,11,2,5,40,2,5,40,1,1,100,0,3,3,3,0,2,0,0,3,0,6,"A","L",72,38,22,17,17,8,14,15,7,21,28,4,12,1,19,67,72,38,22,17,17,8,14,15,7,21,28,4,12,1,19,67,1,11.9,92.4,0.06,25.2,1.5,50,0.1,5.4,52.7,16.81,5.2,0,"2023-2024"
"BAR","PAN","6_6","Regular Season","Eleftherios  Mantzoukas",12,0,0,0,NA,0,2,0,0,0,NA,0,3,3,1,0,1,0,0,2,0,-1,"A","L",72,38,22,17,17,8,14,15,7,21,28,4,12,1,19,67,72,38,22,17,17,8,14,15,7,21,28,4,12,1,19,67,0,2.9,0,-0.01,34.5,1,0,0,-1.6,0,34.48,2.5,0,"2023-2024"
"PAN","BAR","6_6","Regular Season","Oscar  da Silva",14,2,1,1,100,0,2,0,0,0,NA,2,0,2,0,2,0,0,0,2,0,2,"H","W",80,48,18,20,27,4,14,10,10,23,33,9,13,2,18,80,80,48,18,20,27,4,14,10,10,23,33,9,13,2,18,80,0.67,1,200,0.01,0,NA,33.3,0,2.9,33.3,0,2,10,"2023-2024"
"PAN","BAR","6_6","Regular Season","Jan  Vesely",17,9,2,7,28.6,0,0,NA,5,6,83.3,1,3,4,1,2,0,0,0,1,4,13,"H","W",80,48,18,20,27,4,14,10,10,23,33,9,13,2,18,80,80,48,18,20,27,4,14,10,10,23,33,9,13,2,18,80,0.69,8.3,108.4,0.08,12,Inf,28.6,0.86,8.4,46.7,0,5.2,5,"2023-2024"
"PAN","BAR","6_6","Regular Season","Nikola  Kalinic",25,10,2,2,100,2,2,100,0,0,NA,1,3,4,3,0,2,0,0,2,2,15,"H","W",80,48,18,20,27,4,14,10,10,23,33,9,13,2,18,80,80,48,18,20,27,4,14,10,10,23,33,9,13,2,18,80,2.5,4.8,208.3,0.11,62.5,1.5,125,0,9.7,125,41.67,2.2,5,"2023-2024"
"PAN","BAR","6_6","Regular Season","Tomas  Satoransky",19,10,3,5,60,1,3,33.3,1,2,50,0,7,7,3,1,0,0,0,1,2,17,"H","W",80,48,18,20,27,4,14,10,10,23,33,9,13,2,18,80,80,48,18,20,27,4,14,10,10,23,33,9,13,2,18,80,1,8.5,117.6,0.13,35.3,Inf,56.2,0.25,10.4,56.3,0,4.3,0,"2023-2024"
"PAN","BAR","6_6","Regular Season","Alejandro  Abrines",14,2,1,2,50,0,0,NA,0,0,NA,1,0,1,0,0,0,0,0,2,2,2,"H","W",80,48,18,20,27,4,14,10,10,23,33,9,13,2,18,80,80,48,18,20,27,4,14,10,10,23,33,9,13,2,18,80,1,1,200,0,0,NA,50,0,0.9,50,0,1.3,5,"2023-2024"
"PAN","BAR","6_6","Regular Season","Oriol  Pauli",21,12,4,5,80,1,3,33.3,1,1,100,1,3,4,0,0,4,0,0,5,3,7,"H","W",80,48,18,20,27,4,14,10,10,23,33,9,13,2,18,80,80,48,18,20,27,4,14,10,10,23,33,9,13,2,18,80,1.33,11,109.1,0.03,0,0,68.8,0.12,4,71.1,36.36,5.4,5,"2023-2024"
"PAN","BAR","6_6","Regular Season","Dario  Brizuela",24,8,4,8,50,0,3,0,0,0,NA,0,1,1,2,1,2,0,0,2,0,1,"H","W",80,48,18,20,27,4,14,10,10,23,33,9,13,2,18,80,80,48,18,20,27,4,14,10,10,23,33,9,13,2,18,80,0.73,12.5,64,0.01,16,1,36.4,0,1.8,36.4,16,4.9,0,"2023-2024"
"PAN","BAR","6_6","Regular Season","Willy  Hernangomez",16,5,1,4,25,0,0,NA,3,4,75,1,2,3,0,0,2,1,0,2,2,3,"H","W",80,48,18,20,27,4,14,10,10,23,33,9,13,2,18,80,80,48,18,20,27,4,14,10,10,23,33,9,13,2,18,80,0.62,6.5,76.9,0,0,0,25,1,1.4,43.4,30.77,4.4,5,"2023-2024"
"PAN","BAR","6_6","Regular Season","Jabari  Parker",26,17,7,10,70,0,2,0,3,5,60,2,3,5,1,2,2,0,1,0,2,17,"H","W",80,48,18,20,27,4,14,10,10,23,33,9,13,2,18,80,80,48,18,20,27,4,14,10,10,23,33,9,13,2,18,80,1,13.6,125,0.13,7.4,0.5,58.3,0.42,13.6,59.9,14.71,5.7,10,"2023-2024"
"PAN","BAR","6_6","Regular Season","James  Nnaji",7,3,1,1,100,0,0,NA,1,2,50,0,0,0,0,1,0,1,0,0,1,5,"H","W",80,48,18,20,27,4,14,10,10,23,33,9,13,2,18,80,80,48,18,20,27,4,14,10,10,23,33,9,13,2,18,80,1,1.8,166.7,0.03,0,NA,100,2,4,79.8,0,2.4,0,"2023-2024"
"PAN","BAR","6_6","Regular Season","Dame  Sarr",1,0,0,1,0,0,0,NA,0,0,NA,0,0,0,0,0,0,0,0,0,0,-1,"H","W",80,48,18,20,27,4,14,10,10,23,33,9,13,2,18,80,80,48,18,20,27,4,14,10,10,23,33,9,13,2,18,80,0,1,0,-0.01,0,NA,0,0,-0.7,0,0,9.1,0,"2023-2024"
"PAN","BAR","6_6","Regular Season","Joel  Parra",15,2,1,2,50,0,3,0,0,0,NA,1,1,2,0,0,1,0,0,1,1,-1,"H","W",80,48,18,20,27,4,14,10,10,23,33,9,13,2,18,80,80,48,18,20,27,4,14,10,10,23,33,9,13,2,18,80,0.4,4.8,41.7,-0.02,0,0,20,0,-1.5,20,20.83,3.6,5,"2023-2024"
"BOL","EFE","6_8","Regular Season","Shane  Larkin",32,16,3,7,42.9,1,4,25,7,8,87.5,0,2,2,2,1,4,0,1,4,4,8,"A","L",81,33,16,22,21,7,18,10,6,18,24,4,14,2,23,80,81,33,16,22,21,7,18,10,6,18,24,4,14,2,23,80,0.84,17.8,89.9,0.05,11.2,0.5,40.9,0.73,6.9,55.1,22.47,6.4,0,"2023-2024"
"BOL","EFE","6_8","Regular Season","Rodrigue  Beaubois",34,17,3,5,60,3,5,60,2,2,100,1,3,4,3,0,0,1,0,2,3,22,"A","L",81,33,16,22,21,7,18,10,6,18,24,4,14,2,23,80,81,33,16,22,21,7,18,10,6,18,24,4,14,2,23,80,1.42,9.5,178.9,0.16,31.6,Inf,75,0.2,16,78.1,0,3.5,8.3,"2023-2024"
"BOL","EFE","6_8","Regular Season","Darius  Thompson",26,6,0,1,0,2,2,100,0,0,NA,0,0,0,0,0,3,1,1,3,1,0,"A","L",81,33,16,22,21,7,18,10,6,18,24,4,14,2,23,80,81,33,16,22,21,7,18,10,6,18,24,4,14,2,23,80,2,5.8,103.4,0,0,0,100,0,1.2,100,51.72,2.5,0,"2023-2024"
"BOL","EFE","6_8","Regular Season","Derek  Willis",23,4,2,3,66.7,0,2,0,0,0,NA,1,6,7,1,1,1,0,0,4,0,5,"A","L",81,33,16,22,21,7,18,10,6,18,24,4,14,2,23,80,81,33,16,22,21,7,18,10,6,18,24,4,14,2,23,80,0.8,4.8,83.3,0.04,20.8,1,40,0,2.9,40,20.83,2.9,8.3,"2023-2024"
"BOL","EFE","6_8","Regular Season","Tyrique  Jones",23,6,3,5,60,0,0,NA,0,0,NA,1,1,2,1,0,1,0,0,4,3,5,"A","L",81,33,16,22,21,7,18,10,6,18,24,4,14,2,23,80,81,33,16,22,21,7,18,10,6,18,24,4,14,2,23,80,1.2,4.8,125,0.01,20.8,1,60,0,2.8,60,20.83,2.9,8.3,"2023-2024"
"BOL","EFE","6_8","Regular Season","Elijah  Bryant",20,7,2,2,100,1,1,100,0,0,NA,0,4,4,2,1,4,0,0,1,2,11,"A","L",81,33,16,22,21,7,18,10,6,18,24,4,14,2,23,80,81,33,16,22,21,7,18,10,6,18,24,4,14,2,23,80,2.33,6.7,104.5,0.08,29.9,0.5,116.7,0,5.3,116.7,59.7,3.9,0,"2023-2024"
"BOL","EFE","6_8","Regular Season","Will  Clyburn",25,10,2,3,66.7,0,2,0,6,9,66.7,1,1,2,0,1,0,0,0,4,7,10,"A","L",81,33,16,22,21,7,18,10,6,18,24,4,14,2,23,80,81,33,16,22,21,7,18,10,6,18,24,4,14,2,23,80,0.71,7.6,131.6,0.02,0,NA,40,1.8,6.5,55.8,0,3.9,8.3,"2023-2024"
"BOL","EFE","6_8","Regular Season","Ante  Zizic",17,15,6,7,85.7,0,0,NA,3,3,100,2,1,3,1,0,1,0,0,1,3,19,"A","L",81,33,16,22,21,7,18,10,6,18,24,4,14,2,23,80,81,33,16,22,21,7,18,10,6,18,24,4,14,2,23,80,1.5,7,214.3,0.14,14.3,1,85.7,0.43,13.5,90.1,14.29,6,16.7,"2023-2024"
"EFE","BOL","6_8","Regular Season","Isaia  Cordinier",26,7,3,7,42.9,0,2,0,1,2,50,1,1,2,2,2,1,0,0,5,4,4,"H","W",93,46,20,26,26,7,20,22,16,15,31,10,7,2,23,110,93,46,20,26,26,7,20,22,16,15,31,10,7,2,23,110,0.64,9.5,73.7,0,21.1,2,33.3,0.22,2.9,35.4,10.53,4,3.1,"2023-2024"
"EFE","BOL","6_8","Regular Season","Marco  Belinelli",19,17,1,4,25,3,3,100,6,6,100,0,3,3,2,0,1,0,0,3,2,17,"H","W",93,46,20,26,26,7,20,22,16,15,31,10,7,2,23,110,93,46,20,26,26,7,20,22,16,15,31,10,7,2,23,110,1.31,10.2,166.7,0.09,19.6,2,78.6,0.86,13.8,88.2,9.8,5.3,0,"2023-2024"
"EFE","BOL","6_8","Regular Season","Alessandro  Pajola",28,3,0,0,NA,1,4,25,0,0,NA,1,2,3,3,0,0,0,0,2,1,5,"H","W",93,46,20,26,26,7,20,22,16,15,31,10,7,2,23,110,93,46,20,26,26,7,20,22,16,15,31,10,7,2,23,110,0.75,2.9,103.4,0.02,103.4,Inf,37.5,0,3.2,37.5,0,1.4,3.1,"2023-2024"
"EFE","BOL","6_8","Regular Season","Tornike  Shengelia",31,19,5,9,55.6,0,3,0,9,11,81.8,3,2,5,6,1,3,0,0,1,12,30,"H","W",93,46,20,26,26,7,20,22,16,15,31,10,7,2,23,110,93,46,20,26,26,7,20,22,16,15,31,10,7,2,23,110,0.83,16.2,117.3,0.1,37,2,41.7,0.92,16.3,56.4,18.52,6.1,9.4,"2023-2024"
"EFE","BOL","6_8","Regular Season","Bryant  Dunston",21,14,7,8,87.5,0,0,NA,0,0,NA,4,2,6,2,1,0,2,1,3,0,20,"H","W",93,46,20,26,26,7,20,22,16,15,31,10,7,2,23,110,93,46,20,26,26,7,20,22,16,15,31,10,7,2,23,110,1.75,3.8,368.4,0.11,52.6,Inf,87.5,0,17.2,87.5,0,3.6,12.5,"2023-2024"
"EFE","BOL","6_8","Regular Season","Gabriel  Lundberg",12,0,0,4,0,0,1,0,0,0,NA,0,0,0,1,0,0,0,0,1,0,-5,"H","W",93,46,20,26,26,7,20,22,16,15,31,10,7,2,23,110,93,46,20,26,26,7,20,22,16,15,31,10,7,2,23,110,0,4.8,0,-0.03,20.8,Inf,0,0,-3.2,0,0,3.9,0,"2023-2024"
"EFE","BOL","6_8","Regular Season","Jaleen  Smith",18,12,3,3,100,2,3,66.7,0,0,NA,3,1,4,2,2,0,0,0,2,0,17,"H","W",93,46,20,26,26,7,20,22,16,15,31,10,7,2,23,110,93,46,20,26,26,7,20,22,16,15,31,10,7,2,23,110,2,2.9,413.8,0.1,69,Inf,100,0,14.8,100,0,3.2,9.4,"2023-2024"
"EFE","BOL","6_8","Regular Season","Ognjen  Dobric",17,7,3,4,75,0,1,0,1,2,50,0,0,0,2,4,1,0,1,1,1,8,"H","W",93,46,20,26,26,7,20,22,16,15,31,10,7,2,23,110,93,46,20,26,26,7,20,22,16,15,31,10,7,2,23,110,1,6.6,106.1,0.05,30.3,2,60,0.4,8.3,59.5,15.15,3.8,0,"2023-2024"
"EFE","BOL","6_8","Regular Season","Devontae  Cacok",5,4,2,2,100,0,0,NA,0,0,NA,2,3,5,1,0,1,0,0,3,0,6,"H","W",93,46,20,26,26,7,20,22,16,15,31,10,7,2,23,110,93,46,20,26,26,7,20,22,16,15,31,10,7,2,23,110,2,1,400,0.03,100,1,100,0,4.2,100,100,5.7,6.2,"2023-2024"
"EFE","BOL","6_8","Regular Season","Jordan  Mickey",17,10,2,5,40,1,3,33.3,3,5,60,2,1,3,1,0,0,0,0,1,3,9,"H","W",93,46,20,26,26,7,20,22,16,15,31,10,7,2,23,110,93,46,20,26,26,7,20,22,16,15,31,10,7,2,23,110,0.77,7.9,126.6,0.03,12.7,Inf,43.8,0.62,6.8,49,0,5.7,6.2,"2023-2024"
"EFE","BOL","6_8","Regular Season","Awudu  Abass",5,0,0,0,NA,0,0,NA,0,0,NA,0,0,0,0,0,0,0,0,1,0,-1,"H","W",93,46,20,26,26,7,20,22,16,15,31,10,7,2,23,110,93,46,20,26,26,7,20,22,16,15,31,10,7,2,23,110,NA,0,NA,-0.01,NA,NA,NA,NA,-0.4,NA,NA,0,0,"2023-2024"
"BAS","PAR","6_9","Regular Season","Zach  LeDay",22,11,4,7,57.1,1,2,50,0,0,NA,0,4,4,1,1,2,0,0,5,1,7,"A","L",83,30,24,17,20,9,16,17,1,24,25,6,13,7,24,93,83,30,24,17,20,9,16,17,1,24,25,6,13,7,24,93,1.22,10.6,103.8,0.04,9.4,0.5,61.1,0,5.6,61.1,18.87,5.4,0,"2023-2024"
"BAS","PAR","6_9","Regular Season","Ognjen  Jaramaz",21,11,4,5,80,1,4,25,0,0,NA,0,0,0,2,1,0,1,1,4,2,8,"A","L",83,30,24,17,20,9,16,17,1,24,25,6,13,7,24,93,83,30,24,17,20,9,16,17,1,24,25,6,13,7,24,93,1.22,8.6,127.9,0.05,23.3,Inf,61.1,0,8.2,61.1,0,4.6,0,"2023-2024"
"BAS","PAR","6_9","Regular Season","James  Nunnally",29,16,1,3,33.3,3,5,60,5,5,100,0,2,2,2,0,2,0,0,1,4,17,"A","L",83,30,24,17,20,9,16,17,1,24,25,6,13,7,24,93,83,30,24,17,20,9,16,17,1,24,25,6,13,7,24,93,1.23,11.7,136.8,0.09,17.1,1,68.8,0.62,11.6,78.4,17.09,4.5,0,"2023-2024"
"BAS","PAR","6_9","Regular Season","Danilo  Andjusic",18,9,2,2,100,1,2,50,2,2,100,0,1,1,1,0,2,1,0,3,2,8,"A","L",83,30,24,17,20,9,16,17,1,24,25,6,13,7,24,93,83,30,24,17,20,9,16,17,1,24,25,6,13,7,24,93,1.5,6.6,136.4,0.04,15.2,0.5,87.5,0.5,5.9,92.2,30.3,4.1,0,"2023-2024"
"BAS","PAR","6_9","Regular Season","Frank  Kaminsky",24,8,4,5,80,0,0,NA,0,0,NA,1,6,7,5,0,0,1,0,2,3,21,"A","L",83,30,24,17,20,9,16,17,1,24,25,6,13,7,24,93,83,30,24,17,20,9,16,17,1,24,25,6,13,7,24,93,1.6,3.8,210.5,0.12,131.6,Inf,80,0,12,80,0,2.2,50,"2023-2024"
"BAS","PAR","6_9","Regular Season","Tristan  Vukcevic",19,13,2,2,100,2,3,66.7,3,3,100,0,2,2,1,0,1,3,1,2,1,15,"A","L",83,30,24,17,20,9,16,17,1,24,25,6,13,7,24,93,83,30,24,17,20,9,16,17,1,24,25,6,13,7,24,93,1.62,7,185.7,0.1,14.3,1,100,0.6,12.7,102.8,14.29,4.1,0,"2023-2024"
"BAS","PAR","6_9","Regular Season","Aleksa  Avramovic",22,1,0,1,0,0,4,0,1,2,50,0,2,2,2,2,2,0,0,2,1,-2,"A","L",83,30,24,17,20,9,16,17,1,24,25,6,13,7,24,93,83,30,24,17,20,9,16,17,1,24,25,6,13,7,24,93,0.14,7.6,13.2,-0.02,26.3,1,0,0.4,-1.7,8.5,26.32,3.8,0,"2023-2024"
"BAS","PAR","6_9","Regular Season","Alen  Smailagic",15,7,1,2,50,0,1,0,5,5,100,0,2,2,1,1,1,1,0,1,6,14,"A","L",83,30,24,17,20,9,16,17,1,24,25,6,13,7,24,93,83,30,24,17,20,9,16,17,1,24,25,6,13,7,24,93,0.88,6,116.7,0.05,16.7,1,33.3,1.67,6.9,67.3,16.67,4.4,0,"2023-2024"
"BAS","PAR","6_9","Regular Season","Uros  Trifunovic",21,7,2,2,100,1,2,50,0,0,NA,0,4,4,0,1,1,0,0,4,0,6,"A","L",83,30,24,17,20,9,16,17,1,24,25,6,13,7,24,93,83,30,24,17,20,9,16,17,1,24,25,6,13,7,24,93,1.75,4.8,145.8,0.04,0,0,87.5,0,5,87.5,20.83,2.6,0,"2023-2024"
"BAS","PAR","6_9","Regular Season","P.J.  Dozier",9,0,0,1,0,0,1,0,0,0,NA,0,1,1,2,0,2,0,0,0,0,-1,"A","L",83,30,24,17,20,9,16,17,1,24,25,6,13,7,24,93,83,30,24,17,20,9,16,17,1,24,25,6,13,7,24,93,0,3.8,0,-0.01,52.6,1,0,0,-1.7,0,52.63,4.8,0,"2023-2024"
"PAR","BAS","6_9","Regular Season","Markus  Howard",24,14,3,10,30,2,9,22.2,2,2,100,1,0,1,0,1,1,0,2,4,4,-1,"H","W",84,38,28,28,19,8,22,18,13,22,35,7,10,2,20,88,84,38,28,28,19,8,22,18,13,22,35,7,10,2,20,88,0.67,19.1,73.3,-0.03,0,0,31.6,0.11,1.8,35.2,5.24,7.9,3.8,"2023-2024"
"PAR","BAS","6_9","Regular Season","Sander  Raieste",12,5,1,2,50,1,2,50,0,0,NA,1,0,1,0,0,0,0,0,2,0,2,"H","W",84,38,28,28,19,8,22,18,13,22,35,7,10,2,20,88,84,38,28,28,19,8,22,18,13,22,35,7,10,2,20,88,1.25,2.9,172.4,0.01,0,NA,62.5,0,2.9,62.5,0,3,3.8,"2023-2024"
"PAR","BAS","6_9","Regular Season","Tadas  Sedekerskis",31,14,5,7,71.4,0,2,0,4,4,100,1,7,8,3,0,1,0,0,2,4,22,"H","W",84,38,28,28,19,8,22,18,13,22,35,7,10,2,20,88,84,38,28,28,19,8,22,18,13,22,35,7,10,2,20,88,1.08,10.3,135.9,0.14,29.1,3,55.6,0.44,12.8,65.1,9.71,3.4,3.8,"2023-2024"
"PAR","BAS","6_9","Regular Season","Codi  Miller-McIntyre",30,9,2,4,50,0,3,0,5,5,100,2,6,8,8,1,3,0,0,2,5,21,"H","W",84,38,28,28,19,8,22,18,13,22,35,7,10,2,20,88,84,38,28,28,19,8,22,18,13,22,35,7,10,2,20,88,0.75,9.8,91.8,0.12,81.6,2.7,28.6,0.71,10.9,48.9,30.61,3.7,7.7,"2023-2024"
"PAR","BAS","6_9","Regular Season","Matthew  Costello",16,3,0,1,0,1,4,25,0,0,NA,1,2,3,2,0,1,0,0,2,1,2,"H","W",84,38,28,28,19,8,22,18,13,22,35,7,10,2,20,88,84,38,28,28,19,8,22,18,13,22,35,7,10,2,20,88,0.6,4.8,62.5,0,41.7,2,30,0,0.8,30,20.83,3.4,3.8,"2023-2024"
"PAR","BAS","6_9","Regular Season","Christopher  Chiozza",14,0,0,1,0,0,1,0,0,2,0,0,2,2,1,0,1,0,1,2,1,-4,"H","W",84,38,28,28,19,8,22,18,13,22,35,7,10,2,20,88,84,38,28,28,19,8,22,18,13,22,35,7,10,2,20,88,0,3.7,0,-0.03,27,1,0,1,-2.7,0,27.03,2.5,0,"2023-2024"
"PAR","BAS","6_9","Regular Season","Vanja  Marinkovic",30,12,0,1,0,3,5,60,3,3,100,2,0,2,2,0,2,1,2,2,2,10,"H","W",84,38,28,28,19,8,22,18,13,22,35,7,10,2,20,88,84,38,28,28,19,8,22,18,13,22,35,7,10,2,20,88,1.33,7,171.4,0.07,28.6,1,75,0.5,9.7,82,28.57,2.8,7.7,"2023-2024"
"PAR","BAS","6_9","Regular Season","Maik  Kotsar",23,11,4,5,80,0,0,NA,3,3,100,2,2,4,2,1,0,0,1,2,2,16,"H","W",84,38,28,28,19,8,22,18,13,22,35,7,10,2,20,88,84,38,28,28,19,8,22,18,13,22,35,7,10,2,20,88,1.38,4.1,268.3,0.11,48.8,Inf,80,0.6,12.7,87,0,2.5,7.7,"2023-2024"
"PAR","BAS","6_9","Regular Season","Chima  Moneke",20,16,4,7,57.1,1,2,50,5,9,55.6,3,3,6,0,4,1,1,1,2,5,20,"H","W",84,38,28,28,19,8,22,18,13,22,35,7,10,2,20,88,84,38,28,28,19,8,22,18,13,22,35,7,10,2,20,88,0.89,10.5,152.4,0.11,0,0,61.1,1,16,61.7,9.52,6.3,11.5,"2023-2024"
"MAC","RMB","6_1","Regular Season","Alberto   Abalde",17,3,0,1,0,1,3,33.3,0,0,NA,0,2,2,2,0,0,0,0,0,0,4,"A","W",99,43,32,10,28,11,10,29,9,25,34,8,7,4,18,128,99,43,32,10,28,11,10,29,9,25,34,8,7,4,18,128,0.75,3.8,78.9,0.02,52.6,Inf,37.5,0,2.6,37.5,0,2.2,0,"2023-2024"
"MAC","RMB","6_1","Regular Season","Facundo  Campazzo",26,11,2,4,50,2,7,28.6,1,1,100,0,1,1,9,1,1,0,0,2,2,14,"A","W",99,43,32,10,28,11,10,29,9,25,34,8,7,4,18,128,99,43,32,10,28,11,10,29,9,25,34,8,7,4,18,128,0.92,11.9,92.4,0.06,75.6,9,45.5,0.09,10.7,48.1,8.4,4.4,0,"2023-2024"
"MAC","RMB","6_1","Regular Season","Mario  Hezonja",23,16,4,7,57.1,2,6,33.3,2,2,100,0,5,5,1,0,1,0,0,2,2,14,"A","W",99,43,32,10,28,11,10,29,9,25,34,8,7,4,18,128,99,43,32,10,28,11,10,29,9,25,34,8,7,4,18,128,1.07,14.3,111.9,0.06,7,1,53.8,0.15,9.7,57.6,6.99,6,0,"2023-2024"
"MAC","RMB","6_1","Regular Season","Gabriel  Deck",26,10,5,6,83.3,0,2,0,0,0,NA,1,2,3,4,3,1,0,0,2,0,14,"A","W",99,43,32,10,28,11,10,29,9,25,34,8,7,4,18,128,99,43,32,10,28,11,10,29,9,25,34,8,7,4,18,128,1.25,7.7,129.9,0.06,51.9,4,62.5,0,11.7,62.5,12.99,3.2,5.6,"2023-2024"
"MAC","RMB","6_1","Regular Season","Walter  Tavares",20,19,8,11,72.7,0,0,NA,3,3,100,4,4,8,2,0,1,0,1,3,3,24,"A","W",99,43,32,10,28,11,10,29,9,25,34,8,7,4,18,128,99,43,32,10,28,11,10,29,9,25,34,8,7,4,18,128,1.36,8.9,213.5,0.09,22.5,2,72.7,0.27,17.7,77.1,11.24,6.2,22.2,"2023-2024"
"MAC","RMB","6_1","Regular Season","Rudy  Fernandez",15,6,0,0,NA,2,4,50,0,0,NA,0,2,2,1,1,0,0,0,2,1,7,"A","W",99,43,32,10,28,11,10,29,9,25,34,8,7,4,18,128,99,43,32,10,28,11,10,29,9,25,34,8,7,4,18,128,1.5,3.8,157.9,0.03,26.3,Inf,75,0,5.5,75,0,2.5,0,"2023-2024"
"MAC","RMB","6_1","Regular Season","Hugo  Gonzalez",4,2,1,1,100,0,0,NA,0,0,NA,0,0,0,0,0,0,0,0,0,2,4,"A","W",99,43,32,10,28,11,10,29,9,25,34,8,7,4,18,128,99,43,32,10,28,11,10,29,9,25,34,8,7,4,18,128,2,1,200,0.01,0,NA,100,0,1.7,100,0,2.3,0,"2023-2024"
"MAC","RMB","6_1","Regular Season","Sergio  Rodriguez",14,3,0,2,0,1,2,50,0,0,NA,0,0,0,5,0,0,0,0,1,1,5,"A","W",99,43,32,10,28,11,10,29,9,25,34,8,7,4,18,128,99,43,32,10,28,11,10,29,9,25,34,8,7,4,18,128,0.75,3.8,78.9,0.02,131.6,Inf,37.5,0,3.7,37.5,0,2.6,0,"2023-2024"
"MAC","RMB","6_1","Regular Season","Vincent  Poirier",16,8,4,4,100,0,0,NA,0,0,NA,1,4,5,0,0,1,3,0,4,2,13,"A","W",99,43,32,10,28,11,10,29,9,25,34,8,7,4,18,128,99,43,32,10,28,11,10,29,9,25,34,8,7,4,18,128,2,3.8,210.5,0.04,0,0,100,0,8.2,100,26.32,2.9,5.6,"2023-2024"
"MAC","RMB","6_1","Regular Season","Sergio  Llull",4,3,0,0,NA,1,2,50,0,0,NA,0,1,1,0,0,0,0,0,0,0,3,"A","W",99,43,32,10,28,11,10,29,9,25,34,8,7,4,18,128,99,43,32,10,28,11,10,29,9,25,34,8,7,4,18,128,1.5,1.9,157.9,0.01,0,NA,75,0,2.3,75,0,4.6,0,"2023-2024"
"MAC","RMB","6_1","Regular Season","Eli  Ndiaye",13,3,0,1,0,1,2,50,0,0,NA,1,3,4,1,2,0,1,0,1,1,9,"A","W",99,43,32,10,28,11,10,29,9,25,34,8,7,4,18,128,99,43,32,10,28,11,10,29,9,25,34,8,7,4,18,128,1,1.9,157.9,0.03,52.6,Inf,50,0,5.9,50,0,2.1,5.6,"2023-2024"
"MAC","RMB","6_1","Regular Season","Dzanan  Musa",21,15,4,6,66.7,1,4,25,4,4,100,2,1,3,4,1,2,0,0,1,2,17,"A","W",99,43,32,10,28,11,10,29,9,25,34,8,7,4,18,128,99,43,32,10,28,11,10,29,9,25,34,8,7,4,18,128,1.07,11.3,132.7,0.07,35.4,2,55,0.4,13.1,63.8,17.7,6.1,11.1,"2023-2024"
"RMB","MAC","6_1","Regular Season","Lorenzo  Brown",33,16,6,11,54.5,1,3,33.3,1,1,100,0,5,5,9,1,3,0,0,0,3,24,"H","L",70,49,20,18,23,4,12,11,14,21,35,4,14,1,16,57,70,49,20,18,23,4,12,11,14,21,35,4,14,1,16,57,1.07,16.7,95.8,0.3,53.9,3,53.6,0.07,14.8,55.4,17.96,4.7,0,"2023-2024"
"RMB","MAC","6_1","Regular Season","Wade  Baldwin IV",26,7,2,9,22.2,1,4,25,0,0,NA,0,0,0,0,0,5,0,0,2,2,-8,"H","L",70,49,20,18,23,4,12,11,14,21,35,4,14,1,16,57,70,49,20,18,23,4,12,11,14,21,35,4,14,1,16,57,0.54,17.3,40.5,-0.14,0,0,26.9,0,-6.7,26.9,28.9,6.1,0,"2023-2024"
"RMB","MAC","6_1","Regular Season","Jake  Cohen",10,2,1,3,33.3,0,0,NA,0,0,NA,1,1,2,0,0,1,0,2,2,0,-3,"H","L",70,49,20,18,23,4,12,11,14,21,35,4,14,1,16,57,70,49,20,18,23,4,12,11,14,21,35,4,14,1,16,57,0.67,2.9,69,-0.02,0,0,33.3,0,-0.5,33.3,34.48,3.5,3.6,"2023-2024"
"RMB","MAC","6_1","Regular Season","Josh  Nebo",24,14,4,8,50,0,0,NA,6,6,100,6,3,9,0,0,0,1,0,3,3,20,"H","L",70,49,20,18,23,4,12,11,14,21,35,4,14,1,16,57,70,49,20,18,23,4,12,11,14,21,35,4,14,1,16,57,1,4.5,311.1,0.19,0,NA,50,0.75,14.6,65.8,0,3.9,21.4,"2023-2024"
"RMB","MAC","6_1","Regular Season","Bonzie  Colson",24,4,1,3,33.3,0,5,0,2,2,100,0,6,6,0,1,0,0,0,1,1,4,"H","L",70,49,20,18,23,4,12,11,14,21,35,4,14,1,16,57,70,49,20,18,23,4,12,11,14,21,35,4,14,1,16,57,0.4,8.5,47.1,0.04,0,NA,12.5,0.25,1.2,22.5,0,3.3,0,"2023-2024"
"RMB","MAC","6_1","Regular Season","Antonius  Cleveland",19,4,2,3,66.7,0,1,0,0,2,0,0,1,1,0,1,0,0,1,1,1,1,"H","L",70,49,20,18,23,4,12,11,14,21,35,4,14,1,16,57,70,49,20,18,23,4,12,11,14,21,35,4,14,1,16,57,0.67,4.7,85.1,0.01,0,NA,50,0.5,2.1,41,0,2.3,0,"2023-2024"
"RMB","MAC","6_1","Regular Season","James  Webb III",18,5,1,1,100,1,3,33.3,0,0,NA,1,3,4,0,0,1,0,0,2,3,7,"H","L",70,49,20,18,23,4,12,11,14,21,35,4,14,1,16,57,70,49,20,18,23,4,12,11,14,21,35,4,14,1,16,57,1.25,3.8,131.6,0.05,0,0,62.5,0,2.8,62.5,26.32,2.4,3.6,"2023-2024"
"RMB","MAC","6_1","Regular Season","Rafael  Menco",6,0,0,0,NA,0,0,NA,0,0,NA,0,2,2,0,0,0,0,0,1,0,1,"H","L",70,49,20,18,23,4,12,11,14,21,35,4,14,1,16,57,70,49,20,18,23,4,12,11,14,21,35,4,14,1,16,57,NA,0,NA,0.01,NA,NA,NA,NA,0.2,NA,NA,0,0,"2023-2024"
"RMB","MAC","6_1","Regular Season","Roman  Sorkin",7,5,2,6,33.3,0,0,NA,1,2,50,4,0,4,0,1,0,0,1,1,1,4,"H","L",70,49,20,18,23,4,12,11,14,21,35,4,14,1,16,57,70,49,20,18,23,4,12,11,14,21,35,4,14,1,16,57,0.62,2.8,178.6,0.03,0,NA,33.3,0.33,4.6,36.3,0,8.6,14.3,"2023-2024"
"RMB","MAC","6_1","Regular Season","Jasiel  Rivero",16,8,3,4,75,0,1,0,2,5,40,2,0,2,1,0,3,0,0,2,4,5,"H","L",70,49,20,18,23,4,12,11,14,21,35,4,14,1,16,57,70,49,20,18,23,4,12,11,14,21,35,4,14,1,16,57,0.8,7.9,101.3,0,12.7,0.3,60,1,2.8,55.6,37.97,5.6,7.1,"2023-2024"
"RMB","MAC","6_1","Regular Season","Omer  Mayer",3,0,0,0,NA,0,1,0,0,0,NA,0,0,0,0,0,0,0,0,0,0,-1,"H","L",70,49,20,18,23,4,12,11,14,21,35,4,14,1,16,57,70,49,20,18,23,4,12,11,14,21,35,4,14,1,16,57,0,1,0,-0.01,0,NA,0,0,-0.7,0,0,2.9,0,"2023-2024"
"RMB","MAC","6_1","Regular Season","Tamir  Blatt",13,5,1,1,100,1,2,50,0,0,NA,0,0,0,1,0,1,0,0,1,0,3,"H","L",70,49,20,18,23,4,12,11,14,21,35,4,14,1,16,57,70,49,20,18,23,4,12,11,14,21,35,4,14,1,16,57,1.67,3.8,131.6,0.04,26.3,1,83.3,0,3,83.3,26.32,2.7,0,"2023-2024"
"EFE","ZAL","7_1","Regular Season","Keenan  Evans",31,20,4,6,66.7,3,6,50,3,4,75,0,2,2,4,1,1,0,1,3,3,19,"A","L",82,41,31,5,21,12,4,18,8,25,33,7,11,2,22,82,82,41,31,5,21,12,4,18,8,25,33,7,11,2,22,82,1.25,14.2,140.8,0.13,28.2,4,70.8,0.33,16.2,72.7,7.04,4.5,0,"2023-2024"
"EFE","ZAL","7_1","Regular Season","Kevarrius  Hayes",32,13,6,6,100,0,0,NA,1,1,100,1,5,6,0,1,0,2,0,1,1,22,"A","L",82,41,31,5,21,12,4,18,8,25,33,7,11,2,22,82,82,41,31,5,21,12,4,18,8,25,33,7,11,2,22,82,1.86,5.2,250,0.15,0,NA,100,0.17,15.4,100.9,0,1.9,6.2,"2023-2024"
"EFE","ZAL","7_1","Regular Season","Dovydas  Giedraitis",18,3,0,4,0,1,4,25,0,0,NA,0,1,1,0,1,2,0,1,2,1,-6,"A","L",82,41,31,5,21,12,4,18,8,25,33,7,11,2,22,82,82,41,31,5,21,12,4,18,8,25,33,7,11,2,22,82,0.38,9.6,31.2,-0.05,0,0,18.8,0,-3.7,18.8,20.83,5.2,0,"2023-2024"
"EFE","ZAL","7_1","Regular Season","Rolands  Smits",31,16,5,5,100,2,5,40,0,0,NA,2,5,7,3,1,1,0,0,4,2,21,"A","L",82,41,31,5,21,12,4,18,8,25,33,7,11,2,22,82,82,41,31,5,21,12,4,18,8,25,33,7,11,2,22,82,1.6,8.6,186,0.14,34.9,3,80,0,15.2,80,11.63,3.3,12.5,"2023-2024"
"EFE","ZAL","7_1","Regular Season","Edgaras  Ulanovas",34,4,2,6,33.3,0,2,0,0,0,NA,2,4,6,6,0,1,0,0,3,2,8,"A","L",82,41,31,5,21,12,4,18,8,25,33,7,11,2,22,82,82,41,31,5,21,12,4,18,8,25,33,7,11,2,22,82,0.5,6.7,59.7,0.04,89.6,6,25,0,3.8,25,14.93,2.5,12.5,"2023-2024"
"EFE","ZAL","7_1","Regular Season","Naz  Mitrou-Long",5,0,0,0,NA,0,1,0,0,0,NA,0,1,1,1,0,0,0,0,0,0,1,"A","L",82,41,31,5,21,12,4,18,8,25,33,7,11,2,22,82,82,41,31,5,21,12,4,18,8,25,33,7,11,2,22,82,0,1,0,0.01,100,Inf,0,0,0.3,0,0,1.9,0,"2023-2024"
"EFE","ZAL","7_1","Regular Season","Lukas  Lekavicius",5,0,0,0,NA,0,1,0,0,0,NA,0,0,0,0,0,0,0,0,1,1,-1,"A","L",82,41,31,5,21,12,4,18,8,25,33,7,11,2,22,82,82,41,31,5,21,12,4,18,8,25,33,7,11,2,22,82,0,1,0,-0.02,0,NA,0,0,-1.1,0,0,1.9,0,"2023-2024"
"EFE","ZAL","7_1","Regular Season","Laurynas  Birutis",8,2,1,3,33.3,0,0,NA,0,0,NA,1,2,3,1,0,3,0,0,0,1,2,"A","L",82,41,31,5,21,12,4,18,8,25,33,7,11,2,22,82,82,41,31,5,21,12,4,18,8,25,33,7,11,2,22,82,0.67,4.8,41.7,0,20.8,0.3,33.3,0,-0.7,33.3,62.5,7,6.2,"2023-2024"
"EFE","ZAL","7_1","Regular Season","Tomas  Dimsa",27,15,3,7,42.9,3,5,60,0,0,NA,1,4,5,1,1,1,0,2,3,3,13,"A","L",82,41,31,5,21,12,4,18,8,25,33,7,11,2,22,82,82,41,31,5,21,12,4,18,8,25,33,7,11,2,22,82,1.25,11.5,130.4,0.09,8.7,1,62.5,0,10.4,62.5,8.7,4.5,6.2,"2023-2024"
"EFE","ZAL","7_1","Regular Season","Brady   Manek",17,6,0,3,0,2,5,40,0,0,NA,0,1,1,2,2,0,0,0,2,2,5,"A","L",82,41,31,5,21,12,4,18,8,25,33,7,11,2,22,82,82,41,31,5,21,12,4,18,8,25,33,7,11,2,22,82,0.75,7.7,77.9,0.02,26,Inf,37.5,0,4.1,37.5,0,4.4,0,"2023-2024"
"EFE","ZAL","7_1","Regular Season","Arnas  Butkevicius",17,3,0,1,0,1,2,50,0,0,NA,1,0,1,0,0,2,0,0,3,1,-2,"A","L",82,41,31,5,21,12,4,18,8,25,33,7,11,2,22,82,82,41,31,5,21,12,4,18,8,25,33,7,11,2,22,82,1,3.8,78.9,-0.03,0,0,50,0,-1.2,50,52.63,2.8,6.2,"2023-2024"
"ZAL","EFE","7_1","Regular Season","Shane  Larkin",34,14,2,7,28.6,2,6,33.3,4,4,100,0,1,1,5,1,2,0,1,1,4,12,"H","W",86,41,25,17,21,10,14,13,8,27,35,7,11,4,17,99,86,41,25,17,21,10,14,13,8,27,35,7,11,4,17,99,0.82,16.1,87,0.06,31.1,2.5,38.5,0.31,8.9,47.4,12.42,4.7,0,"2023-2024"
"ZAL","EFE","7_1","Regular Season","Darius  Thompson",34,17,3,6,50,2,3,66.7,5,6,83.3,0,2,2,5,1,1,0,0,5,3,17,"H","W",86,41,25,17,21,10,14,13,8,27,35,7,11,4,17,99,86,41,25,17,21,10,14,13,8,27,35,7,11,4,17,99,1.13,12.1,140.5,0.1,41.3,5,66.7,0.67,14.4,73,8.26,3.5,0,"2023-2024"
"ZAL","EFE","7_1","Regular Season","Erkan  Yilmaz",4,2,1,1,100,0,1,0,0,0,NA,1,2,3,0,0,1,0,0,2,1,2,"H","W",86,41,25,17,21,10,14,13,8,27,35,7,11,4,17,99,86,41,25,17,21,10,14,13,8,27,35,7,11,4,17,99,1,1.9,105.3,0,0,0,50,0,0.5,50,52.63,7.1,6.2,"2023-2024"
"ZAL","EFE","7_1","Regular Season","Derek  Willis",40,11,0,2,0,3,6,50,2,2,100,1,9,10,0,1,0,2,1,2,3,19,"H","W",86,41,25,17,21,10,14,13,8,27,35,7,11,4,17,99,86,41,25,17,21,10,14,13,8,27,35,7,11,4,17,99,1.1,7.6,144.7,0.11,0,NA,56.2,0.25,11.6,61.9,0,2.1,6.2,"2023-2024"
"ZAL","EFE","7_1","Regular Season","Ante  Zizic",23,6,3,5,60,0,0,NA,0,0,NA,1,3,4,1,0,2,1,0,1,2,9,"H","W",86,41,25,17,21,10,14,13,8,27,35,7,11,4,17,99,86,41,25,17,21,10,14,13,8,27,35,7,11,4,17,99,1.2,5.8,103.4,0.04,17.2,0.5,60,0,4.3,60,34.48,2.9,6.2,"2023-2024"
"ZAL","EFE","7_1","Regular Season","Rodrigue  Beaubois",24,5,1,1,100,1,5,20,0,0,NA,0,2,2,0,0,3,0,0,1,0,-1,"H","W",86,41,25,17,21,10,14,13,8,27,35,7,11,4,17,99,86,41,25,17,21,10,14,13,8,27,35,7,11,4,17,99,0.83,8.6,58.1,-0.01,0,0,41.7,0,-1.2,41.7,34.88,3.6,0,"2023-2024"
"ZAL","EFE","7_1","Regular Season","Will  Clyburn",40,20,6,10,60,2,4,50,2,4,50,0,7,7,2,2,0,0,0,2,7,28,"H","W",86,41,25,17,21,10,14,13,8,27,35,7,11,4,17,99,86,41,25,17,21,10,14,13,8,27,35,7,11,4,17,99,1.11,15.1,132.5,0.14,13.2,Inf,64.3,0.29,17.3,63.5,0,3.7,0,"2023-2024"
"ZAL","EFE","7_1","Regular Season","Justus  Hollatz",0,0,0,0,NA,0,0,NA,0,0,NA,0,0,0,0,0,0,0,0,0,0,0,"H","W",86,41,25,17,21,10,14,13,8,27,35,7,11,4,17,99,86,41,25,17,21,10,14,13,8,27,35,7,11,4,17,99,NA,0,NA,0,NA,NA,NA,NA,0,NA,NA,NA,0,"2023-2024"
"ZAL","EFE","7_1","Regular Season","Ercan  Osmani",3,0,0,0,NA,0,0,NA,0,0,NA,0,0,0,0,1,1,0,0,1,0,-1,"H","W",86,41,25,17,21,10,14,13,8,27,35,7,11,4,17,99,86,41,25,17,21,10,14,13,8,27,35,7,11,4,17,99,NA,1,0,-0.01,0,0,NA,NA,-0.4,NA,100,3.2,0,"2023-2024"
"ZAL","EFE","7_1","Regular Season","Tyrique  Jones",22,11,5,9,55.6,0,0,NA,1,1,100,5,1,6,0,1,1,1,0,2,2,14,"H","W",86,41,25,17,21,10,14,13,8,27,35,7,11,4,17,99,86,41,25,17,21,10,14,13,8,27,35,7,11,4,17,99,1.1,5.2,211.5,0.06,0,0,55.6,0.11,10.4,58.3,19.23,4.5,31.2,"2023-2024"
"BAY","MAC","7_2","Regular Season","Lorenzo  Brown",30,13,4,7,57.1,1,2,50,2,2,100,0,0,0,7,3,1,1,0,1,1,19,"H","W",93,34,26,25,20,10,23,20,6,12,18,12,17,2,21,97,93,34,26,25,20,10,23,20,6,12,18,12,17,2,21,97,1.18,10.4,125,0.12,67.3,7,61.1,0.22,15.9,65.8,9.62,3.3,0,"2023-2024"
"BAY","MAC","7_2","Regular Season","Wade  Baldwin IV",25,12,3,6,50,1,3,33.3,3,4,75,0,2,2,3,2,6,0,0,0,7,14,"H","W",93,34,26,25,20,10,23,20,6,12,18,12,17,2,21,97,93,34,26,25,20,10,23,20,6,12,18,12,17,2,21,97,0.92,16.1,74.5,0.05,18.6,0.5,50,0.44,5.6,55.8,37.27,6.1,0,"2023-2024"
"BAY","MAC","7_2","Regular Season","Jake  Cohen",9,5,1,1,100,1,4,25,0,0,NA,0,0,0,0,0,0,0,0,4,1,-1,"H","W",93,34,26,25,20,10,23,20,6,12,18,12,17,2,21,97,93,34,26,25,20,10,23,20,6,12,18,12,17,2,21,97,1,4.8,104.2,-0.01,0,NA,50,0,0.7,50,0,5.1,0,"2023-2024"
"BAY","MAC","7_2","Regular Season","Josh  Nebo",27,7,2,4,50,0,0,NA,3,4,75,2,4,6,1,2,1,0,1,2,2,11,"H","W",93,34,26,25,20,10,23,20,6,12,18,12,17,2,21,97,93,34,26,25,20,10,23,20,6,12,18,12,17,2,21,97,0.88,4.6,152.2,0.06,21.7,1,50,1,8.1,60.8,21.74,2.3,16.7,"2023-2024"
"BAY","MAC","7_2","Regular Season","Bonzie  Colson",33,19,4,7,57.1,2,4,50,5,5,100,2,3,5,1,2,1,0,0,3,4,22,"H","W",93,34,26,25,20,10,23,20,6,12,18,12,17,2,21,97,93,34,26,25,20,10,23,20,6,12,18,12,17,2,21,97,1.19,11.7,162.4,0.12,8.5,1,63.6,0.45,16.5,72,8.55,3.9,16.7,"2023-2024"
"BAY","MAC","7_2","Regular Season","Antonius  Cleveland",10,4,1,1,100,0,2,0,2,2,100,0,0,0,0,2,1,0,0,3,1,1,"H","W",93,34,26,25,20,10,23,20,6,12,18,12,17,2,21,97,93,34,26,25,20,10,23,20,6,12,18,12,17,2,21,97,0.8,4.7,85.1,0,0,0,33.3,0.67,2.1,51.5,21.28,4.4,0,"2023-2024"
"BAY","MAC","7_2","Regular Season","James  Webb III",14,8,1,1,100,2,5,40,0,0,NA,0,2,2,0,0,2,0,0,3,1,3,"H","W",93,34,26,25,20,10,23,20,6,12,18,12,17,2,21,97,93,34,26,25,20,10,23,20,6,12,18,12,17,2,21,97,1.33,7.7,103.9,0.01,0,0,66.7,0,2.4,66.7,25.97,5.2,0,"2023-2024"
"BAY","MAC","7_2","Regular Season","Roman  Sorkin",10,2,1,3,33.3,0,0,NA,0,0,NA,0,0,0,1,0,1,0,0,1,0,-1,"H","W",93,34,26,25,20,10,23,20,6,12,18,12,17,2,21,97,93,34,26,25,20,10,23,20,6,12,18,12,17,2,21,97,0.67,3.8,52.6,-0.01,26.3,1,33.3,0,-0.4,33.3,26.32,3.6,0,"2023-2024"
"BAY","MAC","7_2","Regular Season","John  Dibartolomeo",11,0,0,0,NA,0,2,0,0,0,NA,1,0,1,1,1,0,0,0,1,1,1,"H","W",93,34,26,25,20,10,23,20,6,12,18,12,17,2,21,97,93,34,26,25,20,10,23,20,6,12,18,12,17,2,21,97,0,1,0,0,100,Inf,0,0,0.6,0,0,1.7,8.3,"2023-2024"
"BAY","MAC","7_2","Regular Season","Jasiel  Rivero",13,12,3,4,75,0,0,NA,6,6,100,1,1,2,1,0,2,1,0,2,4,15,"H","W",93,34,26,25,20,10,23,20,6,12,18,12,17,2,21,97,93,34,26,25,20,10,23,20,6,12,18,12,17,2,21,97,1.2,7.3,164.4,0.07,13.7,0.5,75,1.5,10,90.4,27.4,6,8.3,"2023-2024"
"BAY","MAC","7_2","Regular Season","Tamir  Blatt",16,11,0,0,NA,3,4,75,2,2,100,0,0,0,5,0,2,0,0,1,1,13,"H","W",93,34,26,25,20,10,23,20,6,12,18,12,17,2,21,97,93,34,26,25,20,10,23,20,6,12,18,12,17,2,21,97,1.83,6.6,166.7,0.08,75.8,2.5,112.5,0.5,10.5,112.7,30.3,3.9,0,"2023-2024"
"MAC","BAY","7_2","Regular Season","Nick  Weiler-Babb",23,5,1,1,100,1,2,50,0,0,NA,0,2,2,1,1,2,0,0,1,0,5,"A","L",90,37,22,14,27,9,9,14,5,19,24,5,21,1,23,81,90,37,22,14,27,9,9,14,5,19,24,5,21,1,23,81,1.67,4.8,104.2,0.04,20.8,0.5,83.3,0,3.6,83.3,41.67,2,0,"2023-2024"
"MAC","BAY","7_2","Regular Season","Isaac  Bonga",23,8,2,4,50,1,1,100,1,2,50,1,3,4,2,2,3,0,0,4,4,10,"A","L",90,37,22,14,27,9,9,14,5,19,24,5,21,1,23,81,90,37,22,14,27,9,9,14,5,19,24,5,21,1,23,81,1.14,7.6,105.3,0.05,26.3,0.7,70,0.4,5.7,68,39.47,3.6,10,"2023-2024"
"MAC","BAY","7_2","Regular Season","Andreas  Obst",24,7,1,2,50,1,5,20,2,2,100,0,1,1,0,0,2,0,0,2,2,1,"A","L",90,37,22,14,27,9,9,14,5,19,24,5,21,1,23,81,90,37,22,14,27,9,9,14,5,19,24,5,21,1,23,81,0.78,9.5,73.7,-0.01,0,0,35.7,0.29,0.4,44.4,21.05,3.8,0,"2023-2024"
"MAC","BAY","7_2","Regular Season","Serge  Ibaka",24,16,7,7,100,0,0,NA,2,4,50,2,2,4,1,0,2,0,0,3,2,16,"A","L",90,37,22,14,27,9,9,14,5,19,24,5,21,1,23,81,90,37,22,14,27,9,9,14,5,19,24,5,21,1,23,81,1.45,8.4,190.5,0.11,11.9,0.5,100,0.57,12.6,91.3,23.81,4.2,20,"2023-2024"
"MAC","BAY","7_2","Regular Season","Devin   Booker",27,11,5,8,62.5,0,0,NA,1,2,50,0,3,3,0,0,3,1,0,5,5,8,"A","L",90,37,22,14,27,9,9,14,5,19,24,5,21,1,23,81,90,37,22,14,27,9,9,14,5,19,24,5,21,1,23,81,1.1,11.4,96.5,0.02,0,0,62.5,0.25,3.6,61.9,26.32,4.1,0,"2023-2024"
"MAC","BAY","7_2","Regular Season","Sylvain  Francisco",13,7,1,3,33.3,1,3,33.3,2,2,100,0,2,2,3,0,1,0,1,0,3,9,"A","L",90,37,22,14,27,9,9,14,5,19,24,5,21,1,23,81,90,37,22,14,27,9,9,14,5,19,24,5,21,1,23,81,0.88,7.6,92.1,0.06,39.5,3,41.7,0.33,5.3,50.9,13.16,5.6,0,"2023-2024"
"MAC","BAY","7_2","Regular Season","Carsen  Edwards",18,17,4,5,80,3,8,37.5,0,0,NA,0,2,2,2,0,2,0,1,0,1,13,"A","L",90,37,22,14,27,9,9,14,5,19,24,5,21,1,23,81,90,37,22,14,27,9,9,14,5,19,24,5,21,1,23,81,1.31,14.4,118.1,0.11,13.9,1,65.4,0,10.7,65.4,13.89,7.7,0,"2023-2024"
"MAC","BAY","7_2","Regular Season","Niels  Giffey",13,4,0,0,NA,1,2,50,1,2,50,0,1,1,0,1,0,0,0,0,2,6,"A","L",90,37,22,14,27,9,9,14,5,19,24,5,21,1,23,81,90,37,22,14,27,9,9,14,5,19,24,5,21,1,23,81,1,2.8,142.9,0.03,0,NA,75,1,3.9,69.4,0,2.1,0,"2023-2024"
"MAC","BAY","7_2","Regular Season","Leandro  Bolmaro",16,12,6,7,85.7,0,0,NA,0,0,NA,0,0,0,5,1,5,0,0,2,1,11,"A","L",90,37,22,14,27,9,9,14,5,19,24,5,21,1,23,81,90,37,22,14,27,9,9,14,5,19,24,5,21,1,23,81,1.71,11.5,104.3,0.08,43.5,1,85.7,0,8.2,85.7,43.48,7,0,"2023-2024"
"MAC","BAY","7_2","Regular Season","Elias  Harris",4,0,0,0,NA,0,0,NA,0,0,NA,0,0,0,0,0,0,0,0,0,0,0,"A","L",90,37,22,14,27,9,9,14,5,19,24,5,21,1,23,81,90,37,22,14,27,9,9,14,5,19,24,5,21,1,23,81,NA,0,NA,0,NA,NA,NA,NA,0,NA,NA,0,0,"2023-2024"
"MAC","BAY","7_2","Regular Season","Danko   Brankovic",9,3,0,0,NA,1,1,100,0,0,NA,2,2,4,0,0,1,0,0,4,0,2,"A","L",90,37,22,14,27,9,9,14,5,19,24,5,21,1,23,81,90,37,22,14,27,9,9,14,5,19,24,5,21,1,23,81,3,0,Inf,0.01,NA,0,150,0,2.1,150,Inf,2.1,20,"2023-2024"
"MAC","BAY","7_2","Regular Season","Freddie  Gillespie",4,0,0,0,NA,0,0,NA,0,0,NA,0,1,1,0,0,0,0,0,2,1,0,"A","L",90,37,22,14,27,9,9,14,5,19,24,5,21,1,23,81,90,37,22,14,27,9,9,14,5,19,24,5,21,1,23,81,NA,0,NA,-0.01,NA,NA,NA,NA,-0.5,NA,NA,0,0,"2023-2024"
"MIL","VAL","7_3","Regular Season","Xabi  Lopez-Arostegui",24,6,0,1,0,2,4,50,0,0,NA,0,4,4,1,1,1,0,0,2,1,7,"A","L",52,32,24,16,9,7,13,14,8,25,33,7,19,1,19,37,52,32,24,16,9,7,13,14,8,25,33,7,19,1,19,37,1.2,5.8,103.4,0.14,17.2,1,60,0,4.4,60,17.24,2.4,0,"2023-2024"
"MIL","VAL","7_3","Regular Season","Damien  Inglis",17,6,2,5,40,0,0,NA,2,3,66.7,2,2,4,4,2,1,0,1,2,4,12,"A","L",52,32,24,16,9,7,13,14,8,25,33,7,19,1,19,37,52,32,24,16,9,7,13,14,8,25,33,7,19,1,19,37,0.75,5.1,117.6,0.19,78.4,4,40,0.6,7.9,47.5,19.61,4.2,12.5,"2023-2024"
"MIL","VAL","7_3","Regular Season","Stefan  Jovic",4,2,1,1,100,0,0,NA,0,0,NA,0,0,0,1,0,0,0,0,0,0,3,"A","L",52,32,24,16,9,7,13,14,8,25,33,7,19,1,19,37,52,32,24,16,9,7,13,14,8,25,33,7,19,1,19,37,2,1,200,0.07,100,Inf,100,0,2.4,100,0,2.4,0,"2023-2024"
"MIL","VAL","7_3","Regular Season","Brandon  Davies",25,9,3,8,37.5,0,2,0,3,4,75,2,5,7,1,1,5,0,1,1,4,7,"A","L",52,32,24,16,9,7,13,14,8,25,33,7,19,1,19,37,52,32,24,16,9,7,13,14,8,25,33,7,19,1,19,37,0.64,14.2,63.4,0.07,7,0.2,30,0.4,2,38.3,35.21,6.5,12.5,"2023-2024"
"MIL","VAL","7_3","Regular Season","Semi  Ojeleye",18,5,0,3,0,1,2,50,2,2,100,0,1,1,0,0,1,0,1,0,1,1,"A","L",52,32,24,16,9,7,13,14,8,25,33,7,19,1,19,37,52,32,24,16,9,7,13,14,8,25,33,7,19,1,19,37,0.71,6.6,75.8,0.02,0,0,30,0.4,1.2,42.5,15.15,3.7,0,"2023-2024"
"MIL","VAL","7_3","Regular Season","Jared  Harper",21,10,1,4,25,2,4,50,2,2,100,0,1,1,1,0,3,0,0,1,3,6,"A","L",52,32,24,16,9,7,13,14,8,25,33,7,19,1,19,37,52,32,24,16,9,7,13,14,8,25,33,7,19,1,19,37,1,11.4,87.7,0.07,8.8,0.3,50,0.25,3.2,56.3,26.32,5.5,0,"2023-2024"
"MIL","VAL","7_3","Regular Season","Victor  Claver",9,0,0,2,0,0,1,0,0,0,NA,0,1,1,2,1,1,0,1,2,0,-3,"A","L",52,32,24,16,9,7,13,14,8,25,33,7,19,1,19,37,52,32,24,16,9,7,13,14,8,25,33,7,19,1,19,37,0,3.8,0,-0.05,52.6,2,0,0,-1.2,0,26.32,4.3,0,"2023-2024"
"MIL","VAL","7_3","Regular Season","Josep  Puerto",21,2,1,4,25,0,4,0,0,0,NA,1,5,6,1,0,0,0,1,2,0,-1,"A","L",52,32,24,16,9,7,13,14,8,25,33,7,19,1,19,37,52,32,24,16,9,7,13,14,8,25,33,7,19,1,19,37,0.25,6.7,29.9,-0.01,14.9,Inf,12.5,0,-1.1,12.5,0,3.7,6.2,"2023-2024"
"MIL","VAL","7_3","Regular Season","Nate  Reuvers",18,8,1,4,25,2,3,66.7,0,0,NA,3,3,6,0,0,2,1,0,4,1,6,"A","L",52,32,24,16,9,7,13,14,8,25,33,7,19,1,19,37,52,32,24,16,9,7,13,14,8,25,33,7,19,1,19,37,1.14,5.8,137.9,0.07,0,0,57.1,0,4.4,57.1,34.48,4.9,18.8,"2023-2024"
"MIL","VAL","7_3","Regular Season","Jaime  Pradilla",11,1,0,0,NA,0,0,NA,1,2,50,0,0,0,0,2,1,0,0,0,1,2,"A","L",52,32,24,16,9,7,13,14,8,25,33,7,19,1,19,37,52,32,24,16,9,7,13,14,8,25,33,7,19,1,19,37,0.5,1.8,55.6,0.02,0,0,NA,Inf,1.6,56.8,55.56,1.7,0,"2023-2024"
"MIL","VAL","7_3","Regular Season","Guillem  Ferrando",18,3,0,0,NA,0,3,0,3,3,100,0,2,2,1,0,2,0,0,0,1,2,"A","L",52,32,24,16,9,7,13,14,8,25,33,7,19,1,19,37,52,32,24,16,9,7,13,14,8,25,33,7,19,1,19,37,0.5,6.1,49.2,0.02,16.4,0.5,0,1,0.2,34.7,32.79,3.4,0,"2023-2024"
"MIL","VAL","7_3","Regular Season","Kassius  Robertson",13,0,0,0,NA,0,1,0,0,0,NA,0,1,1,2,0,2,0,0,5,0,-5,"A","L",52,32,24,16,9,7,13,14,8,25,33,7,19,1,19,37,52,32,24,16,9,7,13,14,8,25,33,7,19,1,19,37,0,2.9,0,-0.12,69,1,0,0,-3,0,68.97,2.3,0,"2023-2024"
"VAL","MIL","7_3","Regular Season","Maodo  Lo",23,10,2,3,66.7,2,4,50,0,0,NA,0,2,2,6,3,2,0,0,2,2,16,"H","W",83,34,31,13,19,12,9,17,9,28,37,12,12,5,16,106,83,34,31,13,19,12,9,17,9,28,37,12,12,5,16,106,1.43,8.6,116.3,0.09,69.8,3,71.4,0,11.7,71.4,23.26,3.8,0,"2023-2024"
"VAL","MIL","7_3","Regular Season","Alex  Poythress",22,8,4,6,66.7,0,0,NA,0,1,0,3,4,7,1,0,1,1,0,4,2,11,"H","W",83,34,31,13,19,12,9,17,9,28,37,12,12,5,16,106,83,34,31,13,19,12,9,17,9,28,37,12,12,5,16,106,1.14,4.3,186,0.04,23.3,1,66.7,0.17,7.1,62.1,23.26,3.3,16.7,"2023-2024"
"VAL","MIL","7_3","Regular Season","Nicolo  Melli",20,3,1,2,50,0,2,0,1,2,50,1,4,5,0,2,2,1,0,1,1,5,"H","W",83,34,31,13,19,12,9,17,9,28,37,12,12,5,16,106,83,34,31,13,19,12,9,17,9,28,37,12,12,5,16,106,0.5,5.6,53.6,0.02,0,0,25,0.5,2.4,30.7,35.71,3.3,5.6,"2023-2024"
"VAL","MIL","7_3","Regular Season","Shavon  Shields",19,0,0,2,0,0,5,0,0,0,NA,0,2,2,1,0,1,1,0,1,1,-4,"H","W",83,34,31,13,19,12,9,17,9,28,37,12,12,5,16,106,83,34,31,13,19,12,9,17,9,28,37,12,12,5,16,106,0,7.7,0,-0.03,13,1,0,0,-4.3,0,12.99,4.1,0,"2023-2024"
"VAL","MIL","7_3","Regular Season","Nikola  Mirotic",21,19,5,6,83.3,3,6,50,0,0,NA,3,4,7,1,1,3,1,0,1,2,23,"H","W",83,34,31,13,19,12,9,17,9,28,37,12,12,5,16,106,83,34,31,13,19,12,9,17,9,28,37,12,12,5,16,106,1.58,11.5,165.2,0.12,8.7,0.3,79.2,0,16.1,79.2,26.09,6.9,16.7,"2023-2024"
"VAL","MIL","7_3","Regular Season","Giordano  Bortolani",6,5,0,0,NA,1,2,50,2,2,100,0,0,0,0,1,1,0,0,0,2,6,"H","W",83,34,31,13,19,12,9,17,9,28,37,12,12,5,16,106,83,34,31,13,19,12,9,17,9,28,37,12,12,5,16,106,1.25,3.7,135.1,0.02,0,0,75,1,4,86.8,27.03,6.3,0,"2023-2024"
"VAL","MIL","7_3","Regular Season","Stefano  Tonut",15,6,0,1,0,2,5,40,0,0,NA,0,3,3,1,1,0,0,0,1,1,7,"H","W",83,34,31,13,19,12,9,17,9,28,37,12,12,5,16,106,83,34,31,13,19,12,9,17,9,28,37,12,12,5,16,106,1,5.8,103.4,0.04,17.2,Inf,50,0,4.8,50,0,3.9,0,"2023-2024"
"VAL","MIL","7_3","Regular Season","Giampaolo  Ricci",8,3,0,0,NA,1,2,50,0,0,NA,0,0,0,0,1,0,0,0,0,0,3,"H","W",83,34,31,13,19,12,9,17,9,28,37,12,12,5,16,106,83,34,31,13,19,12,9,17,9,28,37,12,12,5,16,106,1.5,1.9,157.9,0.02,0,NA,75,0,3,75,0,2.4,0,"2023-2024"
"VAL","MIL","7_3","Regular Season","Diego  Flaccadori",17,7,1,3,33.3,1,2,50,2,2,100,0,0,0,2,2,0,0,0,2,2,8,"H","W",83,34,31,13,19,12,9,17,9,28,37,12,12,5,16,106,83,34,31,13,19,12,9,17,9,28,37,12,12,5,16,106,1,5.6,125,0.04,35.7,Inf,50,0.4,6.9,59.5,0,3.3,0,"2023-2024"
"VAL","MIL","7_3","Regular Season","Devon  Hall",19,7,2,4,50,1,1,100,0,0,NA,0,3,3,1,0,0,0,0,1,0,8,"H","W",83,34,31,13,19,12,9,17,9,28,37,12,12,5,16,106,83,34,31,13,19,12,9,17,9,28,37,12,12,5,16,106,1.4,4.8,145.8,0.05,20.8,Inf,70,0,5.9,70,0,2.5,0,"2023-2024"
"VAL","MIL","7_3","Regular Season","Kyle  Hines",14,6,2,4,50,0,0,NA,2,4,50,0,4,4,1,0,1,1,1,2,4,8,"H","W",83,34,31,13,19,12,9,17,9,28,37,12,12,5,16,106,83,34,31,13,19,12,9,17,9,28,37,12,12,5,16,106,0.75,6.5,92.3,0.03,15.4,1,50,1,4,52.1,15.38,4.7,0,"2023-2024"
"VAL","MIL","7_3","Regular Season","Johannes  Voigtmann",16,9,2,3,66.7,1,2,50,2,2,100,2,2,4,3,1,1,0,0,1,2,15,"H","W",83,34,31,13,19,12,9,17,9,28,37,12,12,5,16,106,83,34,31,13,19,12,9,17,9,28,37,12,12,5,16,106,1.29,4.7,191.5,0.07,63.8,3,70,0.4,10.4,76.5,21.28,4.2,11.1,"2023-2024"
"BAS","OLY","7_4","Regular Season","Thomas  Walkup",16,0,0,0,NA,0,3,0,0,0,NA,0,2,2,5,0,2,0,0,4,0,-2,"H","L",74,27,29,10,15,12,8,20,5,20,25,5,12,4,17,78,74,27,29,10,15,12,8,20,5,20,25,5,12,4,17,78,0,4.8,0,-0.02,104.2,2.5,0,0,-1.6,0,41.67,3.5,0,"2023-2024"
"BAS","OLY","7_4","Regular Season","Isaiah  Canaan",32,23,4,6,66.7,5,8,62.5,0,0,NA,0,1,1,1,3,2,0,1,1,2,21,"H","L",74,27,29,10,15,12,8,20,5,20,25,5,12,4,17,78,74,27,29,10,15,12,8,20,5,20,25,5,12,4,17,78,1.64,15.4,149.4,0.16,6.5,0.5,82.1,0,18.4,82.1,12.99,5.5,0,"2023-2024"
"BAS","OLY","7_4","Regular Season","Moustapha  Fall",37,10,4,6,66.7,0,0,NA,2,4,50,0,7,7,7,0,3,3,0,1,5,24,"H","L",74,27,29,10,15,12,8,20,5,20,25,5,12,4,17,78,74,27,29,10,15,12,8,20,5,20,25,5,12,4,17,78,1,10.3,97.1,0.14,68,2.3,66.7,0.67,12.3,64.4,29.13,3.2,0,"2023-2024"
"BAS","OLY","7_4","Regular Season","Kostas  Papanikolaou",29,6,0,0,NA,2,5,40,0,0,NA,0,3,3,4,0,2,1,0,1,0,8,"H","L",74,27,29,10,15,12,8,20,5,20,25,5,12,4,17,78,74,27,29,10,15,12,8,20,5,20,25,5,12,4,17,78,1.2,6.7,89.6,0.06,59.7,2,60,0,5.3,60,29.85,2.7,0,"2023-2024"
"BAS","OLY","7_4","Regular Season","Alec  Peters",32,22,3,5,60,4,6,66.7,4,4,100,4,4,8,0,0,0,0,0,4,2,24,"H","L",74,27,29,10,15,12,8,20,5,20,25,5,12,4,17,78,74,27,29,10,15,12,8,20,5,20,25,5,12,4,17,78,1.47,8.4,261.9,0.16,0,NA,81.8,0.36,19.5,86.2,0,4.4,40,"2023-2024"
"BAS","OLY","7_4","Regular Season","Nigel  Williams-Goss",23,4,2,3,66.7,0,4,0,0,0,NA,0,2,2,3,1,1,0,0,2,2,4,"H","L",74,27,29,10,15,12,8,20,5,20,25,5,12,4,17,78,74,27,29,10,15,12,8,20,5,20,25,5,12,4,17,78,0.57,7.7,51.9,0.02,39,3,28.6,0,1.8,28.6,12.99,3.8,0,"2023-2024"
"BAS","OLY","7_4","Regular Season","Michalis  Lountzis",3,0,0,1,0,0,0,NA,0,0,NA,0,0,0,0,0,0,0,0,1,0,-2,"H","L",74,27,29,10,15,12,8,20,5,20,25,5,12,4,17,78,74,27,29,10,15,12,8,20,5,20,25,5,12,4,17,78,0,1,0,-0.02,0,NA,0,0,-1.1,0,0,3.7,0,"2023-2024"
"BAS","OLY","7_4","Regular Season","Giannoulis  Larentzakis",16,7,1,2,50,1,2,50,2,2,100,0,0,0,0,1,1,0,0,1,1,5,"H","L",74,27,29,10,15,12,8,20,5,20,25,5,12,4,17,78,74,27,29,10,15,12,8,20,5,20,25,5,12,4,17,78,1.17,5.6,125,0.03,0,0,62.5,0.5,4.6,71.7,17.86,4.1,0,"2023-2024"
"BAS","OLY","7_4","Regular Season","Ignas  Brazdeikis",9,2,1,2,50,0,1,0,0,0,NA,1,1,2,0,0,0,0,1,1,0,0,"H","L",74,27,29,10,15,12,8,20,5,20,25,5,12,4,17,78,74,27,29,10,15,12,8,20,5,20,25,5,12,4,17,78,0.67,1.9,105.3,0,0,NA,33.3,0,0.9,33.3,0,3.7,10,"2023-2024"
"BAS","OLY","7_4","Regular Season","Nikola  Milutinov",3,0,0,2,0,0,0,NA,0,0,NA,0,0,0,0,0,1,0,0,1,0,-4,"H","L",74,27,29,10,15,12,8,20,5,20,25,5,12,4,17,78,74,27,29,10,15,12,8,20,5,20,25,5,12,4,17,78,0,2.9,0,-0.03,0,0,0,0,-2.8,0,34.48,11,0,"2023-2024"
"OLY","BAS","7_4","Regular Season","Markus  Howard",24,11,0,4,0,2,6,33.3,5,7,71.4,1,2,3,2,0,2,0,0,1,5,8,"A","W",75,33,28,12,19,9,10,18,8,22,30,6,12,2,12,85,75,33,28,12,19,9,10,18,8,22,30,6,12,2,12,85,0.65,13.5,81.5,0.02,14.8,1,30,0.7,4.3,42,14.81,6.4,6.2,"2023-2024"
"OLY","BAS","7_4","Regular Season","Sander  Raieste",12,2,1,1,100,0,0,NA,0,0,NA,0,1,1,2,0,0,0,0,1,1,5,"A","W",75,33,28,12,19,9,10,18,8,22,30,6,12,2,12,85,75,33,28,12,19,9,10,18,8,22,30,6,12,2,12,85,2,1,200,0.03,200,Inf,100,0,3,100,0,0.9,0,"2023-2024"
"OLY","BAS","7_4","Regular Season","Tadas  Sedekerskis",35,12,3,4,75,1,2,50,3,3,100,1,12,13,3,1,3,1,0,2,4,27,"A","W",75,33,28,12,19,9,10,18,8,22,30,6,12,2,12,85,75,33,28,12,19,9,10,18,8,22,30,6,12,2,12,85,1.33,8.9,134.8,0.16,33.7,1,75,0.5,13.7,82,33.71,3,6.2,"2023-2024"
"OLY","BAS","7_4","Regular Season","Codi  Miller-McIntyre",22,4,2,4,50,0,1,0,0,0,NA,0,1,1,2,2,3,0,0,1,0,2,"A","W",75,33,28,12,19,9,10,18,8,22,30,6,12,2,12,85,75,33,28,12,19,9,10,18,8,22,30,6,12,2,12,85,0.8,7.7,51.9,0.01,26,0.7,40,0,1.6,40,38.96,3.7,0,"2023-2024"
"OLY","BAS","7_4","Regular Season","Matthew  Costello",23,7,2,5,40,1,7,14.3,0,0,NA,2,2,4,2,0,0,1,1,3,0,1,"A","W",75,33,28,12,19,9,10,18,8,22,30,6,12,2,12,85,75,33,28,12,19,9,10,18,8,22,30,6,12,2,12,85,0.58,9.6,72.9,0,20.8,Inf,29.2,0,2.7,29.2,0,5.3,12.5,"2023-2024"
"OLY","BAS","7_4","Regular Season","Christopher  Chiozza",18,5,1,2,50,1,3,33.3,0,0,NA,0,2,2,1,0,2,0,2,1,0,0,"A","W",75,33,28,12,19,9,10,18,8,22,30,6,12,2,12,85,75,33,28,12,19,9,10,18,8,22,30,6,12,2,12,85,1,6.7,74.6,0.01,14.9,0.5,50,0,1.2,50,29.85,4,0,"2023-2024"
"OLY","BAS","7_4","Regular Season","Vanja  Marinkovic",22,10,2,3,66.7,2,7,28.6,0,0,NA,0,0,0,2,1,0,0,0,0,0,7,"A","W",75,33,28,12,19,9,10,18,8,22,30,6,12,2,12,85,75,33,28,12,19,9,10,18,8,22,30,6,12,2,12,85,1,9.6,104.2,0.05,20.8,Inf,50,0,7,50,0,4.6,0,"2023-2024"
"OLY","BAS","7_4","Regular Season","Maik  Kotsar",17,4,2,3,66.7,0,0,NA,0,0,NA,2,0,2,2,1,0,0,1,2,2,7,"A","W",75,33,28,12,19,9,10,18,8,22,30,6,12,2,12,85,75,33,28,12,19,9,10,18,8,22,30,6,12,2,12,85,1.33,1,400,0.04,200,Inf,66.7,0,5.7,66.7,0,1.8,12.5,"2023-2024"
"OLY","BAS","7_4","Regular Season","Chima  Moneke",27,20,6,7,85.7,2,2,100,2,2,100,2,2,4,2,1,2,0,0,1,5,28,"A","W",75,33,28,12,19,9,10,18,8,22,30,6,12,2,12,85,75,33,28,12,19,9,10,18,8,22,30,6,12,2,12,85,1.82,9.5,210.5,0.16,21.1,1,100,0.22,18.9,101.2,21.05,4.5,12.5,"2023-2024"
"FEN","PAR","7_5","Regular Season","Zach  LeDay",32,2,1,3,33.3,0,2,0,0,0,NA,2,5,7,5,1,2,0,0,2,2,9,"H","W",85,42,20,18,22,8,17,20,10,16,26,7,7,1,21,94,85,42,20,18,22,8,17,20,10,16,26,7,7,1,21,94,0.4,4.8,41.7,0.04,104.2,2.5,20,0,3.5,20,41.67,2.3,10,"2023-2024"
"FEN","PAR","7_5","Regular Season","Ognjen  Jaramaz",14,5,1,1,100,1,3,33.3,0,0,NA,0,2,2,0,0,0,0,0,2,1,4,"H","W",85,42,20,18,22,8,17,20,10,16,26,7,7,1,21,94,85,42,20,18,22,8,17,20,10,16,26,7,7,1,21,94,1.25,3.8,131.6,0.02,0,NA,62.5,0,2.8,62.5,0,3,0,"2023-2024"
"FEN","PAR","7_5","Regular Season","James  Nunnally",27,13,4,9,44.4,1,2,50,2,2,100,3,0,3,2,0,1,0,0,1,1,11,"H","W",85,42,20,18,22,8,17,20,10,16,26,7,7,1,21,94,85,42,20,18,22,8,17,20,10,16,26,7,7,1,21,94,1,9.5,136.8,0.06,21.1,2,50,0.18,9.4,54.7,10.53,5,15,"2023-2024"
"FEN","PAR","7_5","Regular Season","P.J.  Dozier",25,5,1,4,25,1,2,50,0,0,NA,1,1,2,5,1,3,0,0,4,3,5,"H","W",85,42,20,18,22,8,17,20,10,16,26,7,7,1,21,94,85,42,20,18,22,8,17,20,10,16,26,7,7,1,21,94,0.83,7.7,64.9,0.01,64.9,1.7,41.7,0,2.5,41.7,38.96,3.7,5,"2023-2024"
"FEN","PAR","7_5","Regular Season","Frank  Kaminsky",19,15,6,10,60,0,1,0,3,4,75,1,2,3,3,1,1,0,1,3,2,13,"H","W",85,42,20,18,22,8,17,20,10,16,26,7,7,1,21,94,85,42,20,18,22,8,17,20,10,16,26,7,7,1,21,94,1,12.2,123,0.08,24.6,3,54.5,0.36,11.5,58.8,8.2,7.5,5,"2023-2024"
"FEN","PAR","7_5","Regular Season","Tristan  Vukcevic",8,8,1,1,100,1,1,100,3,3,100,1,3,4,0,0,0,0,0,1,1,12,"H","W",85,42,20,18,22,8,17,20,10,16,26,7,7,1,21,94,85,42,20,18,22,8,17,20,10,16,26,7,7,1,21,94,1.6,2.2,363.6,0.07,0,NA,125,1.5,8.6,120.5,0,4.3,5,"2023-2024"
"FEN","PAR","7_5","Regular Season","Aleksa  Avramovic",13,7,1,3,33.3,1,2,50,2,2,100,1,1,2,1,1,0,0,1,2,1,6,"H","W",85,42,20,18,22,8,17,20,10,16,26,7,7,1,21,94,85,42,20,18,22,8,17,20,10,16,26,7,7,1,21,94,1,4.7,148.9,0.04,21.3,Inf,50,0.4,6.2,59.5,0,4.7,5,"2023-2024"
"FEN","PAR","7_5","Regular Season","Alen  Smailagic",21,13,5,6,83.3,1,3,33.3,0,0,NA,0,1,1,1,2,0,1,0,2,2,15,"H","W",85,42,20,18,22,8,17,20,10,16,26,7,7,1,21,94,85,42,20,18,22,8,17,20,10,16,26,7,7,1,21,94,1.44,8.6,151.2,0.09,11.6,Inf,72.2,0,12,72.2,0,4.5,0,"2023-2024"
"FEN","PAR","7_5","Regular Season","Uros  Trifunovic",16,6,0,1,0,1,2,50,3,3,100,0,0,0,1,0,0,0,0,2,1,4,"H","W",85,42,20,18,22,8,17,20,10,16,26,7,7,1,21,94,85,42,20,18,22,8,17,20,10,16,26,7,7,1,21,94,1,4.1,146.3,0.02,24.4,Inf,50,1,4.2,69.4,0,2.8,0,"2023-2024"
"FEN","PAR","7_5","Regular Season","Danilo  Andjusic",20,9,1,2,50,1,2,50,4,4,100,1,1,2,2,1,0,0,0,2,3,13,"H","W",85,42,20,18,22,8,17,20,10,16,26,7,7,1,21,94,85,42,20,18,22,8,17,20,10,16,26,7,7,1,21,94,1.12,4.6,195.7,0.07,43.5,Inf,62.5,1,9.6,78.1,0,3,5,"2023-2024"
"FEN","PAR","7_5","Regular Season","Mateusz  Ponitka",5,2,1,2,50,0,0,NA,0,0,NA,0,0,0,0,0,0,0,0,0,1,2,"H","W",85,42,20,18,22,8,17,20,10,16,26,7,7,1,21,94,85,42,20,18,22,8,17,20,10,16,26,7,7,1,21,94,1,1.9,105.3,0.01,0,NA,50,0,1,50,0,4.2,0,"2023-2024"
"PAR","FEN","7_5","Regular Season","Johnathan  Motley",13,11,5,8,62.5,0,0,NA,1,2,50,3,2,5,1,0,3,0,0,5,3,8,"A","L",84,30,31,16,18,11,15,18,10,22,32,3,12,2,18,96,84,30,31,16,18,11,15,18,10,22,32,3,12,2,18,96,1.1,8.5,129.4,0.03,11.8,0.3,62.5,0.25,5.4,61.9,35.29,9.1,15,"2023-2024"
"PAR","FEN","7_5","Regular Season","Nigel  Hayes-Davis",40,23,5,5,100,3,4,75,4,4,100,2,4,6,3,1,1,0,0,3,7,35,"A","L",84,30,31,16,18,11,15,18,10,22,32,3,12,2,18,96,84,30,31,16,18,11,15,18,10,22,32,3,12,2,18,96,1.77,9.4,244.7,0.19,31.9,3,105.6,0.44,23.4,106.9,10.64,2.9,10,"2023-2024"
"PAR","FEN","7_5","Regular Season","Tyler  Dorsey",28,18,1,4,25,4,8,50,4,4,100,1,3,4,5,1,3,0,0,1,5,22,"A","L",84,30,31,16,18,11,15,18,10,22,32,3,12,2,18,96,84,30,31,16,18,11,15,18,10,22,32,3,12,2,18,96,1.12,15.1,119.2,0.12,33.1,1.7,58.3,0.33,14.3,65.4,19.87,6,5,"2023-2024"
"PAR","FEN","7_5","Regular Season","Yam  Madar",28,2,1,4,25,0,1,0,0,0,NA,2,3,5,3,0,2,0,0,1,1,4,"A","L",84,30,31,16,18,11,15,18,10,22,32,3,12,2,18,96,84,30,31,16,18,11,15,18,10,22,32,3,12,2,18,96,0.4,4.8,41.7,0.01,62.5,1.5,20,0,0.9,20,41.67,2.5,10,"2023-2024"
"PAR","FEN","7_5","Regular Season","Nathan  Sestina",20,4,2,2,100,0,5,0,0,0,NA,0,2,2,0,0,0,0,0,1,0,0,"A","L",84,30,31,16,18,11,15,18,10,22,32,3,12,2,18,96,84,30,31,16,18,11,15,18,10,22,32,3,12,2,18,96,0.57,6.7,59.7,0,0,NA,28.6,0,0.1,28.6,0,3.5,0,"2023-2024"
"PAR","FEN","7_5","Regular Season","Sehmus  Hazer",0,0,0,0,NA,0,0,NA,0,0,NA,0,0,0,0,0,0,0,0,0,0,0,"A","L",84,30,31,16,18,11,15,18,10,22,32,3,12,2,18,96,84,30,31,16,18,11,15,18,10,22,32,3,12,2,18,96,NA,0,NA,0,NA,NA,NA,NA,0,NA,NA,NA,0,"2023-2024"
"PAR","FEN","7_5","Regular Season","Scottie  Wilbekin",26,9,2,4,50,1,7,14.3,2,2,100,0,2,2,3,1,1,0,1,1,2,6,"A","L",84,30,31,16,18,11,15,18,10,22,32,3,12,2,18,96,84,30,31,16,18,11,15,18,10,22,32,3,12,2,18,96,0.69,12.4,72.6,0.04,24.2,3,31.8,0.18,4.8,37.9,8.06,5,0,"2023-2024"
"PAR","FEN","7_5","Regular Season","Georgios  Papagiannis",26,7,2,3,66.7,1,1,100,0,0,NA,2,4,6,1,0,0,2,0,4,1,12,"A","L",84,30,31,16,18,11,15,18,10,22,32,3,12,2,18,96,84,30,31,16,18,11,15,18,10,22,32,3,12,2,18,96,1.75,1.9,368.4,0.06,52.6,Inf,87.5,0,8.5,87.5,0,1.5,10,"2023-2024"
"PAR","FEN","7_5","Regular Season","Melih  Mahmutoglu",0,0,0,0,NA,0,0,NA,0,0,NA,0,0,0,0,0,0,0,0,0,0,0,"A","L",84,30,31,16,18,11,15,18,10,22,32,3,12,2,18,96,84,30,31,16,18,11,15,18,10,22,32,3,12,2,18,96,NA,0,NA,0,NA,NA,NA,NA,0,NA,NA,NA,0,"2023-2024"
"PAR","FEN","7_5","Regular Season","Tarik  Biberovic",18,10,0,0,NA,2,5,40,4,4,100,0,2,2,2,0,2,0,0,2,2,9,"A","L",84,30,31,16,18,11,15,18,10,22,32,3,12,2,18,96,84,30,31,16,18,11,15,18,10,22,32,3,12,2,18,96,1.11,8.4,119,0.05,23.8,1,60,0.8,6.5,74,23.81,4.9,0,"2023-2024"
"BOL","RMB","7_6","Regular Season","Fabien  Causeur",18,10,1,3,33.3,2,3,66.7,2,2,100,0,0,0,1,0,1,0,0,2,1,6,"H","W",100,37,26,34,19,11,29,28,8,28,36,7,8,3,21,133,100,37,26,34,19,11,29,28,8,28,36,7,8,3,21,133,1.25,7.6,131.6,0.02,13.2,1,66.7,0.33,5.9,72.7,13.16,4.1,0,"2023-2024"
"BOL","RMB","7_6","Regular Season","Facundo  Campazzo",28,18,3,3,100,1,5,20,9,9,100,1,5,6,11,3,1,0,0,3,9,39,"H","W",100,37,26,34,19,11,29,28,8,28,36,7,8,3,21,133,100,37,26,34,19,11,29,28,8,28,36,7,8,3,21,133,1.06,11.5,156.5,0.15,95.7,11,56.2,1.12,24.7,75.3,8.7,4.3,6.2,"2023-2024"
"BOL","RMB","7_6","Regular Season","Gabriel  Deck",16,11,1,1,100,3,4,75,0,0,NA,0,2,2,2,0,0,0,0,4,2,12,"H","W",100,37,26,34,19,11,29,28,8,28,36,7,8,3,21,133,100,37,26,34,19,11,29,28,8,28,36,7,8,3,21,133,2.2,4.8,229.2,0.05,41.7,Inf,110,0,9.5,110,0,2.9,0,"2023-2024"
"BOL","RMB","7_6","Regular Season","Walter  Tavares",25,17,7,11,63.6,0,0,NA,3,4,75,2,5,7,4,1,1,2,0,0,3,28,"H","W",100,37,26,34,19,11,29,28,8,28,36,7,8,3,21,133,100,37,26,34,19,11,29,28,8,28,36,7,8,3,21,133,1.13,11.3,150.4,0.11,35.4,4,63.6,0.36,18.8,66.6,8.85,5.1,12.5,"2023-2024"
"BOL","RMB","7_6","Regular Season","Dzanan  Musa",18,10,1,5,20,2,4,50,2,4,50,1,1,2,3,0,1,0,1,0,3,8,"H","W",100,37,26,34,19,11,29,28,8,28,36,7,8,3,21,133,100,37,26,34,19,11,29,28,8,28,36,7,8,3,21,133,0.77,10.3,97.1,0.03,29.1,3,44.4,0.44,6.2,46.5,9.71,6.1,6.2,"2023-2024"
"BOL","RMB","7_6","Regular Season","Rudy  Fernandez",13,1,0,1,0,0,1,0,1,1,100,0,5,5,2,1,0,1,0,2,0,6,"H","W",100,37,26,34,19,11,29,28,8,28,36,7,8,3,21,133,100,37,26,34,19,11,29,28,8,28,36,7,8,3,21,133,0.33,2.3,43.5,0.03,87,Inf,0,0.5,3.4,20.5,0,1.7,0,"2023-2024"
"BOL","RMB","7_6","Regular Season","Mario  Hezonja",14,9,2,4,50,1,2,50,2,2,100,0,2,2,0,0,0,0,0,0,1,9,"H","W",100,37,26,34,19,11,29,28,8,28,36,7,8,3,21,133,100,37,26,34,19,11,29,28,8,28,36,7,8,3,21,133,1.12,6.6,136.4,0.04,0,NA,58.3,0.33,6.6,65.4,0,4.6,0,"2023-2024"
"BOL","RMB","7_6","Regular Season","Sergio  Rodriguez",11,1,0,1,0,0,1,0,1,2,50,0,1,1,0,1,0,0,0,4,2,-2,"H","W",100,37,26,34,19,11,29,28,8,28,36,7,8,3,21,133,100,37,26,34,19,11,29,28,8,28,36,7,8,3,21,133,0.25,2.8,35.7,-0.02,0,NA,0,1,-1.1,17.4,0,2.4,0,"2023-2024"
"BOL","RMB","7_6","Regular Season","Vincent  Poirier",15,5,0,1,0,0,0,NA,5,6,83.3,2,1,3,2,0,2,0,0,2,3,7,"H","W",100,37,26,34,19,11,29,28,8,28,36,7,8,3,21,133,100,37,26,34,19,11,29,28,8,28,36,7,8,3,21,133,0.71,3.5,142.9,0.01,57.1,1,0,6,4.2,68.7,57.14,3.5,12.5,"2023-2024"
"BOL","RMB","7_6","Regular Season","Sergio  Llull",17,2,1,3,33.3,0,4,0,0,0,NA,0,1,1,3,1,2,0,0,3,1,-3,"H","W",100,37,26,34,19,11,29,28,8,28,36,7,8,3,21,133,100,37,26,34,19,11,29,28,8,28,36,7,8,3,21,133,0.29,8.6,23.3,-0.02,34.9,1.5,14.3,0,-2.3,14.3,23.26,4.9,0,"2023-2024"
"BOL","RMB","7_6","Regular Season","Guerschon  Yabusele",23,16,3,4,75,2,2,100,4,4,100,2,5,7,0,0,0,0,0,1,2,23,"H","W",100,37,26,34,19,11,29,28,8,28,36,7,8,3,21,133,100,37,26,34,19,11,29,28,8,28,36,7,8,3,21,133,1.6,5.5,290.9,0.1,0,NA,100,0.67,16.3,103.1,0,3.1,12.5,"2023-2024"
"RMB","BOL","7_6","Regular Season","Isaia  Cordinier",18,7,1,3,33.3,1,4,25,2,2,100,0,2,2,1,1,2,0,0,5,3,2,"A","L",74,32,25,21,20,6,16,17,5,22,27,4,18,1,28,58,74,32,25,21,20,6,16,17,5,22,27,4,18,1,28,58,0.78,9.5,73.7,-0.01,10.5,0.5,35.7,0.29,1.2,44.4,21.05,5.2,0,"2023-2024"
"RMB","BOL","7_6","Regular Season","Marco  Belinelli",24,15,1,1,100,3,7,42.9,4,6,66.7,0,0,0,1,0,0,0,0,3,2,9,"A","L",74,32,25,21,20,6,16,17,5,22,27,4,18,1,28,58,74,32,25,21,20,6,16,17,5,22,27,4,18,1,28,58,1.07,10.2,147.1,0.09,9.8,Inf,68.8,0.75,9.7,70.5,0,4.2,0,"2023-2024"
"RMB","BOL","7_6","Regular Season","Alessandro  Pajola",26,2,1,1,100,0,2,0,0,0,NA,0,3,3,7,1,4,0,0,4,1,4,"A","L",74,32,25,21,20,6,16,17,5,22,27,4,18,1,28,58,74,32,25,21,20,6,16,17,5,22,27,4,18,1,28,58,0.67,6.7,29.9,0.04,104.5,1.8,33.3,0,1.5,33.3,59.7,2.6,0,"2023-2024"
"RMB","BOL","7_6","Regular Season","Tornike  Shengelia",31,12,4,7,57.1,0,3,0,4,4,100,2,4,6,4,1,4,0,1,2,4,14,"A","L",74,32,25,21,20,6,16,17,5,22,27,4,18,1,28,58,74,32,25,21,20,6,16,17,5,22,27,4,18,1,28,58,0.86,13.2,90.9,0.13,30.3,1,40,0.4,8.2,51,30.3,4.8,20,"2023-2024"
"RMB","BOL","7_6","Regular Season","Bryant  Dunston",24,9,4,5,80,0,0,NA,1,2,50,1,3,4,0,0,2,1,0,4,2,8,"A","L",74,32,25,21,20,6,16,17,5,22,27,4,18,1,28,58,74,32,25,21,20,6,16,17,5,22,27,4,18,1,28,58,1.29,6.6,136.4,0.07,0,0,80,0.4,5.4,76.5,30.3,3.1,10,"2023-2024"
"RMB","BOL","7_6","Regular Season","Gabriel  Lundberg",10,0,0,0,NA,0,1,0,0,0,NA,0,1,1,1,0,1,0,0,0,1,1,"A","L",74,32,25,21,20,6,16,17,5,22,27,4,18,1,28,58,74,32,25,21,20,6,16,17,5,22,27,4,18,1,28,58,0,1.9,0,0,52.6,1,0,0,-0.7,0,52.63,1.9,0,"2023-2024"
"RMB","BOL","7_6","Regular Season","Jaleen  Smith",11,7,2,3,66.7,1,2,50,0,0,NA,0,0,0,0,0,2,0,0,1,0,2,"A","L",74,32,25,21,20,6,16,17,5,22,27,4,18,1,28,58,74,32,25,21,20,6,16,17,5,22,27,4,18,1,28,58,1.4,6.7,104.5,0.03,0,0,70,0,2.3,70,29.85,6,0,"2023-2024"
"RMB","BOL","7_6","Regular Season","Ognjen  Dobric",15,5,1,1,100,1,1,100,0,0,NA,0,3,3,0,0,0,0,0,1,0,7,"A","L",74,32,25,21,20,6,16,17,5,22,27,4,18,1,28,58,74,32,25,21,20,6,16,17,5,22,27,4,18,1,28,58,2.5,1.9,263.2,0.09,0,NA,125,0,4.9,125,0,1.3,0,"2023-2024"
"RMB","BOL","7_6","Regular Season","Daniel  Hackett",13,9,2,2,100,0,0,NA,5,7,71.4,0,3,3,3,1,2,0,0,4,7,15,"A","L",74,32,25,21,20,6,16,17,5,22,27,4,18,1,28,58,74,32,25,21,20,6,16,17,5,22,27,4,18,1,28,58,1,6.8,132.4,0.11,44.1,1.5,100,3.5,8,88.6,29.41,5.2,0,"2023-2024"
"RMB","BOL","7_6","Regular Season","Jordan  Mickey",25,8,4,9,44.4,0,3,0,0,0,NA,2,3,5,0,0,1,0,2,3,0,-1,"A","L",74,32,25,21,20,6,16,17,5,22,27,4,18,1,28,58,74,32,25,21,20,6,16,17,5,22,27,4,18,1,28,58,0.67,10.6,75.5,0,0,0,33.3,0,1.3,33.3,9.43,4.9,20,"2023-2024"
"RMB","BOL","7_6","Regular Season","Awudu  Abass",1,0,0,0,NA,0,2,0,0,0,NA,0,0,0,0,0,0,0,0,1,0,-3,"A","L",74,32,25,21,20,6,16,17,5,22,27,4,18,1,28,58,74,32,25,21,20,6,16,17,5,22,27,4,18,1,28,58,0,1.9,0,-0.04,0,NA,0,0,-1.8,0,0,19,0,"2023-2024"
"BER","PAN","7_7","Regular Season","Kostas  Sloukas",31,14,3,5,60,2,5,40,2,2,100,1,3,4,6,0,3,0,0,4,2,14,"A","W",99,33,29,17,23,13,14,27,6,23,29,8,12,3,17,128,99,33,29,17,23,13,14,27,6,23,29,8,12,3,17,128,1.17,12.4,112.9,0.06,48.4,2,60,0.2,10.2,64.3,24.19,4.4,8.3,"2023-2024"
"BER","PAN","7_7","Regular Season","Jerian  Grant",29,7,1,3,33.3,1,3,33.3,2,2,100,1,0,1,9,4,3,0,0,1,1,14,"A","W",99,33,29,17,23,13,14,27,6,23,29,8,12,3,17,128,99,33,29,17,23,13,14,27,6,23,29,8,12,3,17,128,0.88,8.5,82.4,0.06,105.9,3,41.7,0.33,11.2,50.9,35.29,3.3,8.3,"2023-2024"
"BER","PAN","7_7","Regular Season","Mathias  Lessort",21,8,3,5,60,0,0,NA,2,2,100,3,3,6,2,1,1,0,1,4,4,13,"A","W",99,33,29,17,23,13,14,27,6,23,29,8,12,3,17,128,99,33,29,17,23,13,14,27,6,23,29,8,12,3,17,128,1.14,3.7,216.2,0.04,54.1,2,60,0.4,8.5,68,27.03,3.2,25,"2023-2024"
"BER","PAN","7_7","Regular Season","Marius  Grigonis",34,16,1,1,100,4,8,50,2,2,100,0,4,4,2,1,0,0,0,3,3,19,"A","W",99,33,29,17,23,13,14,27,6,23,29,8,12,3,17,128,99,33,29,17,23,13,14,27,6,23,29,8,12,3,17,128,1.45,9.5,168.4,0.08,21.1,Inf,77.8,0.22,14.1,81,0,2.9,0,"2023-2024"
"BER","PAN","7_7","Regular Season","Konstantinos  Mitoglou",36,24,9,11,81.8,2,4,50,0,0,NA,1,9,10,0,2,1,0,0,2,1,30,"A","W",99,33,29,17,23,13,14,27,6,23,29,8,12,3,17,128,99,33,29,17,23,13,14,27,6,23,29,8,12,3,17,128,1.6,14.4,166.7,0.14,0,0,80,0,21.5,80,6.94,4.4,8.3,"2023-2024"
"BER","PAN","7_7","Regular Season","Luca  Vildoza",17,13,0,1,0,4,4,100,1,2,50,0,2,2,4,0,2,0,0,1,2,16,"A","W",99,33,29,17,23,13,14,27,6,23,29,8,12,3,17,128,99,33,29,17,23,13,14,27,6,23,29,8,12,3,17,128,1.86,7.6,171.1,0.07,52.6,2,120,0.4,11.7,110.5,26.32,4.6,0,"2023-2024"
"BER","PAN","7_7","Regular Season","Aleksander  Balcerowski",19,11,4,5,80,0,0,NA,3,5,60,0,1,1,3,0,0,3,0,2,5,18,"A","W",99,33,29,17,23,13,14,27,6,23,29,8,12,3,17,128,99,33,29,17,23,13,14,27,6,23,29,8,12,3,17,128,1.1,6.9,159.4,0.06,43.5,Inf,80,1,12,76.4,0,3.7,0,"2023-2024"
"BER","PAN","7_7","Regular Season","Kendrick  Nunn",8,6,2,2,100,0,5,0,2,2,100,0,0,0,1,0,1,0,0,0,3,4,"A","W",99,33,29,17,23,13,14,27,6,23,29,8,12,3,17,128,99,33,29,17,23,13,14,27,6,23,29,8,12,3,17,128,0.67,8.5,70.6,0,11.8,1,28.6,0.29,1.6,38.1,11.76,10.9,0,"2023-2024"
"BER","PAN","7_7","Regular Season","Eleftherios  Mantzoukas",4,0,0,0,NA,0,0,NA,0,0,NA,0,1,1,0,0,1,0,0,0,0,0,"A","W",99,33,29,17,23,13,14,27,6,23,29,8,12,3,17,128,99,33,29,17,23,13,14,27,6,23,29,8,12,3,17,128,NA,1,0,0,0,0,NA,NA,-0.7,NA,100,2.5,0,"2023-2024"
"PAN","BER","7_7","Regular Season","Sterling  Brown",27,17,4,7,57.1,3,5,60,0,0,NA,1,3,4,2,0,1,0,1,1,2,17,"H","L",85,42,28,12,20,12,9,19,11,17,28,7,14,1,21,78,85,42,28,12,20,12,9,19,11,17,28,7,14,1,21,78,1.42,11.5,147.8,0.13,17.4,2,70.8,0,13,70.8,8.7,4.3,4.5,"2023-2024"
"PAN","BER","7_7","Regular Season","Malte  Delow",19,9,2,2,100,1,4,25,2,2,100,0,0,0,4,0,0,0,0,2,1,9,"H","L",85,42,28,12,20,12,9,19,11,17,28,7,14,1,21,78,85,42,28,12,20,12,9,19,11,17,28,7,14,1,21,78,1.12,6.6,136.4,0.07,60.6,Inf,58.3,0.33,8,65.4,0,3.2,0,"2023-2024"
"PAN","BER","7_7","Regular Season","Louis  Olinde",19,8,2,3,66.7,1,2,50,1,2,50,1,2,3,1,2,1,0,0,3,2,9,"H","L",85,42,28,12,20,12,9,19,11,17,28,7,14,1,21,78,85,42,28,12,20,12,9,19,11,17,28,7,14,1,21,78,1.14,5.6,142.9,0.06,17.9,1,70,0.4,7.1,68,17.86,3.2,4.5,"2023-2024"
"PAN","BER","7_7","Regular Season","Christ  Koumadje",16,0,0,1,0,0,0,NA,0,0,NA,1,3,4,0,0,2,1,0,1,0,1,"H","L",85,42,28,12,20,12,9,19,11,17,28,7,14,1,21,78,85,42,28,12,20,12,9,19,11,17,28,7,14,1,21,78,0,1.9,0,0,0,0,0,0,-0.8,0,105.26,1.7,4.5,"2023-2024"
"PAN","BER","7_7","Regular Season","Johannes  Thiemann",23,16,7,11,63.6,0,3,0,2,4,50,3,3,6,3,0,1,0,1,2,7,19,"H","L",85,42,28,12,20,12,9,19,11,17,28,7,14,1,21,78,85,42,28,12,20,12,9,19,11,17,28,7,14,1,21,78,0.89,13.2,121.2,0.1,22.7,3,50,0.29,11.5,50.8,7.58,6.5,13.6,"2023-2024"
"PAN","BER","7_7","Regular Season","Gabriele  Procida",25,13,2,3,66.7,3,7,42.9,0,0,NA,0,3,3,3,3,1,0,0,1,1,16,"H","L",85,42,28,12,20,12,9,19,11,17,28,7,14,1,21,78,85,42,28,12,20,12,9,19,11,17,28,7,14,1,21,78,1.3,10.6,122.6,0.13,28.3,3,65,0,12.6,65,9.43,3.9,0,"2023-2024"
"PAN","BER","7_7","Regular Season","Ziga  Samar",9,0,0,3,0,0,0,NA,0,0,NA,1,0,1,4,0,1,0,0,1,0,0,"H","L",85,42,28,12,20,12,9,19,11,17,28,7,14,1,21,78,85,42,28,12,20,12,9,19,11,17,28,7,14,1,21,78,0,2.9,0,0,137.9,4,0,0,0,0,34.48,4,4.5,"2023-2024"
"PAN","BER","7_7","Regular Season","Yannick  Wetzell",17,8,2,8,25,0,0,NA,4,4,100,2,0,2,2,2,1,0,1,4,2,4,"H","L",85,42,28,12,20,12,9,19,11,17,28,7,14,1,21,78,85,42,28,12,20,12,9,19,11,17,28,7,14,1,21,78,0.67,8.4,95.2,0.02,23.8,2,25,0.5,5.4,41,11.9,5.7,9.1,"2023-2024"
"PAN","BER","7_7","Regular Season","Jonas  Mattisseck",3,3,0,0,NA,1,2,50,0,0,NA,0,0,0,0,0,1,0,0,1,1,1,"H","L",85,42,28,12,20,12,9,19,11,17,28,7,14,1,21,78,85,42,28,12,20,12,9,19,11,17,28,7,14,1,21,78,1.5,2.9,103.4,0,0,0,75,0,0.6,75,34.48,9,0,"2023-2024"
"PAN","BER","7_7","Regular Season","Tim  Schneider",15,2,1,2,50,0,1,0,0,0,NA,2,2,4,0,0,0,0,0,1,0,3,"H","L",85,42,28,12,20,12,9,19,11,17,28,7,14,1,21,78,85,42,28,12,20,12,9,19,11,17,28,7,14,1,21,78,0.67,1,200,0.02,0,NA,33.3,0,1.9,33.3,0,1.8,9.1,"2023-2024"
"PAN","BER","7_7","Regular Season","Matt  Thomas",21,6,0,2,0,2,3,66.7,0,0,NA,0,1,1,0,0,5,0,0,4,1,-4,"H","L",85,42,28,12,20,12,9,19,11,17,28,7,14,1,21,78,85,42,28,12,20,12,9,19,11,17,28,7,14,1,21,78,1.2,9.6,62.5,-0.04,0,0,60,0,-3,60,52.08,4.3,0,"2023-2024"
"PAN","BER","7_7","Regular Season","Justin  Bean",5,3,0,0,NA,1,1,100,0,0,NA,0,0,0,0,0,0,0,0,0,0,3,"H","L",85,42,28,12,20,12,9,19,11,17,28,7,14,1,21,78,85,42,28,12,20,12,9,19,11,17,28,7,14,1,21,78,3,1,300,0.03,0,NA,150,0,2.7,150,0,1.8,0,"2023-2024"
"BAR","CRV","7_8","Regular Season","Dejan  Davidovac",23,12,3,3,100,2,7,28.6,0,0,NA,0,2,2,2,2,0,0,1,0,0,12,"A","L",81,39,35,14,21,9,12,23,16,23,39,5,10,1,18,87,81,39,35,14,21,9,12,23,16,23,39,5,10,1,18,87,1.2,9.6,125,0.1,20.8,Inf,60,0,11,60,0,3.9,0,"2023-2024"
"BAR","CRV","7_8","Regular Season","Luka  Mitrovic",31,22,8,15,53.3,0,0,NA,6,6,100,6,0,6,1,0,3,1,1,5,5,19,"A","L",81,39,35,14,21,9,12,23,16,23,39,5,10,1,18,87,81,39,35,14,21,9,12,23,16,23,39,5,10,1,18,87,1.05,14.1,156,0.09,7.1,0.3,53.3,0.4,15.3,62.4,21.28,5.9,18.8,"2023-2024"
"BAR","CRV","7_8","Regular Season","Shabazz  Napier",25,2,1,4,25,0,4,0,0,0,NA,0,4,4,7,1,3,0,1,2,2,3,"A","L",81,39,35,14,21,9,12,23,16,23,39,5,10,1,18,87,81,39,35,14,21,9,12,23,16,23,39,5,10,1,18,87,0.25,10.6,18.9,0.02,66,2.3,12.5,0,0.1,12.5,28.3,3.9,0,"2023-2024"
"BAR","CRV","7_8","Regular Season","Joel  Bolomboy",26,4,1,3,33.3,0,2,0,2,4,50,4,5,9,0,2,0,0,0,2,3,10,"A","L",81,39,35,14,21,9,12,23,16,23,39,5,10,1,18,87,81,39,35,14,21,9,12,23,16,23,39,5,10,1,18,87,0.44,2.6,153.8,0.04,0,NA,20,0.8,5.6,29.6,0,2.3,12.5,"2023-2024"
"BAR","CRV","7_8","Regular Season","Nemanja  Nedovic",24,11,0,2,0,3,5,60,2,2,100,1,2,3,3,0,1,0,0,3,2,11,"A","L",81,39,35,14,21,9,12,23,16,23,39,5,10,1,18,87,81,39,35,14,21,9,12,23,16,23,39,5,10,1,18,87,1.22,7.6,144.7,0.06,39.5,3,64.3,0.29,8.5,69.8,13.16,3.3,3.1,"2023-2024"
"BAR","CRV","7_8","Regular Season","Milos  Teodosic",23,13,1,2,50,3,10,30,2,2,100,0,1,1,9,0,2,0,2,0,3,14,"A","L",81,39,35,14,21,9,12,23,16,23,39,5,10,1,18,87,81,39,35,14,21,9,12,23,16,23,39,5,10,1,18,87,0.93,14.3,90.9,0.1,62.9,4.5,45.8,0.17,10.8,50.5,13.99,5.7,0,"2023-2024"
"BAR","CRV","7_8","Regular Season","Mike  Tobey",10,6,3,4,75,0,1,0,0,0,NA,1,1,2,0,0,0,0,0,3,1,4,"A","L",81,39,35,14,21,9,12,23,16,23,39,5,10,1,18,87,81,39,35,14,21,9,12,23,16,23,39,5,10,1,18,87,1.2,3.8,157.9,0.02,0,NA,60,0,3.5,60,0,4.4,3.1,"2023-2024"
"BAR","CRV","7_8","Regular Season","Dalibor  Ilic",4,2,1,1,100,0,0,NA,0,0,NA,0,1,1,0,0,0,0,0,0,0,3,"A","L",81,39,35,14,21,9,12,23,16,23,39,5,10,1,18,87,81,39,35,14,21,9,12,23,16,23,39,5,10,1,18,87,2,1,200,0.02,0,NA,100,0,2,100,0,2.2,0,"2023-2024"
"BAR","CRV","7_8","Regular Season","Rokas  Giedraitis",21,9,3,4,75,1,4,25,0,0,NA,1,5,6,1,0,0,0,0,3,0,9,"A","L",81,39,35,14,21,9,12,23,16,23,39,5,10,1,18,87,81,39,35,14,21,9,12,23,16,23,39,5,10,1,18,87,1.12,6.7,134.3,0.06,14.9,Inf,56.2,0,6.7,56.2,0,3.4,3.1,"2023-2024"
"BAR","CRV","7_8","Regular Season","Ognjen  Kuzmic",3,0,0,1,0,0,0,NA,0,0,NA,3,0,3,0,0,1,0,0,0,0,1,"A","L",81,39,35,14,21,9,12,23,16,23,39,5,10,1,18,87,81,39,35,14,21,9,12,23,16,23,39,5,10,1,18,87,0,-1,0,0,0,0,0,0,0.4,0,-100,5.9,9.4,"2023-2024"
"BAR","CRV","7_8","Regular Season","Yago Mateus dos Santos",9,0,0,0,NA,0,2,0,0,0,NA,0,2,2,0,0,0,0,0,0,1,1,"A","L",81,39,35,14,21,9,12,23,16,23,39,5,10,1,18,87,81,39,35,14,21,9,12,23,16,23,39,5,10,1,18,87,0,1.9,0,0,0,NA,0,0,-0.8,0,0,2,0,"2023-2024"
"CRV","BAR","7_8","Regular Season","Oscar  da Silva",17,4,2,3,66.7,0,0,NA,0,0,NA,0,0,0,0,1,1,1,0,3,1,2,"H","W",86,39,20,20,26,7,13,21,4,23,27,4,9,5,17,100,86,39,20,20,26,7,13,21,4,23,27,4,9,5,17,100,1.33,3.8,105.3,0,0,0,66.7,0,2.2,66.7,26.32,2.5,0,"2023-2024"
"CRV","BAR","7_8","Regular Season","Jan  Vesely",22,14,6,8,75,0,0,NA,2,3,66.7,1,0,1,2,1,0,0,0,3,3,15,"H","W",86,39,20,20,26,7,13,21,4,23,27,4,9,5,17,100,86,39,20,20,26,7,13,21,4,23,27,4,9,5,17,100,1.27,8,175,0.07,25,Inf,75,0.38,12.3,75.1,0,4.4,12.5,"2023-2024"
"CRV","BAR","7_8","Regular Season","Nikola  Kalinic",27,7,2,4,50,1,3,33.3,0,0,NA,0,5,5,3,0,0,1,0,0,0,12,"H","W",86,39,20,20,26,7,13,21,4,23,27,4,9,5,17,100,86,39,20,20,26,7,13,21,4,23,27,4,9,5,17,100,1,6.7,104.5,0.07,44.8,Inf,50,0,7.6,50,0,2.7,0,"2023-2024"
"CRV","BAR","7_8","Regular Season","Tomas  Satoransky",26,10,1,2,50,2,5,40,2,2,100,0,5,5,6,1,1,1,0,0,1,19,"H","W",86,39,20,20,26,7,13,21,4,23,27,4,9,5,17,100,86,39,20,20,26,7,13,21,4,23,27,4,9,5,17,100,1.11,8.5,117.6,0.11,70.6,6,57.1,0.29,12.7,63.5,11.76,3.6,0,"2023-2024"
"CRV","BAR","7_8","Regular Season","Alejandro  Abrines",21,1,0,0,NA,0,2,0,1,1,100,0,3,3,0,1,1,2,0,0,0,4,"H","W",86,39,20,20,26,7,13,21,4,23,27,4,9,5,17,100,86,39,20,20,26,7,13,21,4,23,27,4,9,5,17,100,0.33,3.3,30.3,0.02,0,0,0,0.5,1.9,20.5,30.3,1.7,0,"2023-2024"
"CRV","BAR","7_8","Regular Season","Dario  Brizuela",6,0,0,0,NA,0,2,0,0,0,NA,0,0,0,1,0,0,0,0,2,0,-3,"H","W",86,39,20,20,26,7,13,21,4,23,27,4,9,5,17,100,86,39,20,20,26,7,13,21,4,23,27,4,9,5,17,100,0,1.9,0,-0.02,52.6,Inf,0,0,-1.5,0,0,3.5,0,"2023-2024"
"CRV","BAR","7_8","Regular Season","Willy  Hernangomez",18,18,5,7,71.4,1,1,100,5,9,55.6,0,4,4,0,0,2,0,0,3,6,17,"H","W",86,39,20,20,26,7,13,21,4,23,27,4,9,5,17,100,86,39,20,20,26,7,13,21,4,23,27,4,9,5,17,100,1.06,13.4,134.3,0.07,0,0,81.2,1.12,11.2,75.3,14.93,8.1,0,"2023-2024"
"CRV","BAR","7_8","Regular Season","Nicolas  Laprovittola",18,4,0,0,NA,1,3,33.3,1,1,100,0,1,1,4,0,1,0,0,1,2,7,"H","W",86,39,20,20,26,7,13,21,4,23,27,4,9,5,17,100,86,39,20,20,26,7,13,21,4,23,27,4,9,5,17,100,1,4.3,93,0.03,93,4,50,0.33,4,58.1,23.26,2.6,0,"2023-2024"
"CRV","BAR","7_8","Regular Season","Jabari  Parker",23,20,7,9,77.8,2,3,66.7,0,0,NA,2,3,5,0,0,1,0,0,3,1,19,"H","W",86,39,20,20,26,7,13,21,4,23,27,4,9,5,17,100,86,39,20,20,26,7,13,21,4,23,27,4,9,5,17,100,1.67,10.6,188.7,0.11,0,0,83.3,0,15.3,83.3,9.43,5.9,25,"2023-2024"
"CRV","BAR","7_8","Regular Season","Rokas  Jokubaitis",21,8,3,6,50,0,1,0,2,4,50,1,2,3,5,0,2,0,1,2,3,8,"H","W",86,39,20,20,26,7,13,21,4,23,27,4,9,5,17,100,86,39,20,20,26,7,13,21,4,23,27,4,9,5,17,100,0.73,9.4,85.1,0.03,53.2,2.5,42.9,0.57,5.5,45.7,21.28,5.3,12.5,"2023-2024"
"ASM","VIL","7_9","Regular Season","Paris  Lee",31,5,0,0,NA,1,4,25,2,2,100,1,1,2,6,2,6,0,0,2,2,6,"A","L",70,39,23,10,18,9,7,15,12,28,40,4,17,3,14,77,70,39,23,10,18,9,7,15,12,28,40,4,17,3,14,77,0.83,9.5,52.6,0.03,63.2,1,37.5,0.5,3,51.2,63.16,3.4,4.2,"2023-2024"
"ASM","VIL","7_9","Regular Season","Joffrey  Lauvergne",33,11,3,7,42.9,1,2,50,2,2,100,1,5,6,1,0,4,3,1,2,2,11,"A","L",70,39,23,10,18,9,7,15,12,28,40,4,17,3,14,77,70,39,23,10,18,9,7,15,12,28,40,4,17,3,14,77,1,12.4,88.7,0.07,8.1,0.2,50,0.22,6.5,55.7,32.26,4,4.2,"2023-2024"
"ASM","VIL","7_9","Regular Season","Timothe  Luwawu-Cabarrot",34,18,7,11,63.6,1,2,50,1,2,50,0,3,3,4,0,1,0,0,3,2,17,"A","L",70,39,23,10,18,9,7,15,12,28,40,4,17,3,14,77,70,39,23,10,18,9,7,15,12,28,40,4,17,3,14,77,1.2,14.3,125.9,0.14,28,4,65.4,0.15,13.2,64.8,6.99,4.2,0,"2023-2024"
"ASM","VIL","7_9","Regular Season","Youssoupha  Fall",19,6,3,6,50,0,0,NA,0,0,NA,3,9,12,0,0,2,0,0,2,3,14,"A","L",70,39,23,10,18,9,7,15,12,28,40,4,17,3,14,77,70,39,23,10,18,9,7,15,12,28,40,4,17,3,14,77,1,4.8,125,0.09,0,0,50,0,5,50,41.67,4,12.5,"2023-2024"
"ASM","VIL","7_9","Regular Season","David  Lighty",19,9,0,1,0,3,4,75,0,0,NA,0,0,0,0,0,2,0,0,2,2,5,"A","L",70,39,23,10,18,9,7,15,12,28,40,4,17,3,14,77,70,39,23,10,18,9,7,15,12,28,40,4,17,3,14,77,1.8,6.7,134.3,0.03,0,0,90,0,3.9,90,29.85,3.5,0,"2023-2024"
"ASM","VIL","7_9","Regular Season","Mike  Scott",21,11,4,6,66.7,1,4,25,0,0,NA,3,4,7,2,0,1,0,0,0,0,14,"A","L",70,39,23,10,18,9,7,15,12,28,40,4,17,3,14,77,70,39,23,10,18,9,7,15,12,28,40,4,17,3,14,77,1.1,7.7,142.9,0.11,26,2,55,0,9.7,55,12.99,5,12.5,"2023-2024"
"ASM","VIL","7_9","Regular Season","Charles Lombahe Kahudi",7,4,0,2,0,1,2,50,1,2,50,2,2,4,0,0,0,0,0,0,1,5,"A","L",70,39,23,10,18,9,7,15,12,28,40,4,17,3,14,77,70,39,23,10,18,9,7,15,12,28,40,4,17,3,14,77,0.67,2.8,142.9,0.03,0,NA,37.5,0.5,3.2,41,0,6.7,8.3,"2023-2024"
"ASM","VIL","7_9","Regular Season","Nando  de Colo",24,6,1,5,20,1,4,25,1,2,50,0,1,1,2,2,1,0,0,1,3,4,"A","L",70,39,23,10,18,9,7,15,12,28,40,4,17,3,14,77,70,39,23,10,18,9,7,15,12,28,40,4,17,3,14,77,0.55,10.4,57.7,0.01,19.2,2,27.8,0.22,2.4,30.4,9.62,4.3,0,"2023-2024"
"ASM","VIL","7_9","Regular Season","John  Egbunu",7,0,0,0,NA,0,0,NA,0,0,NA,2,3,5,0,0,0,0,0,2,0,3,"A","L",70,39,23,10,18,9,7,15,12,28,40,4,17,3,14,77,70,39,23,10,18,9,7,15,12,28,40,4,17,3,14,77,NA,-1.9,0,0.02,0,NA,NA,NA,1.5,NA,0,0,8.3,"2023-2024"
"ASM","VIL","7_9","Regular Season","Noam  Yaacov",4,0,0,1,0,0,1,0,0,0,NA,0,0,0,0,0,0,0,0,0,0,-2,"A","L",70,39,23,10,18,9,7,15,12,28,40,4,17,3,14,77,70,39,23,10,18,9,7,15,12,28,40,4,17,3,14,77,0,1.9,0,-0.02,0,NA,0,0,-1.4,0,0,4.8,0,"2023-2024"
"VIL","ASM","7_9","Regular Season","John  Brown III",23,0,0,2,0,0,0,NA,0,0,NA,4,1,5,1,0,0,0,1,1,1,3,"H","W",80,37,32,14,16,12,12,18,12,22,34,10,7,1,15,88,80,37,32,14,16,12,12,18,12,22,34,10,7,1,15,88,0,-1.9,0,0.01,-52.6,Inf,0,0,2,0,0,0.8,16.7,"2023-2024"
"VIL","ASM","7_9","Regular Season","Jordan  Loyd",25,12,2,6,33.3,1,6,16.7,5,5,100,0,5,5,4,1,1,0,0,2,4,14,"H","W",80,37,32,14,16,12,12,18,12,22,34,10,7,1,15,88,80,37,32,14,16,12,12,18,12,22,34,10,7,1,15,88,0.71,14.6,82.2,0.07,27.4,4,29.2,0.42,8.3,42.3,6.85,5.9,0,"2023-2024"
"VIL","ASM","7_9","Regular Season","Mouhammadou  Jaiteh",5,2,1,2,50,0,0,NA,0,0,NA,2,0,2,0,0,0,0,1,1,0,1,"H","W",80,37,32,14,16,12,12,18,12,22,34,10,7,1,15,88,80,37,32,14,16,12,12,18,12,22,34,10,7,1,15,88,1,0,Inf,0.01,NA,NA,50,0,2,50,NA,3.9,8.3,"2023-2024"
"VIL","ASM","7_9","Regular Season","Yakuba  Ouattara",12,4,2,2,100,0,2,0,0,0,NA,1,1,2,1,0,1,0,0,1,0,3,"H","W",80,37,32,14,16,12,12,18,12,22,34,10,7,1,15,88,80,37,32,14,16,12,12,18,12,22,34,10,7,1,15,88,1,3.8,105.3,0.02,26.3,1,50,0,2.3,50,26.32,4.1,4.2,"2023-2024"
"VIL","ASM","7_9","Regular Season","Mike  James",28,15,3,9,33.3,3,6,50,0,0,NA,0,1,1,2,0,0,0,0,2,1,8,"H","W",80,37,32,14,16,12,12,18,12,22,34,10,7,1,15,88,80,37,32,14,16,12,12,18,12,22,34,10,7,1,15,88,1,14.4,104.2,0.05,13.9,Inf,50,0,7.8,50,0,5.2,0,"2023-2024"
"VIL","ASM","7_9","Regular Season","Elie  Okobo",22,16,5,7,71.4,1,5,20,3,3,100,0,1,1,4,0,2,0,0,3,1,11,"H","W",80,37,32,14,16,12,12,18,12,22,34,10,7,1,15,88,80,37,32,14,16,12,12,18,12,22,34,10,7,1,15,88,1.07,14.7,108.8,0.07,27.2,2,54.2,0.25,9.9,60.1,13.61,6.8,0,"2023-2024"
"VIL","ASM","7_9","Regular Season","Jaron  Blossomgame",20,2,1,1,100,0,2,0,0,0,NA,1,2,3,1,2,0,1,0,1,0,6,"H","W",80,37,32,14,16,12,12,18,12,22,34,10,7,1,15,88,80,37,32,14,16,12,12,18,12,22,34,10,7,1,15,88,0.67,1.9,105.3,0.03,52.6,Inf,33.3,0,4.6,33.3,0,1.5,4.2,"2023-2024"
"VIL","ASM","7_9","Regular Season","Alpha  Diallo",27,21,1,4,25,6,9,66.7,1,1,100,2,7,9,2,3,1,0,1,1,1,27,"H","W",80,37,32,14,16,12,12,18,12,22,34,10,7,1,15,88,80,37,32,14,16,12,12,18,12,22,34,10,7,1,15,88,1.5,11.9,176.5,0.18,16.8,2,76.9,0.08,21.2,78.1,8.4,5.2,8.3,"2023-2024"
"VIL","ASM","7_9","Regular Season","Kemba  Walker",6,0,0,0,NA,0,1,0,0,0,NA,0,0,0,1,1,1,0,0,0,0,0,"H","W",80,37,32,14,16,12,12,18,12,22,34,10,7,1,15,88,80,37,32,14,16,12,12,18,12,22,34,10,7,1,15,88,0,1.9,0,0,52.6,1,0,0,0,0,52.63,3.2,0,"2023-2024"
"VIL","ASM","7_9","Regular Season","Donatas  Motiejunas",12,3,0,3,0,1,1,100,0,0,NA,1,2,3,1,0,1,0,0,2,0,1,"H","W",80,37,32,14,16,12,12,18,12,22,34,10,7,1,15,88,80,37,32,14,16,12,12,18,12,22,34,10,7,1,15,88,0.75,3.8,78.9,0,26.3,1,37.5,0,0.8,37.5,26.32,4.1,4.2,"2023-2024"
"VIL","ASM","7_9","Regular Season","Donta  Hall",20,5,1,1,100,0,0,NA,3,5,60,1,2,3,1,3,0,0,0,1,5,14,"H","W",80,37,32,14,16,12,12,18,12,22,34,10,7,1,15,88,80,37,32,14,16,12,12,18,12,22,34,10,7,1,15,88,0.83,2.1,238.1,0.06,47.6,Inf,100,5,8.5,78.1,0,1.6,4.2,"2023-2024"
"MAC","OLY","8_1","Regular Season","Thomas  Walkup",33,13,5,8,62.5,1,5,20,0,0,NA,1,5,6,4,1,2,0,0,3,1,13,"A","W",79,43,22,21,22,7,14,21,14,23,37,3,10,3,21,82,79,43,22,21,22,7,14,21,14,23,37,3,10,3,21,82,1,13.4,97,0.1,29.9,2,50,0,9.1,50,14.93,4.3,3.6,"2023-2024"
"MAC","OLY","8_1","Regular Season","Isaiah  Canaan",22,10,0,3,0,2,3,66.7,4,4,100,2,0,2,0,0,1,0,1,1,2,7,"A","W",79,43,22,21,22,7,14,21,14,23,37,3,10,3,21,82,79,43,22,21,22,7,14,21,14,23,37,3,10,3,21,82,1,6.5,153.8,0.04,0,0,50,0.67,6.6,64.4,15.38,3.8,7.1,"2023-2024"
"MAC","OLY","8_1","Regular Season","Moustapha  Fall",35,10,4,7,57.1,0,0,NA,2,3,66.7,1,5,6,4,0,0,1,2,3,3,15,"A","W",79,43,22,21,22,7,14,21,14,23,37,3,10,3,21,82,79,43,22,21,22,7,14,21,14,23,37,3,10,3,21,82,1,7,142.9,0.11,57.1,Inf,57.1,0.43,10.8,60.1,0,2.3,3.6,"2023-2024"
"MAC","OLY","8_1","Regular Season","Kostas  Papanikolaou",26,7,2,6,33.3,1,2,50,0,1,0,4,2,6,3,1,1,0,1,3,2,8,"A","W",79,43,22,21,22,7,14,21,14,23,37,3,10,3,21,82,79,43,22,21,22,7,14,21,14,23,37,3,10,3,21,82,0.78,5.2,134.6,0.04,57.7,3,43.8,0.12,6.5,41.5,19.23,3.4,14.3,"2023-2024"
"MAC","OLY","8_1","Regular Season","Alec  Peters",23,13,3,6,50,2,5,40,1,2,50,2,6,8,3,0,4,1,2,5,3,10,"A","W",79,43,22,21,22,7,14,21,14,23,37,3,10,3,21,82,79,43,22,21,22,7,14,21,14,23,37,3,10,3,21,82,1,13.3,97.7,0.06,22.6,0.8,54.5,0.18,6.9,54.7,30.08,6.6,7.1,"2023-2024"
"MAC","OLY","8_1","Regular Season","Nigel  Williams-Goss",6,8,2,2,100,1,1,100,1,2,50,0,1,1,2,0,0,0,0,0,1,11,"A","W",79,43,22,21,22,7,14,21,14,23,37,3,10,3,21,82,79,43,22,21,22,7,14,21,14,23,37,3,10,3,21,82,1.6,3.7,216.2,0.08,54.1,Inf,116.7,0.67,8.4,103.1,0,6.1,0,"2023-2024"
"MAC","OLY","8_1","Regular Season","Michalis  Lountzis",13,3,1,1,100,0,3,0,1,2,50,0,0,0,1,0,0,1,0,1,1,1,"A","W",79,43,22,21,22,7,14,21,14,23,37,3,10,3,21,82,79,43,22,21,22,7,14,21,14,23,37,3,10,3,21,82,0.5,4.7,63.8,0,21.3,Inf,25,0.5,1.2,30.7,0,3.6,0,"2023-2024"
"MAC","OLY","8_1","Regular Season","Giannoulis  Larentzakis",15,4,0,0,NA,0,2,0,4,4,100,0,2,2,1,0,2,0,0,0,4,7,"A","W",79,43,22,21,22,7,14,21,14,23,37,3,10,3,21,82,79,43,22,21,22,7,14,21,14,23,37,3,10,3,21,82,0.67,5.5,72.7,0.02,18.2,0.5,0,2,1.9,53.2,36.36,3.6,0,"2023-2024"
"MAC","OLY","8_1","Regular Season","Ignas  Brazdeikis",15,3,1,4,25,0,1,0,1,2,50,2,0,2,2,0,0,0,2,1,1,0,"A","W",79,43,22,21,22,7,14,21,14,23,37,3,10,3,21,82,79,43,22,21,22,7,14,21,14,23,37,3,10,3,21,82,0.43,3.7,81.1,0,54.1,Inf,20,0.4,1.9,25.5,0,3.7,7.1,"2023-2024"
"MAC","OLY","8_1","Regular Season","Luke  Sikma",11,8,4,6,66.7,0,0,NA,0,1,0,2,2,4,1,1,0,0,0,4,3,10,"A","W",79,43,22,21,22,7,14,21,14,23,37,3,10,3,21,82,79,43,22,21,22,7,14,21,14,23,37,3,10,3,21,82,1.14,4.3,186,0.05,23.3,Inf,66.7,0.17,7.1,62.1,0,5.6,7.1,"2023-2024"
"OLY","MAC","8_1","Regular Season","James  Webb III",17,10,1,1,100,2,4,50,2,3,66.7,1,2,3,1,2,0,0,0,2,2,13,"H","L",74,33,30,22,20,6,16,17,10,23,33,5,6,8,21,84,74,33,30,22,20,6,16,17,10,23,33,5,6,8,21,84,1.25,5.1,196.1,0.09,19.6,Inf,80,0.6,10.5,79.1,0,3.8,5,"2023-2024"
"OLY","MAC","8_1","Regular Season","Lorenzo  Brown",31,5,2,6,33.3,0,7,0,1,1,100,1,3,4,8,1,2,0,0,4,2,3,"H","L",74,33,30,22,20,6,16,17,10,23,33,5,6,8,21,84,74,33,30,22,20,6,16,17,10,23,33,5,6,8,21,84,0.36,13.9,36,0,57.6,4,15.4,0.08,1.3,18.6,14.39,5.1,5,"2023-2024"
"OLY","MAC","8_1","Regular Season","John  Dibartolomeo",17,2,1,1,100,0,3,0,0,0,NA,0,1,1,1,0,0,0,0,0,2,3,"H","L",74,33,30,22,20,6,16,17,10,23,33,5,6,8,21,84,74,33,30,22,20,6,16,17,10,23,33,5,6,8,21,84,0.5,3.8,52.6,0.01,26.3,Inf,25,0,0.6,25,0,2.4,0,"2023-2024"
"OLY","MAC","8_1","Regular Season","Josh  Nebo",21,5,1,1,100,0,1,0,3,6,50,2,2,4,1,0,0,3,0,0,3,12,"H","L",74,33,30,22,20,6,16,17,10,23,33,5,6,8,21,84,74,33,30,22,20,6,16,17,10,23,33,5,6,8,21,84,0.62,2.5,200,0.06,40,Inf,50,3,7.6,53.9,0,2.2,10,"2023-2024"
"OLY","MAC","8_1","Regular Season","Bonzie  Colson",32,5,2,5,40,0,5,0,1,2,50,3,6,9,0,0,1,3,0,4,3,6,"H","L",74,33,30,22,20,6,16,17,10,23,33,5,6,8,21,84,74,33,30,22,20,6,16,17,10,23,33,5,6,8,21,84,0.42,8.5,58.8,0,0,0,20,0.2,1.8,23,11.76,3.8,15,"2023-2024"
"OLY","MAC","8_1","Regular Season","Antonius  Cleveland",13,5,1,3,33.3,0,0,NA,3,4,75,1,2,3,0,2,0,0,1,3,2,5,"H","L",74,33,30,22,20,6,16,17,10,23,33,5,6,8,21,84,74,33,30,22,20,6,16,17,10,23,33,5,6,8,21,84,0.71,3.6,138.9,0.03,0,NA,33.3,1.33,5,52.5,0,3.7,5,"2023-2024"
"OLY","MAC","8_1","Regular Season","Rafael  Menco",8,0,0,1,0,0,0,NA,0,0,NA,1,0,1,0,0,0,0,0,2,0,-2,"H","L",74,33,30,22,20,6,16,17,10,23,33,5,6,8,21,84,74,33,30,22,20,6,16,17,10,23,33,5,6,8,21,84,0,0,NA,-0.02,NA,NA,0,0,-0.8,0,NA,1.3,5,"2023-2024"
"OLY","MAC","8_1","Regular Season","Roman  Sorkin",15,16,4,5,80,1,1,100,5,5,100,0,1,1,0,0,1,1,0,2,3,17,"H","L",74,33,30,22,20,6,16,17,10,23,33,5,6,8,21,84,74,33,30,22,20,6,16,17,10,23,33,5,6,8,21,84,1.45,8.8,181.8,0.12,0,0,91.7,0.83,13,97.6,11.36,6.2,0,"2023-2024"
"OLY","MAC","8_1","Regular Season","Jasiel  Rivero",16,10,3,4,75,1,1,100,1,1,100,0,2,2,0,0,0,1,1,2,3,12,"H","L",74,33,30,22,20,6,16,17,10,23,33,5,6,8,21,84,74,33,30,22,20,6,16,17,10,23,33,5,6,8,21,84,1.67,5.2,192.3,0.08,0,NA,90,0.2,8.6,91.9,0,3.5,0,"2023-2024"
"OLY","MAC","8_1","Regular Season","Jake  Cohen",3,3,0,0,NA,1,2,50,0,0,NA,0,1,1,0,0,0,0,0,0,0,3,"H","L",74,33,30,22,20,6,16,17,10,23,33,5,6,8,21,84,74,33,30,22,20,6,16,17,10,23,33,5,6,8,21,84,1.5,1.9,157.9,0.03,0,NA,75,0,2.3,75,0,6.8,0,"2023-2024"
"OLY","MAC","8_1","Regular Season","Tamir  Blatt",26,13,5,6,83.3,1,6,16.7,0,0,NA,1,3,4,6,0,2,0,1,2,0,12,"H","L",74,33,30,22,20,6,16,17,10,23,33,5,6,8,21,84,74,33,30,22,20,6,16,17,10,23,33,5,6,8,21,84,1.08,12.5,104,0.11,48,3,54.2,0,10,54.2,16,5.5,5,"2023-2024"
"ASM","EFE","8_2","Regular Season","Shane  Larkin",36,25,6,8,75,4,9,44.4,1,2,50,0,1,1,4,1,1,0,0,1,4,25,"A","W",89,34,30,7,22,13,6,24,5,22,27,7,7,3,22,107,89,34,30,7,22,13,6,24,5,22,27,7,7,3,22,107,1.32,18.1,138.1,0.12,22.1,4,70.6,0.12,19.4,69.9,5.52,5.7,0,"2023-2024"
"ASM","EFE","8_2","Regular Season","Rodrigue  Beaubois",31,21,6,7,85.7,3,5,60,0,0,NA,0,2,2,5,0,2,0,0,3,2,22,"A","W",89,34,30,7,22,13,6,24,5,22,27,7,7,3,22,107,89,34,30,7,22,13,6,24,5,22,27,7,7,3,22,107,1.75,13.4,156.7,0.11,37.3,2.5,87.5,0,17.1,87.5,14.93,4.9,0,"2023-2024"
"ASM","EFE","8_2","Regular Season","Darius  Thompson",32,16,2,5,40,3,6,50,3,3,100,0,3,3,5,3,2,0,0,4,4,19,"A","W",89,34,30,7,22,13,6,24,5,22,27,7,7,3,22,107,89,34,30,7,22,13,6,24,5,22,27,7,7,3,22,107,1.14,13.7,116.8,0.09,36.5,2.5,59.1,0.27,14.1,64.9,14.6,4.8,0,"2023-2024"
"ASM","EFE","8_2","Regular Season","Derek  Willis",29,8,0,0,NA,2,4,50,2,2,100,1,4,5,2,1,0,0,0,2,3,15,"A","W",89,34,30,7,22,13,6,24,5,22,27,7,7,3,22,107,89,34,30,7,22,13,6,24,5,22,27,7,7,3,22,107,1.33,3.7,216.2,0.07,54.1,Inf,75,0.5,9.5,82,0,1.8,10,"2023-2024"
"ASM","EFE","8_2","Regular Season","Ante  Zizic",23,6,3,4,75,0,0,NA,0,0,NA,0,4,4,0,0,0,0,0,3,1,7,"A","W",89,34,30,7,22,13,6,24,5,22,27,7,7,3,22,107,89,34,30,7,22,13,6,24,5,22,27,7,7,3,22,107,1.5,3.8,157.9,0.03,0,NA,75,0,4.4,75,0,1.9,0,"2023-2024"
"ASM","EFE","8_2","Regular Season","Will  Clyburn",22,4,2,4,50,0,4,0,0,0,NA,2,4,6,5,0,1,0,0,1,2,9,"A","W",89,34,30,7,22,13,6,24,5,22,27,7,7,3,22,107,89,34,30,7,22,13,6,24,5,22,27,7,7,3,22,107,0.5,6.7,59.7,0.03,74.6,5,25,0,3.9,25,14.93,4.4,20,"2023-2024"
"ASM","EFE","8_2","Regular Season","Tibor  Pleiss",6,7,2,3,66.7,1,1,100,0,0,NA,0,1,1,0,1,1,0,0,1,0,6,"A","W",89,34,30,7,22,13,6,24,5,22,27,7,7,3,22,107,89,34,30,7,22,13,6,24,5,22,27,7,7,3,22,107,1.75,4.8,145.8,0.03,0,0,87.5,0,5.3,87.5,20.83,9,0,"2023-2024"
"ASM","EFE","8_2","Regular Season","Justus  Hollatz",3,0,0,0,NA,0,0,NA,0,0,NA,1,0,1,0,0,0,0,0,1,0,0,"A","W",89,34,30,7,22,13,6,24,5,22,27,7,7,3,22,107,89,34,30,7,22,13,6,24,5,22,27,7,7,3,22,107,NA,-1,0,0,0,NA,NA,NA,0.3,NA,0,0,10,"2023-2024"
"ASM","EFE","8_2","Regular Season","Erkan  Yilmaz",10,0,0,2,0,0,1,0,0,0,NA,1,2,3,2,1,0,1,0,3,0,1,"A","W",89,34,30,7,22,13,6,24,5,22,27,7,7,3,22,107,89,34,30,7,22,13,6,24,5,22,27,7,7,3,22,107,0,1.9,0,0,105.3,Inf,0,0,1.1,0,0,3.2,10,"2023-2024"
"ASM","EFE","8_2","Regular Season","Tyrique  Jones",7,2,1,1,100,0,0,NA,0,0,NA,0,1,1,1,0,0,2,0,3,0,3,"A","W",89,34,30,7,22,13,6,24,5,22,27,7,7,3,22,107,89,34,30,7,22,13,6,24,5,22,27,7,7,3,22,107,2,1,200,0.01,100,Inf,100,0,2.9,100,0,1.5,0,"2023-2024"
"EFE","ASM","8_2","Regular Season","John  Brown III",33,13,3,5,60,0,1,0,7,8,87.5,5,3,8,1,2,2,0,0,1,6,23,"H","L",82,41,21,26,19,7,23,11,10,21,31,4,9,0,16,83,82,41,21,26,19,7,23,11,10,21,31,4,9,0,16,83,0.93,6.3,206.3,0.12,15.9,0.5,50,1.33,14.3,68.3,31.75,3.4,25,"2023-2024"
"EFE","ASM","8_2","Regular Season","Jordan  Loyd",31,19,1,4,25,3,6,50,8,8,100,0,4,4,1,1,2,0,0,4,6,19,"H","L",82,41,21,26,19,7,23,11,10,21,31,4,9,0,16,83,82,41,21,26,19,7,23,11,10,21,31,4,9,0,16,83,1.06,14.9,127.5,0.11,6.7,0.5,55,0.8,12.9,70.3,13.42,4.9,0,"2023-2024"
"EFE","ASM","8_2","Regular Season","Donatas  Motiejunas",19,13,4,7,57.1,1,1,100,2,2,100,0,1,1,2,1,3,0,0,2,2,11,"H","L",82,41,21,26,19,7,23,11,10,21,31,4,9,0,16,83,82,41,21,26,19,7,23,11,10,21,31,4,9,0,16,83,1.3,11.4,114,0.08,17.5,0.7,68.8,0.25,8.3,73.2,26.32,6.1,0,"2023-2024"
"EFE","ASM","8_2","Regular Season","Yakuba  Ouattara",7,3,0,0,NA,1,1,100,0,0,NA,0,0,0,0,0,0,0,0,1,0,2,"H","L",82,41,21,26,19,7,23,11,10,21,31,4,9,0,16,83,82,41,21,26,19,7,23,11,10,21,31,4,9,0,16,83,3,1,300,0.02,0,NA,150,0,2.3,150,0,1.4,0,"2023-2024"
"EFE","ASM","8_2","Regular Season","Mike  James",32,12,6,10,60,0,3,0,0,0,NA,0,5,5,4,0,2,0,1,1,0,10,"H","L",82,41,21,26,19,7,23,11,10,21,31,4,9,0,16,83,82,41,21,26,19,7,23,11,10,21,31,4,9,0,16,83,0.92,14.4,83.3,0.09,27.8,2,46.2,0,7.2,46.2,13.89,4.5,0,"2023-2024"
"EFE","ASM","8_2","Regular Season","Elie  Okobo",19,5,1,6,16.7,1,4,25,0,0,NA,0,6,6,1,0,0,0,0,2,1,3,"H","L",82,41,21,26,19,7,23,11,10,21,31,4,9,0,16,83,82,41,21,26,19,7,23,11,10,21,31,4,9,0,16,83,0.5,9.6,52.1,0.02,10.4,Inf,25,0,0.5,25,0,5.1,0,"2023-2024"
"EFE","ASM","8_2","Regular Season","Jaron  Blossomgame",16,0,0,1,0,0,2,0,0,0,NA,0,0,0,0,0,0,0,0,3,0,-6,"H","L",82,41,21,26,19,7,23,11,10,21,31,4,9,0,16,83,82,41,21,26,19,7,23,11,10,21,31,4,9,0,16,83,0,2.9,0,-0.05,0,NA,0,0,-3.3,0,0,1.8,0,"2023-2024"
"EFE","ASM","8_2","Regular Season","Alpha  Diallo",24,10,2,5,40,1,2,50,3,4,75,1,1,2,0,0,0,0,2,2,2,5,"H","L",82,41,21,26,19,7,23,11,10,21,31,4,9,0,16,83,82,41,21,26,19,7,23,11,10,21,31,4,9,0,16,83,0.91,7.4,135.1,0.04,0,NA,50,0.57,6.1,57.1,0,3.5,5,"2023-2024"
"EFE","ASM","8_2","Regular Season","Petr  Cornelie",4,2,0,0,NA,0,0,NA,2,2,100,0,0,0,0,0,0,0,0,0,1,3,"H","L",82,41,21,26,19,7,23,11,10,21,31,4,9,0,16,83,82,41,21,26,19,7,23,11,10,21,31,4,9,0,16,83,1,0.8,250,0.02,0,NA,NA,Inf,2,113.6,0,2.1,0,"2023-2024"
"EFE","ASM","8_2","Regular Season","Kemba  Walker",5,2,1,1,100,0,1,0,0,0,NA,0,1,1,1,0,0,0,0,0,0,3,"H","L",82,41,21,26,19,7,23,11,10,21,31,4,9,0,16,83,82,41,21,26,19,7,23,11,10,21,31,4,9,0,16,83,1,1.9,105.3,0.03,52.6,Inf,50,0,2,50,0,3.9,0,"2023-2024"
"EFE","ASM","8_2","Regular Season","Donta  Hall",7,3,1,2,50,0,0,NA,1,2,50,4,0,4,1,0,0,0,0,0,4,10,"H","L",82,41,21,26,19,7,23,11,10,21,31,4,9,0,16,83,82,41,21,26,19,7,23,11,10,21,31,4,9,0,16,83,0.75,-1.1,-272.7,0.03,-90.9,Inf,50,1,5.1,52.1,0,4,20,"2023-2024"
"CRV","FEN","8_3","Regular Season","Johnathan  Motley",22,8,4,7,57.1,0,1,0,0,2,0,2,2,4,2,0,2,1,0,2,4,9,"A","L",56,33,24,4,15,8,2,13,5,19,24,2,11,6,17,52,56,33,24,4,15,8,2,13,5,19,24,2,11,6,17,52,0.8,8.5,94.1,0.06,23.5,1,50,0.25,4.5,45,23.53,5.7,20,"2023-2024"
"CRV","FEN","8_3","Regular Season","Nigel  Hayes-Davis",28,12,3,6,50,2,4,50,0,0,NA,0,3,3,1,0,1,0,0,1,1,10,"A","L",56,33,24,4,15,8,2,13,5,19,24,2,11,6,17,52,56,33,24,4,15,8,2,13,5,19,24,2,11,6,17,52,1.2,10.6,113.2,0.14,9.4,1,60,0,7.2,60,9.43,4.5,0,"2023-2024"
"CRV","FEN","8_3","Regular Season","Tyler  Dorsey",22,3,0,2,0,1,4,25,0,0,NA,1,0,1,1,0,0,1,0,2,3,2,"A","L",56,33,24,4,15,8,2,13,5,19,24,2,11,6,17,52,56,33,24,4,15,8,2,13,5,19,24,2,11,6,17,52,0.5,4.8,62.5,-0.03,20.8,Inf,25,0,0.5,25,0,3.1,10,"2023-2024"
"CRV","FEN","8_3","Regular Season","Yam  Madar",25,3,0,1,0,1,3,33.3,0,0,NA,0,2,2,3,1,4,0,0,3,3,2,"A","L",56,33,24,4,15,8,2,13,5,19,24,2,11,6,17,52,56,33,24,4,15,8,2,13,5,19,24,2,11,6,17,52,0.75,7.7,39,-0.02,39,0.8,37.5,0,-0.9,37.5,51.95,3.7,0,"2023-2024"
"CRV","FEN","8_3","Regular Season","Nathan  Sestina",20,6,3,3,100,0,2,0,0,0,NA,0,5,5,1,0,0,1,0,2,2,11,"A","L",56,33,24,4,15,8,2,13,5,19,24,2,11,6,17,52,56,33,24,4,15,8,2,13,5,19,24,2,11,6,17,52,1.2,4.8,125,0.13,20.8,Inf,60,0,5.8,60,0,2.9,0,"2023-2024"
"CRV","FEN","8_3","Regular Season","Sehmus  Hazer",14,2,0,1,0,0,1,0,2,2,100,1,1,2,0,0,0,0,0,1,1,2,"A","L",56,33,24,4,15,8,2,13,5,19,24,2,11,6,17,52,56,33,24,4,15,8,2,13,5,19,24,2,11,6,17,52,0.5,1.8,111.1,0.01,0,NA,0,1,1.2,34.7,0,2.4,10,"2023-2024"
"CRV","FEN","8_3","Regular Season","Scottie  Wilbekin",24,6,0,4,0,2,5,40,0,0,NA,1,2,3,1,1,3,0,0,1,1,1,"A","L",56,33,24,4,15,8,2,13,5,19,24,2,11,6,17,52,56,33,24,4,15,8,2,13,5,19,24,2,11,6,17,52,0.67,10.6,56.6,-0.01,9.4,0.3,33.3,0,0.1,33.3,28.3,5.7,10,"2023-2024"
"CRV","FEN","8_3","Regular Season","Georgios  Papagiannis",22,6,3,7,42.9,0,1,0,0,0,NA,0,4,4,2,0,0,3,0,2,0,8,"A","L",56,33,24,4,15,8,2,13,5,19,24,2,11,6,17,52,56,33,24,4,15,8,2,13,5,19,24,2,11,6,17,52,0.75,7.7,77.9,0.1,26,Inf,37.5,0,5.5,37.5,0,4.2,0,"2023-2024"
"CRV","FEN","8_3","Regular Season","Melih  Mahmutoglu",7,3,0,0,NA,1,2,50,0,0,NA,0,0,0,0,0,0,0,0,0,0,2,"A","L",56,33,24,4,15,8,2,13,5,19,24,2,11,6,17,52,56,33,24,4,15,8,2,13,5,19,24,2,11,6,17,52,1.5,1.9,157.9,0.03,0,NA,75,0,2,75,0,3.3,0,"2023-2024"
"CRV","FEN","8_3","Regular Season","Tarik  Biberovic",15,7,2,2,100,1,1,100,0,0,NA,0,0,0,2,0,1,0,0,3,0,5,"A","L",56,33,24,4,15,8,2,13,5,19,24,2,11,6,17,52,56,33,24,4,15,8,2,13,5,19,24,2,11,6,17,52,2.33,3.8,184.2,0.08,52.6,2,116.7,0,5.3,116.7,26.32,3.1,0,"2023-2024"
"FEN","CRV","8_3","Regular Season","Luka  Mitrovic",21,8,4,7,57.1,0,1,0,0,1,0,2,6,8,1,3,1,0,0,1,3,16,"H","W",87,37,27,9,20,13,8,18,9,27,36,8,7,0,15,106,87,37,27,9,20,13,8,18,9,27,36,8,7,0,15,106,0.89,7.1,112.7,0.07,14.1,1,50,0.12,9.1,47.4,14.08,4.8,11.1,"2023-2024"
"FEN","CRV","8_3","Regular Season","Shabazz  Napier",1,0,0,0,NA,0,0,NA,0,0,NA,0,0,0,0,0,0,0,0,0,0,0,"H","W",87,37,27,9,20,13,8,18,9,27,36,8,7,0,15,106,87,37,27,9,20,13,8,18,9,27,36,8,7,0,15,106,NA,0,NA,0,NA,NA,NA,NA,0,NA,NA,0,0,"2023-2024"
"FEN","CRV","8_3","Regular Season","Joel  Bolomboy",16,14,5,7,71.4,0,1,0,4,4,100,1,1,2,0,1,1,0,0,1,5,17,"H","W",87,37,27,9,20,13,8,18,9,27,36,8,7,0,15,106,87,37,27,9,20,13,8,18,9,27,36,8,7,0,15,106,1.17,9.4,148.9,0.06,0,0,62.5,0.5,11,71.7,10.64,7.2,5.6,"2023-2024"
"FEN","CRV","8_3","Regular Season","Nemanja  Nedovic",25,12,3,5,60,2,6,33.3,0,0,NA,1,3,4,5,1,0,0,1,3,2,14,"H","W",87,37,27,9,20,13,8,18,9,27,36,8,7,0,15,106,87,37,27,9,20,13,8,18,9,27,36,8,7,0,15,106,1.09,9.6,125,0.07,52.1,Inf,54.5,0,11.2,54.5,0,4.7,5.6,"2023-2024"
"FEN","CRV","8_3","Regular Season","Rokas  Giedraitis",25,7,2,6,33.3,1,2,50,0,0,NA,3,0,3,0,1,1,0,3,1,0,1,"H","W",87,37,27,9,20,13,8,18,9,27,36,8,7,0,15,106,87,37,27,9,20,13,8,18,9,27,36,8,7,0,15,106,0.88,5.8,120.7,0.01,0,0,43.8,0,4.3,43.8,17.24,3.8,16.7,"2023-2024"
"FEN","CRV","8_3","Regular Season","Stefan  Lazarevic",19,11,3,4,75,1,2,50,2,2,100,1,2,3,0,0,0,0,0,4,3,11,"H","W",87,37,27,9,20,13,8,18,9,27,36,8,7,0,15,106,87,37,27,9,20,13,8,18,9,27,36,8,7,0,15,106,1.38,5.6,196.4,0.04,0,NA,75,0.33,8.1,79.9,0,3.9,5.6,"2023-2024"
"FEN","CRV","8_3","Regular Season","Milos  Teodosic",20,18,2,2,100,4,5,80,2,2,100,0,1,1,3,1,1,0,0,2,2,21,"H","W",87,37,27,9,20,13,8,18,9,27,36,8,7,0,15,106,87,37,27,9,20,13,8,18,9,27,36,8,7,0,15,106,2,8.5,211.8,0.1,35.3,3,114.3,0.29,17.1,114.2,11.76,4.7,0,"2023-2024"
"FEN","CRV","8_3","Regular Season","Dejan  Davidovac",19,3,0,0,NA,1,1,100,0,0,NA,0,2,2,3,0,0,0,0,0,0,8,"H","W",87,37,27,9,20,13,8,18,9,27,36,8,7,0,15,106,87,37,27,9,20,13,8,18,9,27,36,8,7,0,15,106,3,1,300,0.04,300,Inf,150,0,5.4,150,0,0.6,0,"2023-2024"
"FEN","CRV","8_3","Regular Season","Mike  Tobey",18,3,0,2,0,1,3,33.3,0,0,NA,1,5,6,1,0,0,0,0,3,1,4,"H","W",87,37,27,9,20,13,8,18,9,27,36,8,7,0,15,106,87,37,27,9,20,13,8,18,9,27,36,8,7,0,15,106,0.6,3.8,78.9,0.01,26.3,Inf,30,0,1.6,30,0,3,5.6,"2023-2024"
"FEN","CRV","8_3","Regular Season","Dalibor  Ilic",4,0,0,0,NA,0,0,NA,0,0,NA,0,3,3,0,0,0,0,0,0,0,3,"H","W",87,37,27,9,20,13,8,18,9,27,36,8,7,0,15,106,87,37,27,9,20,13,8,18,9,27,36,8,7,0,15,106,NA,0,NA,0.02,NA,NA,NA,NA,0.9,NA,NA,0,0,"2023-2024"
"FEN","CRV","8_3","Regular Season","Ognjen  Kuzmic",5,0,0,1,0,0,0,NA,0,0,NA,0,0,0,1,0,0,0,0,0,0,0,"H","W",87,37,27,9,20,13,8,18,9,27,36,8,7,0,15,106,87,37,27,9,20,13,8,18,9,27,36,8,7,0,15,106,0,1,0,0,100,Inf,0,0,0,0,0,2.1,0,"2023-2024"
"FEN","CRV","8_3","Regular Season","Yago Mateus dos Santos",26,11,1,3,33.3,3,6,50,0,0,NA,0,4,4,4,1,3,0,2,0,1,11,"H","W",87,37,27,9,20,13,8,18,9,27,36,8,7,0,15,106,87,37,27,9,20,13,8,18,9,27,36,8,7,0,15,106,1.22,11.5,95.7,0.07,34.8,1.3,61.1,0,8.3,61.1,26.09,4.9,0,"2023-2024"
"RMB","VAL","8_4","Regular Season","Victor  Claver",13,0,0,0,NA,0,0,NA,0,0,NA,0,1,1,0,0,0,0,0,4,0,-3,"H","L",73,49,13,9,28,4,5,15,7,16,23,3,11,1,22,58,73,49,13,9,28,4,5,15,7,16,23,3,11,1,22,58,NA,0,NA,-0.03,NA,NA,NA,NA,-1.3,NA,NA,0,0,"2023-2024"
"RMB","VAL","8_4","Regular Season","Xabi  Lopez-Arostegui",22,4,2,3,66.7,0,0,NA,0,0,NA,0,1,1,1,0,0,0,0,4,0,1,"H","L",73,49,13,9,28,4,5,15,7,16,23,3,11,1,22,58,73,49,13,9,28,4,5,15,7,16,23,3,11,1,22,58,1.33,2.9,137.9,0.01,34.5,Inf,66.7,0,2.1,66.7,0,1.4,0,"2023-2024"
"RMB","VAL","8_4","Regular Season","Chris  Jones",27,12,6,14,42.9,0,1,0,0,0,NA,0,1,1,4,2,3,0,1,3,1,4,"H","L",73,49,13,9,28,4,5,15,7,16,23,3,11,1,22,58,73,49,13,9,28,4,5,15,7,16,23,3,11,1,22,58,0.8,17.3,69.4,0.05,23.1,1.3,40,0,4.8,40,17.34,6.9,0,"2023-2024"
"RMB","VAL","8_4","Regular Season","Damien  Inglis",25,12,6,9,66.7,0,0,NA,0,2,0,2,2,4,0,0,2,0,0,3,2,8,"H","L",73,49,13,9,28,4,5,15,7,16,23,3,11,1,22,58,73,49,13,9,28,4,5,15,7,16,23,3,11,1,22,58,1.09,9.5,126.3,0.06,0,0,66.7,0.22,6.1,60.7,21.05,4.9,14.3,"2023-2024"
"RMB","VAL","8_4","Regular Season","Brandon  Davies",29,22,8,11,72.7,2,6,33.3,0,0,NA,2,1,3,4,0,2,1,2,1,2,20,"H","L",73,49,13,9,28,4,5,15,7,16,23,3,11,1,22,58,73,49,13,9,28,4,5,15,7,16,23,3,11,1,22,58,1.29,16.3,135,0.21,24.5,2,64.7,0,16.9,64.7,12.27,6.8,14.3,"2023-2024"
"RMB","VAL","8_4","Regular Season","Josep  Puerto",9,0,0,0,NA,0,1,0,0,0,NA,1,0,1,0,0,0,0,0,0,0,0,"H","L",73,49,13,9,28,4,5,15,7,16,23,3,11,1,22,58,73,49,13,9,28,4,5,15,7,16,23,3,11,1,22,58,0,0,NA,-0.01,NA,NA,0,0,0,0,NA,1.2,7.1,"2023-2024"
"RMB","VAL","8_4","Regular Season","Nate  Reuvers",11,2,1,1,100,0,0,NA,0,1,0,0,3,3,0,0,0,0,0,1,2,5,"H","L",73,49,13,9,28,4,5,15,7,16,23,3,11,1,22,58,73,49,13,9,28,4,5,15,7,16,23,3,11,1,22,58,1,1.4,142.9,0.03,0,NA,100,1,1.8,69.4,0,1.4,0,"2023-2024"
"RMB","VAL","8_4","Regular Season","Jaime  Pradilla",3,0,0,0,NA,0,0,NA,0,0,NA,1,0,1,0,0,0,0,0,1,0,0,"H","L",73,49,13,9,28,4,5,15,7,16,23,3,11,1,22,58,73,49,13,9,28,4,5,15,7,16,23,3,11,1,22,58,NA,-1,0,-0.01,0,NA,NA,NA,0.3,NA,0,0,7.1,"2023-2024"
"RMB","VAL","8_4","Regular Season","Stefan  Jovic",16,4,2,3,66.7,0,1,0,0,0,NA,0,2,2,5,0,1,0,0,0,1,9,"H","L",73,49,13,9,28,4,5,15,7,16,23,3,11,1,22,58,73,49,13,9,28,4,5,15,7,16,23,3,11,1,22,58,1,4.8,83.3,0.09,104.2,5,50,0,5.1,50,20.83,3.2,0,"2023-2024"
"RMB","VAL","8_4","Regular Season","Boubacar  Toure",11,4,1,2,50,0,0,NA,2,2,100,0,1,1,0,0,2,0,0,3,1,0,"H","L",73,49,13,9,28,4,5,15,7,16,23,3,11,1,22,58,73,49,13,9,28,4,5,15,7,16,23,3,11,1,22,58,1,4.7,85.1,-0.01,0,0,50,1,0.1,69.4,42.55,4.6,0,"2023-2024"
"RMB","VAL","8_4","Regular Season","Kassius  Robertson",12,0,0,3,0,0,1,0,0,0,NA,0,2,2,1,0,1,0,2,1,1,-4,"H","L",73,49,13,9,28,4,5,15,7,16,23,3,11,1,22,58,73,49,13,9,28,4,5,15,7,16,23,3,11,1,22,58,0,4.8,0,-0.03,20.8,1,0,0,-2.9,0,20.83,4.3,0,"2023-2024"
"RMB","VAL","8_4","Regular Season","Semi  Ojeleye",20,13,2,3,66.7,2,3,66.7,3,4,75,1,2,3,0,1,0,0,0,1,5,18,"H","L",73,49,13,9,28,4,5,15,7,16,23,3,11,1,22,58,73,49,13,9,28,4,5,15,7,16,23,3,11,1,22,58,1.3,6.5,200,0.14,0,NA,83.3,0.67,11.9,83.8,0,4,7.1,"2023-2024"
"VAL","RMB","8_4","Regular Season","Facundo  Campazzo",30,15,2,5,40,3,6,50,2,2,100,1,4,5,5,2,3,0,0,1,6,23,"A","W",76,27,27,15,16,10,14,15,6,22,28,6,13,5,15,93,76,27,27,15,16,10,14,15,6,22,28,6,13,5,15,93,1.15,13.3,112.8,0.12,37.6,1.7,59.1,0.18,13.3,63.1,22.56,5.4,8.3,"2023-2024"
"VAL","RMB","8_4","Regular Season","Gabriel  Deck",23,17,5,5,100,1,2,50,4,4,100,2,1,3,0,0,1,0,0,2,3,19,"A","W",76,27,27,15,16,10,14,15,6,22,28,6,13,5,15,93,76,27,27,15,16,10,14,15,6,22,28,6,13,5,15,93,1.55,7.4,229.7,0.11,0,0,92.9,0.57,14.4,97,13.51,4.6,16.7,"2023-2024"
"VAL","RMB","8_4","Regular Season","Walter  Tavares",29,6,2,5,40,0,0,NA,2,2,100,3,4,7,1,1,2,4,0,4,1,11,"A","W",76,27,27,15,16,10,14,15,6,22,28,6,13,5,15,93,76,27,27,15,16,10,14,15,6,22,28,6,13,5,15,93,0.86,4.7,127.7,0.05,21.3,0.5,40,0.4,7.5,51,42.55,3,25,"2023-2024"
"VAL","RMB","8_4","Regular Season","Guerschon  Yabusele",19,5,0,0,NA,1,3,33.3,2,2,100,0,4,4,0,0,1,0,0,1,2,7,"A","W",76,27,27,15,16,10,14,15,6,22,28,6,13,5,15,93,76,27,27,15,16,10,14,15,6,22,28,6,13,5,15,93,1,4.7,106.4,0.04,0,0,50,0.67,3.1,64.4,21.28,2.8,0,"2023-2024"
"VAL","RMB","8_4","Regular Season","Dzanan  Musa",17,10,2,3,66.7,1,3,33.3,3,4,75,0,3,3,3,0,2,0,1,1,5,13,"A","W",76,27,27,15,16,10,14,15,6,22,28,6,13,5,15,93,76,27,27,15,16,10,14,15,6,22,28,6,13,5,15,93,1,9.4,106.4,0.07,31.9,1.5,58.3,0.67,7.2,64.4,21.28,6.2,0,"2023-2024"
"VAL","RMB","8_4","Regular Season","Fabien  Causeur",9,0,0,1,0,0,0,NA,0,0,NA,0,1,1,0,0,0,0,0,0,2,2,"A","W",76,27,27,15,16,10,14,15,6,22,28,6,13,5,15,93,76,27,27,15,16,10,14,15,6,22,28,6,13,5,15,93,0,1,0,0,0,NA,0,0,-0.4,0,0,1.2,0,"2023-2024"
"VAL","RMB","8_4","Regular Season","Rudy  Fernandez",9,6,0,0,NA,2,3,66.7,0,0,NA,0,1,1,1,1,0,0,0,1,1,8,"A","W",76,27,27,15,16,10,14,15,6,22,28,6,13,5,15,93,76,27,27,15,16,10,14,15,6,22,28,6,13,5,15,93,2,2.9,206.9,0.05,34.5,Inf,100,0,6.3,100,0,3.6,0,"2023-2024"
"VAL","RMB","8_4","Regular Season","Alberto   Abalde",6,0,0,1,0,0,0,NA,0,0,NA,0,0,0,1,1,0,0,0,0,0,1,"A","W",76,27,27,15,16,10,14,15,6,22,28,6,13,5,15,93,76,27,27,15,16,10,14,15,6,22,28,6,13,5,15,93,0,1,0,0.01,100,Inf,0,0,1,0,0,1.8,0,"2023-2024"
"VAL","RMB","8_4","Regular Season","Mario  Hezonja",20,12,3,4,75,2,3,66.7,0,0,NA,0,2,2,0,1,2,0,0,2,1,10,"A","W",76,27,27,15,16,10,14,15,6,22,28,6,13,5,15,93,76,27,27,15,16,10,14,15,6,22,28,6,13,5,15,93,1.71,8.6,139.5,0.07,0,0,85.7,0,7.9,85.7,23.26,4.9,0,"2023-2024"
"VAL","RMB","8_4","Regular Season","Sergio  Rodriguez",11,0,0,0,NA,0,4,0,0,0,NA,0,1,1,0,0,2,0,0,2,0,-7,"A","W",76,27,27,15,16,10,14,15,6,22,28,6,13,5,15,93,76,27,27,15,16,10,14,15,6,22,28,6,13,5,15,93,0,5.8,0,-0.05,0,0,0,0,-5.3,0,34.48,5.9,0,"2023-2024"
"VAL","RMB","8_4","Regular Season","Vincent  Poirier",11,0,0,1,0,0,0,NA,0,0,NA,0,1,1,2,0,0,1,0,1,0,2,"A","W",76,27,27,15,16,10,14,15,6,22,28,6,13,5,15,93,76,27,27,15,16,10,14,15,6,22,28,6,13,5,15,93,0,1,0,0.01,200,Inf,0,0,1.3,0,0,1,0,"2023-2024"
"VAL","RMB","8_4","Regular Season","Sergio  Llull",15,5,2,2,100,0,3,0,1,1,100,0,0,0,2,0,0,0,0,0,0,4,"A","W",76,27,27,15,16,10,14,15,6,22,28,6,13,5,15,93,76,27,27,15,16,10,14,15,6,22,28,6,13,5,15,93,0.83,5.2,96.2,0.03,38.5,Inf,40,0.2,3.7,46,0,3.9,0,"2023-2024"
"BOL","MIL","8_5","Regular Season","Maodo  Lo",30,13,2,5,40,3,5,60,0,0,NA,0,1,1,6,0,2,0,1,1,2,13,"A","L",79,31,29,16,17,12,9,18,9,22,31,4,12,2,17,80,79,31,29,16,17,12,9,18,9,22,31,4,12,2,17,80,1.3,11.5,113,0.1,52.2,3,65,0,10.1,65,17.39,4,0,"2023-2024"
"BOL","MIL","8_5","Regular Season","Nicolo  Melli",24,10,2,3,66.7,2,2,100,0,2,0,0,4,4,4,0,2,1,0,4,1,11,"A","L",79,31,29,16,17,12,9,18,9,22,31,4,12,2,17,80,79,31,29,16,17,12,9,18,9,22,31,4,12,2,17,80,1.43,7.6,131.6,0.08,52.6,2,100,0.4,8.4,85,26.32,3.3,0,"2023-2024"
"BOL","MIL","8_5","Regular Season","Shavon  Shields",32,21,2,4,50,5,8,62.5,2,3,66.7,1,3,4,3,1,3,0,0,1,3,22,"A","L",79,31,29,16,17,12,9,18,9,22,31,4,12,2,17,80,79,31,29,16,17,12,9,18,9,22,31,4,12,2,17,80,1.4,14.7,142.9,0.15,20.4,1,79.2,0.25,16.3,78.8,20.41,5.2,5.6,"2023-2024"
"BOL","MIL","8_5","Regular Season","Nikola  Mirotic",29,16,4,6,66.7,2,5,40,2,4,50,2,5,7,1,2,2,0,0,3,3,17,"A","L",79,31,29,16,17,12,9,18,9,22,31,4,12,2,17,80,79,31,29,16,17,12,9,18,9,22,31,4,12,2,17,80,1.07,12.2,131.1,0.11,8.2,0.5,63.6,0.36,12.3,62.7,16.39,5.2,11.1,"2023-2024"
"BOL","MIL","8_5","Regular Season","Johannes  Voigtmann",21,11,5,6,83.3,0,2,0,1,1,100,1,3,4,3,0,1,0,0,2,2,14,"A","L",79,31,29,16,17,12,9,18,9,22,31,4,12,2,17,80,79,31,29,16,17,12,9,18,9,22,31,4,12,2,17,80,1.22,8.1,135.8,0.09,37,3,62.5,0.12,9.3,65.2,12.35,4.5,5.6,"2023-2024"
"BOL","MIL","8_5","Regular Season","Alex  Poythress",5,0,0,0,NA,0,0,NA,0,0,NA,0,2,2,0,0,0,1,0,0,0,3,"A","L",79,31,29,16,17,12,9,18,9,22,31,4,12,2,17,80,79,31,29,16,17,12,9,18,9,22,31,4,12,2,17,80,NA,0,NA,0.02,NA,NA,NA,NA,1.3,NA,NA,0,0,"2023-2024"
"BOL","MIL","8_5","Regular Season","Stefano  Tonut",14,0,0,2,0,0,1,0,0,0,NA,2,0,2,1,0,0,0,1,1,0,-2,"A","L",79,31,29,16,17,12,9,18,9,22,31,4,12,2,17,80,79,31,29,16,17,12,9,18,9,22,31,4,12,2,17,80,0,1,0,-0.02,100,Inf,0,0,-0.4,0,0,2.2,11.1,"2023-2024"
"BOL","MIL","8_5","Regular Season","Giampaolo  Ricci",7,0,0,0,NA,0,2,0,0,0,NA,0,1,1,0,0,0,0,0,1,0,-2,"A","L",79,31,29,16,17,12,9,18,9,22,31,4,12,2,17,80,79,31,29,16,17,12,9,18,9,22,31,4,12,2,17,80,0,1.9,0,-0.02,0,NA,0,0,-1.5,0,0,2.9,0,"2023-2024"
"BOL","MIL","8_5","Regular Season","Diego  Flaccadori",10,0,0,2,0,0,3,0,0,0,NA,0,0,0,0,1,1,0,0,2,0,-7,"A","L",79,31,29,16,17,12,9,18,9,22,31,4,12,2,17,80,79,31,29,16,17,12,9,18,9,22,31,4,12,2,17,80,0,5.8,0,-0.06,0,0,0,0,-4.3,0,17.24,6.1,0,"2023-2024"
"BOL","MIL","8_5","Regular Season","Devon  Hall",12,0,0,0,NA,0,1,0,0,0,NA,1,0,1,0,0,0,0,0,0,1,1,"A","L",79,31,29,16,17,12,9,18,9,22,31,4,12,2,17,80,79,31,29,16,17,12,9,18,9,22,31,4,12,2,17,80,0,0,NA,0,NA,NA,0,0,0,0,NA,0.8,5.6,"2023-2024"
"BOL","MIL","8_5","Regular Season","Kyle  Hines",15,8,2,3,66.7,0,0,NA,4,6,66.7,2,3,5,0,0,1,0,0,2,3,10,"A","L",79,31,29,16,17,12,9,18,9,22,31,4,12,2,17,80,79,31,29,16,17,12,9,18,9,22,31,4,12,2,17,80,0.89,4.5,177.8,0.05,0,0,66.7,2,6.4,70.9,22.22,4.5,11.1,"2023-2024"
"MIL","BOL","8_5","Regular Season","Isaia  Cordinier",21,8,4,4,100,0,3,0,0,0,NA,1,0,1,3,0,0,2,0,2,1,10,"H","W",86,39,24,11,22,11,9,20,7,19,26,6,7,2,15,101,86,39,24,11,22,11,9,20,7,19,26,6,7,2,15,101,1.14,5.8,137.9,0.05,51.7,Inf,57.1,0,8.1,57.1,0,3.6,7.1,"2023-2024"
"MIL","BOL","8_5","Regular Season","Marco  Belinelli",18,8,1,1,100,2,5,40,0,0,NA,0,2,2,0,1,0,0,0,1,1,8,"H","W",86,39,24,11,22,11,9,20,7,19,26,6,7,2,15,101,86,39,24,11,22,11,9,20,7,19,26,6,7,2,15,101,1.33,5.8,137.9,0.04,0,NA,66.7,0,6.2,66.7,0,3.6,0,"2023-2024"
"MIL","BOL","8_5","Regular Season","Tornike  Shengelia",28,14,5,8,62.5,1,3,33.3,1,2,50,1,5,6,4,2,2,0,0,2,4,20,"H","W",86,39,24,11,22,11,9,20,7,19,26,6,7,2,15,101,86,39,24,11,22,11,9,20,7,19,26,6,7,2,15,101,1.08,12.4,112.9,0.1,32.3,2,59.1,0.18,12.5,58.9,16.13,5.3,7.1,"2023-2024"
"MIL","BOL","8_5","Regular Season","Daniel  Hackett",24,10,1,2,50,2,4,50,2,2,100,0,2,2,7,0,2,0,0,3,1,12,"H","W",86,39,24,11,22,11,9,20,7,19,26,6,7,2,15,101,86,39,24,11,22,11,9,20,7,19,26,6,7,2,15,101,1.25,8.5,117.6,0.07,82.4,3.5,66.7,0.33,9.3,72.7,23.53,4,0,"2023-2024"
"MIL","BOL","8_5","Regular Season","Bryant  Dunston",24,2,1,4,25,0,0,NA,0,0,NA,2,0,2,0,0,0,0,1,4,1,-3,"H","W",86,39,24,11,22,11,9,20,7,19,26,6,7,2,15,101,86,39,24,11,22,11,9,20,7,19,26,6,7,2,15,101,0.5,1.9,105.3,-0.02,0,NA,25,0,-0.6,25,0,1.8,14.3,"2023-2024"
"MIL","BOL","8_5","Regular Season","Gabriel  Lundberg",15,19,4,6,66.7,2,3,66.7,5,5,100,1,4,5,1,1,0,0,0,0,5,28,"H","W",86,39,24,11,22,11,9,20,7,19,26,6,7,2,15,101,86,39,24,11,22,11,9,20,7,19,26,6,7,2,15,101,1.36,9.8,193.9,0.14,10.2,Inf,77.8,0.56,18.7,84.8,0,8,7.1,"2023-2024"
"MIL","BOL","8_5","Regular Season","Alessandro  Pajola",11,0,0,2,0,0,0,NA,0,0,NA,0,0,0,3,0,2,0,0,0,1,0,"H","W",86,39,24,11,22,11,9,20,7,19,26,6,7,2,15,101,86,39,24,11,22,11,9,20,7,19,26,6,7,2,15,101,0,3.8,0,-0.01,78.9,1.5,0,0,-1.3,0,52.63,3.9,0,"2023-2024"
"MIL","BOL","8_5","Regular Season","Jaleen  Smith",9,2,1,2,50,0,1,0,0,0,NA,0,0,0,0,0,0,0,0,2,0,-2,"H","W",86,39,24,11,22,11,9,20,7,19,26,6,7,2,15,101,86,39,24,11,22,11,9,20,7,19,26,6,7,2,15,101,0.67,2.9,69,-0.01,0,NA,33.3,0,-0.5,33.3,0,3.6,0,"2023-2024"
"MIL","BOL","8_5","Regular Season","Ognjen  Dobric",21,8,4,6,66.7,0,0,NA,0,0,NA,2,2,4,2,2,0,0,0,1,1,14,"H","W",86,39,24,11,22,11,9,20,7,19,26,6,7,2,15,101,86,39,24,11,22,11,9,20,7,19,26,6,7,2,15,101,1.33,3.8,210.5,0.07,52.6,Inf,66.7,0,10.4,66.7,0,3.1,14.3,"2023-2024"
"MIL","BOL","8_5","Regular Season","Devontae  Cacok",7,1,0,2,0,0,0,NA,1,2,50,0,1,1,0,0,0,0,1,0,2,0,"H","W",86,39,24,11,22,11,9,20,7,19,26,6,7,2,15,101,86,39,24,11,22,11,9,20,7,19,26,6,7,2,15,101,0.25,2.8,35.7,-0.01,0,NA,0,1,-0.5,17.4,0,4.4,0,"2023-2024"
"MIL","BOL","8_5","Regular Season","Awudu  Abass",22,14,1,2,50,4,5,80,0,0,NA,0,3,3,0,0,1,0,0,0,0,14,"H","W",86,39,24,11,22,11,9,20,7,19,26,6,7,2,15,101,86,39,24,11,22,11,9,20,7,19,26,6,7,2,15,101,2,7.7,181.8,0.09,0,0,100,0,11,100,12.99,3.9,0,"2023-2024"
"BER","VIL","8_6","Regular Season","Paris  Lee",30,12,2,6,33.3,2,6,33.3,2,2,100,0,2,2,5,2,6,0,1,2,4,8,"A","W",73,42,20,24,18,7,16,12,11,25,36,8,16,1,16,74,73,42,20,24,18,7,16,12,11,25,36,8,16,1,16,74,0.86,18.1,66.3,0.05,27.6,0.8,41.7,0.17,4.5,46.6,33.15,5.7,0,"2023-2024"
"BER","VIL","8_6","Regular Season","Joffrey  Lauvergne",27,7,3,7,42.9,0,1,0,1,4,25,1,6,7,0,0,0,0,0,2,5,9,"A","W",73,42,20,24,18,7,16,12,11,25,36,8,16,1,16,74,73,42,20,24,18,7,16,12,11,25,36,8,16,1,16,74,0.58,8.4,83.3,0.04,0,NA,37.5,0.5,3.1,35.9,0,3.3,4.5,"2023-2024"
"BER","VIL","8_6","Regular Season","Timothe  Luwawu-Cabarrot",34,19,5,9,55.6,1,3,33.3,6,8,75,1,4,5,5,3,2,0,0,2,4,24,"A","W",73,42,20,24,18,7,16,12,11,25,36,8,16,1,16,74,73,42,20,24,18,7,16,12,11,25,36,8,16,1,16,74,0.95,15.9,119.5,0.21,31.4,2.5,54.2,0.67,17.8,61.2,12.58,4.7,4.5,"2023-2024"
"BER","VIL","8_6","Regular Season","Youssoupha  Fall",26,14,7,12,58.3,0,0,NA,0,0,NA,7,4,11,1,0,1,1,1,2,1,19,"A","W",73,42,20,24,18,7,16,12,11,25,36,8,16,1,16,74,73,42,20,24,18,7,16,12,11,25,36,8,16,1,16,74,1.17,5.8,241.4,0.16,17.2,1,58.3,0,14.1,58.3,17.24,4.5,31.8,"2023-2024"
"BER","VIL","8_6","Regular Season","David  Lighty",22,2,0,2,0,0,1,0,2,2,100,0,0,0,1,2,1,0,0,0,2,3,"A","W",73,42,20,24,18,7,16,12,11,25,36,8,16,1,16,74,73,42,20,24,18,7,16,12,11,25,36,8,16,1,16,74,0.4,4.7,42.6,0.01,21.3,1,0,0.67,1.6,25.8,21.28,2,0,"2023-2024"
"BER","VIL","8_6","Regular Season","Mike  Scott",19,1,0,1,0,0,2,0,1,2,50,0,2,2,0,0,3,0,0,3,1,-6,"A","W",73,42,20,24,18,7,16,12,11,25,36,8,16,1,16,74,73,42,20,24,18,7,16,12,11,25,36,8,16,1,16,74,0.2,6.6,15.2,-0.07,0,0,0,0.67,-5.1,12.9,45.45,3.3,0,"2023-2024"
"BER","VIL","8_6","Regular Season","Charles Lombahe Kahudi",16,2,1,2,50,0,1,0,0,0,NA,0,3,3,0,0,0,0,0,1,2,4,"A","W",73,42,20,24,18,7,16,12,11,25,36,8,16,1,16,74,73,42,20,24,18,7,16,12,11,25,36,8,16,1,16,74,0.67,2.9,69,0.02,0,NA,33.3,0,0.8,33.3,0,1.7,0,"2023-2024"
"BER","VIL","8_6","Regular Season","Nando  de Colo",17,16,0,2,0,4,6,66.7,4,6,66.7,0,3,3,0,1,2,0,0,0,4,16,"A","W",73,42,20,24,18,7,16,12,11,25,36,8,16,1,16,74,73,42,20,24,18,7,16,12,11,25,36,8,16,1,16,74,1.14,12.1,132.2,0.13,0,0,75,0.75,11.1,75.2,16.53,6.7,0,"2023-2024"
"BER","VIL","8_6","Regular Season","John  Egbunu",7,0,0,1,0,0,0,NA,0,0,NA,2,1,3,0,0,1,0,0,4,0,-3,"A","W",73,42,20,24,18,7,16,12,11,25,36,8,16,1,16,74,73,42,20,24,18,7,16,12,11,25,36,8,16,1,16,74,0,0,NA,-0.04,NA,0,0,0,-1.6,0,Inf,2.6,9.1,"2023-2024"
"VIL","BER","8_6","Regular Season","Sterling  Brown",25,5,0,3,0,1,9,11.1,2,3,66.7,1,3,4,3,3,3,0,0,3,2,-1,"H","L",68,33,36,14,17,7,13,15,11,25,36,11,14,2,24,63,68,33,36,14,17,7,13,15,11,25,36,11,14,2,24,63,0.33,14.7,34,-0.04,20.4,1,12.5,0.25,-0.9,18.8,20.41,5.9,4.5,"2023-2024"
"VIL","BER","8_6","Regular Season","Matteo  Spagnolo",17,2,1,3,33.3,0,2,0,0,0,NA,0,3,3,1,2,3,0,0,1,1,1,"H","L",68,33,36,14,17,7,13,15,11,25,36,11,14,2,24,63,68,33,36,14,17,7,13,15,11,25,36,11,14,2,24,63,0.4,7.7,26,0,13,0.3,20,0,-0.9,20,38.96,4.2,0,"2023-2024"
"VIL","BER","8_6","Regular Season","Louis  Olinde",21,8,4,4,100,0,2,0,0,0,NA,4,1,5,1,0,1,0,0,1,2,12,"H","L",68,33,36,14,17,7,13,15,11,25,36,11,14,2,24,63,68,33,36,14,17,7,13,15,11,25,36,11,14,2,24,63,1.33,2.9,275.9,0.1,34.5,1,66.7,0,7.8,66.7,34.48,3,18.2,"2023-2024"
"VIL","BER","8_6","Regular Season","Christ  Koumadje",9,8,2,2,100,0,0,NA,4,4,100,2,1,3,0,0,1,0,0,5,2,7,"H","L",68,33,36,14,17,7,13,15,11,25,36,11,14,2,24,63,68,33,36,14,17,7,13,15,11,25,36,11,14,2,24,63,1.33,2.6,307.7,0.05,0,0,100,2,6.1,106.4,38.46,4.7,9.1,"2023-2024"
"VIL","BER","8_6","Regular Season","Johannes  Thiemann",26,16,5,6,83.3,1,2,50,3,3,100,2,3,5,1,1,1,0,0,2,3,21,"H","L",68,33,36,14,17,7,13,15,11,25,36,11,14,2,24,63,68,33,36,14,17,7,13,15,11,25,36,11,14,2,24,63,1.45,8,200,0.2,12.5,1,81.2,0.38,15,85.8,12.5,3.6,9.1,"2023-2024"
"VIL","BER","8_6","Regular Season","Gabriele  Procida",17,7,2,2,100,1,6,16.7,0,0,NA,1,1,2,0,2,1,1,0,1,0,5,"H","L",68,33,36,14,17,7,13,15,11,25,36,11,14,2,24,63,68,33,36,14,17,7,13,15,11,25,36,11,14,2,24,63,0.88,7.7,90.9,0.05,0,0,43.8,0,4.9,43.8,12.99,4.8,4.5,"2023-2024"
"VIL","BER","8_6","Regular Season","Ziga  Samar",5,0,0,0,NA,0,0,NA,0,0,NA,0,0,0,0,1,1,0,0,3,1,-2,"H","L",68,33,36,14,17,7,13,15,11,25,36,11,14,2,24,63,68,33,36,14,17,7,13,15,11,25,36,11,14,2,24,63,NA,1,0,-0.04,0,0,NA,NA,-1.2,NA,100,1.8,0,"2023-2024"
"VIL","BER","8_6","Regular Season","Yannick  Wetzell",17,8,3,5,60,0,0,NA,2,2,100,0,3,3,0,1,0,1,0,1,1,11,"H","L",68,33,36,14,17,7,13,15,11,25,36,11,14,2,24,63,68,33,36,14,17,7,13,15,11,25,36,11,14,2,24,63,1.14,5.6,142.9,0.11,0,NA,60,0.4,7.9,68,0,3.1,0,"2023-2024"
"VIL","BER","8_6","Regular Season","Malte  Delow",18,6,0,2,0,2,4,50,0,0,NA,0,2,2,4,0,3,0,0,5,1,1,"H","L",68,33,36,14,17,7,13,15,11,25,36,11,14,2,24,63,68,33,36,14,17,7,13,15,11,25,36,11,14,2,24,63,1,8.6,69.8,0,46.5,1.3,50,0,1,50,34.88,4.5,0,"2023-2024"
"VIL","BER","8_6","Regular Season","Tim  Schneider",19,3,0,1,0,1,5,20,0,0,NA,1,3,4,1,0,0,0,1,2,2,2,"H","L",68,33,36,14,17,7,13,15,11,25,36,11,14,2,24,63,68,33,36,14,17,7,13,15,11,25,36,11,14,2,24,63,0.5,4.8,62.5,0.01,20.8,Inf,25,0,0.7,25,0,2.8,4.5,"2023-2024"
"VIL","BER","8_6","Regular Season","Matt  Thomas",16,2,0,2,0,0,5,0,2,2,100,0,4,4,4,1,0,0,0,0,1,5,"H","L",68,33,36,14,17,7,13,15,11,25,36,11,14,2,24,63,68,33,36,14,17,7,13,15,11,25,36,11,14,2,24,63,0.22,7.6,26.3,0.05,52.6,Inf,0,0.29,2.1,12.7,0,4.4,0,"2023-2024"
"VIL","BER","8_6","Regular Season","Justin  Bean",8,3,0,3,0,1,1,100,0,0,NA,0,1,1,0,0,0,0,0,0,0,1,"H","L",68,33,36,14,17,7,13,15,11,25,36,11,14,2,24,63,68,33,36,14,17,7,13,15,11,25,36,11,14,2,24,63,0.75,3.8,78.9,0.01,0,NA,37.5,0,0.9,37.5,0,4.5,0,"2023-2024"
"BAY","PAR","8_7","Regular Season","Zach  LeDay",35,12,2,4,50,1,2,50,5,7,71.4,0,2,2,0,0,0,1,0,3,5,12,"A","L",85,31,27,23,21,8,19,15,2,20,22,3,7,4,23,90,85,31,27,23,21,8,19,15,2,20,22,3,7,4,23,90,0.92,8.7,137.9,0.05,0,NA,58.3,1.17,8.3,66.1,0,2.8,0,"2023-2024"
"BAY","PAR","8_7","Regular Season","Ognjen  Jaramaz",14,2,1,2,50,0,1,0,0,0,NA,0,3,3,2,1,0,0,0,1,2,7,"A","L",85,31,27,23,21,8,19,15,2,20,22,3,7,4,23,90,85,31,27,23,21,8,19,15,2,20,22,3,7,4,23,90,0.67,2.9,69,0.04,69,Inf,33.3,0,3.2,33.3,0,2.3,0,"2023-2024"
"BAY","PAR","8_7","Regular Season","James  Nunnally",33,14,4,6,66.7,0,3,0,6,6,100,1,7,8,3,1,2,0,0,2,4,21,"A","L",85,31,27,23,21,8,19,15,2,20,22,3,7,4,23,90,85,31,27,23,21,8,19,15,2,20,22,3,7,4,23,90,0.93,12.1,115.7,0.13,24.8,1.5,44.4,0.67,12.4,60.1,16.53,4.4,25,"2023-2024"
"BAY","PAR","8_7","Regular Season","Uros  Trifunovic",27,10,2,2,100,2,4,50,0,0,NA,1,0,1,1,1,0,1,0,3,0,9,"A","L",85,31,27,23,21,8,19,15,2,20,22,3,7,4,23,90,85,31,27,23,21,8,19,15,2,20,22,3,7,4,23,90,1.67,4.8,208.3,0.06,20.8,Inf,83.3,0,9.3,83.3,0,2.4,25,"2023-2024"
"BAY","PAR","8_7","Regular Season","Frank  Kaminsky",16,9,3,5,60,1,3,33.3,0,1,0,0,1,1,1,0,1,0,1,3,1,2,"A","L",85,31,27,23,21,8,19,15,2,20,22,3,7,4,23,90,85,31,27,23,21,8,19,15,2,20,22,3,7,4,23,90,1,9.1,98.9,0.02,11,1,56.2,0.12,3.4,53.3,10.99,6.3,0,"2023-2024"
"BAY","PAR","8_7","Regular Season","Aleksa  Avramovic",12,4,2,2,100,0,2,0,0,0,NA,0,2,2,3,0,1,0,0,2,3,7,"A","L",85,31,27,23,21,8,19,15,2,20,22,3,7,4,23,90,85,31,27,23,21,8,19,15,2,20,22,3,7,4,23,90,1,4.8,83.3,0.03,62.5,3,50,0,2.9,50,20.83,4.4,0,"2023-2024"
"BAY","PAR","8_7","Regular Season","Alen  Smailagic",9,5,1,1,100,0,1,0,3,3,100,0,1,1,0,0,0,0,0,1,3,7,"A","L",85,31,27,23,21,8,19,15,2,20,22,3,7,4,23,90,85,31,27,23,21,8,19,15,2,20,22,3,7,4,23,90,1,3.2,156.2,0.03,0,NA,50,1.5,3.9,75.3,0,3.9,0,"2023-2024"
"BAY","PAR","8_7","Regular Season","Danilo  Andjusic",10,0,0,1,0,0,4,0,0,0,NA,0,0,0,0,0,0,0,0,1,0,-6,"A","L",85,31,27,23,21,8,19,15,2,20,22,3,7,4,23,90,85,31,27,23,21,8,19,15,2,20,22,3,7,4,23,90,0,4.8,0,-0.05,0,NA,0,0,-3.9,0,0,5.3,0,"2023-2024"
"BAY","PAR","8_7","Regular Season","P.J.  Dozier",20,10,3,5,60,1,3,33.3,1,2,50,0,1,1,5,0,1,0,0,4,1,7,"A","L",85,31,27,23,21,8,19,15,2,20,22,3,7,4,23,90,85,31,27,23,21,8,19,15,2,20,22,3,7,4,23,90,1,9.5,105.3,0.05,52.6,5,56.2,0.25,6.8,56.3,10.53,5.3,0,"2023-2024"
"BAY","PAR","8_7","Regular Season","Mateusz  Ponitka",5,0,0,0,NA,0,0,NA,0,0,NA,0,1,1,0,0,1,0,0,0,1,1,"A","L",85,31,27,23,21,8,19,15,2,20,22,3,7,4,23,90,85,31,27,23,21,8,19,15,2,20,22,3,7,4,23,90,NA,1,0,0,0,0,NA,NA,-0.7,NA,100,2.1,0,"2023-2024"
"BAY","PAR","8_7","Regular Season","Bruno  Caboclo",20,19,3,3,100,3,4,75,4,4,100,0,2,2,0,0,1,2,0,3,5,23,"A","L",85,31,27,23,21,8,19,15,2,20,22,3,7,4,23,90,85,31,27,23,21,8,19,15,2,20,22,3,7,4,23,90,1.73,9.4,202.1,0.13,0,0,107.1,0.57,16.3,108.4,10.64,5.2,0,"2023-2024"
"PAR","BAY","8_7","Regular Season","Carsen  Edwards",27,21,3,5,60,4,9,44.4,3,4,75,2,2,4,3,0,1,0,0,2,6,23,"H","W",94,39,28,16,21,13,13,16,12,26,38,7,7,1,25,107,94,39,28,16,21,13,13,16,12,26,38,7,7,1,25,107,1.17,14.2,147.9,0.1,21.1,3,64.3,0.29,15.9,66.6,7.04,6.1,8.3,"2023-2024"
"PAR","BAY","8_7","Regular Season","Niels  Giffey",21,4,1,2,50,0,1,0,2,2,100,2,4,6,0,0,0,0,1,3,3,7,"H","W",94,39,28,16,21,13,13,16,12,26,38,7,7,1,25,107,94,39,28,16,21,13,13,16,12,26,38,7,7,1,25,107,0.8,1.8,222.2,0.02,0,NA,33.3,0.67,3.7,51.5,0,1.8,8.3,"2023-2024"
"PAR","BAY","8_7","Regular Season","Leandro  Bolmaro",19,9,4,7,57.1,0,1,0,1,1,100,0,2,2,4,3,3,0,1,3,1,8,"H","W",94,39,28,16,21,13,13,16,12,26,38,7,7,1,25,107,94,39,28,16,21,13,13,16,12,26,38,7,7,1,25,107,1,11,81.8,0.05,36.4,1.3,50,0.12,7.2,53.3,27.27,5.9,0,"2023-2024"
"PAR","BAY","8_7","Regular Season","Serge  Ibaka",16,6,1,5,20,1,1,100,1,2,50,1,2,3,0,1,1,0,1,5,3,1,"H","W",94,39,28,16,21,13,13,16,12,26,38,7,7,1,25,107,94,39,28,16,21,13,13,16,12,26,38,7,7,1,25,107,0.75,6.6,90.9,-0.01,0,0,41.7,0.33,1.5,43.6,15.15,4.9,4.2,"2023-2024"
"PAR","BAY","8_7","Regular Season","Devin   Booker",28,13,5,6,83.3,1,3,33.3,0,0,NA,3,8,11,0,1,1,0,0,2,1,20,"H","W",94,39,28,16,21,13,13,16,12,26,38,7,7,1,25,107,94,39,28,16,21,13,13,16,12,26,38,7,7,1,25,107,1.44,6.7,194,0.11,0,0,72.2,0,12.8,72.2,14.93,3.5,12.5,"2023-2024"
"PAR","BAY","8_7","Regular Season","Nick  Weiler-Babb",23,8,0,1,0,2,3,66.7,2,2,100,1,4,5,3,1,0,0,0,1,1,15,"H","W",94,39,28,16,21,13,13,16,12,26,38,7,7,1,25,107,94,39,28,16,21,13,13,16,12,26,38,7,7,1,25,107,1.33,3.7,216.2,0.08,81.1,Inf,75,0.5,10.6,82,0,2.1,4.2,"2023-2024"
"PAR","BAY","8_7","Regular Season","Sylvain  Francisco",27,17,3,8,37.5,3,7,42.9,2,3,66.7,0,1,1,6,1,0,0,0,3,5,17,"H","W",94,39,28,16,21,13,13,16,12,26,38,7,7,1,25,107,94,39,28,16,21,13,13,16,12,26,38,7,7,1,25,107,0.94,15.7,108.3,0.07,38.2,Inf,50,0.2,12.8,52.1,0,6,0,"2023-2024"
"PAR","BAY","8_7","Regular Season","Jan Niklas  Wimberg",12,6,0,0,NA,2,3,66.7,0,0,NA,0,2,2,0,0,0,0,0,1,0,6,"H","W",94,39,28,16,21,13,13,16,12,26,38,7,7,1,25,107,94,39,28,16,21,13,13,16,12,26,38,7,7,1,25,107,2,2.9,206.9,0.04,0,NA,100,0,4.9,100,0,2.5,0,"2023-2024"
"PAR","BAY","8_7","Regular Season","Danko   Brankovic",6,2,0,0,NA,0,0,NA,2,2,100,0,0,0,0,0,1,0,0,2,1,0,"H","W",94,39,28,16,21,13,13,16,12,26,38,7,7,1,25,107,94,39,28,16,21,13,13,16,12,26,38,7,7,1,25,107,1,1.8,111.1,-0.01,0,0,NA,Inf,0.2,113.6,55.56,3.1,0,"2023-2024"
"PAR","BAY","8_7","Regular Season","Ivan  Kharchenkov",4,0,0,0,NA,0,0,NA,0,0,NA,0,0,0,0,0,0,0,0,0,1,1,"H","W",94,39,28,16,21,13,13,16,12,26,38,7,7,1,25,107,94,39,28,16,21,13,13,16,12,26,38,7,7,1,25,107,NA,0,NA,0,NA,NA,NA,NA,0,NA,NA,0,0,"2023-2024"
"PAR","BAY","8_7","Regular Season","Freddie  Gillespie",15,8,4,5,80,0,0,NA,0,0,NA,3,1,4,0,0,0,1,1,3,1,9,"H","W",94,39,28,16,21,13,13,16,12,26,38,7,7,1,25,107,94,39,28,16,21,13,13,16,12,26,38,7,7,1,25,107,1.6,1.9,421.1,0.04,0,NA,80,0,8,80,0,3.3,12.5,"2023-2024"
"PAN","ZAL","8_8","Regular Season","Keenan  Evans",31,6,2,3,66.7,0,2,0,2,2,100,0,2,2,4,1,5,0,0,3,4,6,"A","L",71,31,20,14,15,10,11,16,10,23,33,5,22,3,29,62,71,31,20,14,15,10,11,16,10,23,33,5,22,3,29,62,0.86,10.4,57.7,0.02,38.5,0.8,40,0.4,1.5,51,48.08,3.5,0,"2023-2024"
"PAN","ZAL","8_8","Regular Season","Kevarrius  Hayes",19,8,3,4,75,0,0,NA,2,2,100,2,0,2,1,0,2,1,0,4,3,8,"A","L",71,31,20,14,15,10,11,16,10,23,33,5,22,3,29,62,71,31,20,14,15,10,11,16,10,23,33,5,22,3,29,62,1.33,4.7,170.2,0.04,21.3,0.5,75,0.5,5.6,82,42.55,3.7,10,"2023-2024"
"PAN","ZAL","8_8","Regular Season","Rolands  Smits",20,15,1,3,33.3,4,4,100,1,1,100,0,2,2,2,0,2,0,0,5,1,11,"A","L",71,31,20,14,15,10,11,16,10,23,33,5,22,3,29,62,71,31,20,14,15,10,11,16,10,23,33,5,22,3,29,62,1.88,9.1,164.8,0.12,22,1,100,0.14,10.1,100.8,21.98,4.8,0,"2023-2024"
"PAN","ZAL","8_8","Regular Season","Arnas  Butkevicius",33,10,2,3,66.7,1,3,33.3,3,4,75,3,5,8,0,3,4,1,1,3,3,13,"A","L",71,31,20,14,15,10,11,16,10,23,33,5,22,3,29,62,71,31,20,14,15,10,11,16,10,23,33,5,22,3,29,62,1,8.4,119,0.11,0,0,58.3,0.67,8.7,64.4,47.62,3.6,15,"2023-2024"
"PAN","ZAL","8_8","Regular Season","Edgaras  Ulanovas",27,2,1,6,16.7,0,1,0,0,0,NA,2,4,6,4,1,1,0,1,2,3,6,"A","L",71,31,20,14,15,10,11,16,10,23,33,5,22,3,29,62,71,31,20,14,15,10,11,16,10,23,33,5,22,3,29,62,0.29,5.8,34.5,0.04,69,4,14.3,0,2.1,14.3,17.24,3,10,"2023-2024"
"PAN","ZAL","8_8","Regular Season","Naz  Mitrou-Long",8,6,0,0,NA,2,2,100,0,0,NA,0,0,0,0,0,2,0,0,2,0,2,"A","L",71,31,20,14,15,10,11,16,10,23,33,5,22,3,29,62,71,31,20,14,15,10,11,16,10,23,33,5,22,3,29,62,3,3.8,157.9,0.02,0,0,150,0,2.6,150,52.63,5.1,0,"2023-2024"
"PAN","ZAL","8_8","Regular Season","Lukas  Lekavicius",5,0,0,1,0,0,0,NA,0,0,NA,0,0,0,1,0,1,0,0,0,0,-1,"A","L",71,31,20,14,15,10,11,16,10,23,33,5,22,3,29,62,71,31,20,14,15,10,11,16,10,23,33,5,22,3,29,62,0,1.9,0,-0.01,52.6,1,0,0,-1,0,52.63,4,0,"2023-2024"
"PAN","ZAL","8_8","Regular Season","Laurynas  Birutis",14,9,4,6,66.7,0,0,NA,1,1,100,1,3,4,1,0,1,1,0,5,1,8,"A","L",71,31,20,14,15,10,11,16,10,23,33,5,22,3,29,62,71,31,20,14,15,10,11,16,10,23,33,5,22,3,29,62,1.29,6.2,145.2,0.07,16.1,1,66.7,0.17,6.4,69.9,16.13,5.4,5,"2023-2024"
"PAN","ZAL","8_8","Regular Season","Tomas  Dimsa",24,9,2,4,50,1,3,33.3,2,4,50,1,1,2,3,0,4,0,1,4,3,2,"A","L",71,31,20,14,15,10,11,16,10,23,33,5,22,3,29,62,71,31,20,14,15,10,11,16,10,23,33,5,22,3,29,62,0.82,11.3,79.6,-0.01,26.5,0.8,50,0.57,2,51.4,35.4,5.4,5,"2023-2024"
"PAN","ZAL","8_8","Regular Season","Brady   Manek",19,6,0,1,0,2,5,40,0,0,NA,1,6,7,0,0,0,0,1,1,0,7,"A","L",71,31,20,14,15,10,11,16,10,23,33,5,22,3,29,62,71,31,20,14,15,10,11,16,10,23,33,5,22,3,29,62,1,4.8,125,0.09,0,NA,50,0,4.7,50,0,3.2,5,"2023-2024"
"ZAL","PAN","8_8","Regular Season","Kostas  Sloukas",29,16,5,7,71.4,1,4,25,3,4,75,0,0,0,3,2,1,0,1,2,4,15,"H","W",73,29,19,31,17,7,18,14,5,14,19,8,14,4,18,75,73,29,19,31,17,7,18,14,5,14,19,8,14,4,18,75,1.07,13.2,121.2,0.13,22.7,3,59.1,0.36,12.6,62.7,7.58,5,0,"2023-2024"
"ZAL","PAN","8_8","Regular Season","Jerian  Grant",28,10,1,4,25,1,1,100,5,6,83.3,1,3,4,5,2,0,0,0,3,4,18,"H","W",73,29,19,31,17,7,18,14,5,14,19,8,14,4,18,75,73,29,19,31,17,7,18,14,5,14,19,8,14,4,18,75,0.91,6.4,156.2,0.15,78.1,Inf,50,1.2,12.8,65.4,0,2.9,10,"2023-2024"
"ZAL","PAN","8_8","Regular Season","Kostas  Antetokounmpo",3,0,0,0,NA,0,0,NA,0,2,0,0,0,0,0,0,1,0,0,1,2,-2,"H","W",73,29,19,31,17,7,18,14,5,14,19,8,14,4,18,75,73,29,19,31,17,7,18,14,5,14,19,8,14,4,18,75,0,1.8,0,-0.04,0,0,NA,Inf,-2.2,0,55.56,6.6,0,"2023-2024"
"ZAL","PAN","8_8","Regular Season","Marius  Grigonis",35,7,1,3,33.3,1,4,25,2,3,66.7,0,1,1,1,1,1,0,1,1,4,5,"H","W",73,29,19,31,17,7,18,14,5,14,19,8,14,4,18,75,73,29,19,31,17,7,18,14,5,14,19,8,14,4,18,75,0.7,8.9,78.7,0.02,11.2,1,35.7,0.43,3.1,42.1,11.24,2.8,0,"2023-2024"
"ZAL","PAN","8_8","Regular Season","Konstantinos  Mitoglou",38,19,3,5,60,4,5,80,1,2,50,0,6,6,2,1,2,2,0,2,1,23,"H","W",73,29,19,31,17,7,18,14,5,14,19,8,14,4,18,75,73,29,19,31,17,7,18,14,5,14,19,8,14,4,18,75,1.58,12.4,153.2,0.24,16.1,1,90,0.2,17.2,87.3,16.13,3.6,0,"2023-2024"
"ZAL","PAN","8_8","Regular Season","Panagiotis  Kalaitzakis",1,0,0,0,NA,0,0,NA,0,0,NA,0,0,0,0,0,0,0,0,0,0,0,"H","W",73,29,19,31,17,7,18,14,5,14,19,8,14,4,18,75,73,29,19,31,17,7,18,14,5,14,19,8,14,4,18,75,NA,0,NA,0,NA,NA,NA,NA,0,NA,NA,0,0,"2023-2024"
"ZAL","PAN","8_8","Regular Season","Luca  Vildoza",15,4,1,1,100,0,2,0,2,3,66.7,0,2,2,2,0,1,0,0,1,2,5,"H","W",73,29,19,31,17,7,18,14,5,14,19,8,14,4,18,75,73,29,19,31,17,7,18,14,5,14,19,8,14,4,18,75,0.67,5.1,78.4,0.03,39.2,2,33.3,1,2.5,46.3,19.61,3.8,0,"2023-2024"
"ZAL","PAN","8_8","Regular Season","Kyle  Guy",1,0,0,0,NA,0,1,0,0,0,NA,0,0,0,0,0,1,0,0,1,0,-3,"H","W",73,29,19,31,17,7,18,14,5,14,19,8,14,4,18,75,73,29,19,31,17,7,18,14,5,14,19,8,14,4,18,75,0,1.9,0,-0.03,0,0,0,0,-2.1,0,52.63,21.2,0,"2023-2024"
"ZAL","PAN","8_8","Regular Season","Aleksander  Balcerowski",7,2,1,1,100,0,0,NA,0,2,0,0,0,0,0,0,0,0,0,1,1,0,"H","W",73,29,19,31,17,7,18,14,5,14,19,8,14,4,18,75,73,29,19,31,17,7,18,14,5,14,19,8,14,4,18,75,0.67,1.8,111.1,-0.01,0,NA,100,2,0.5,53.2,0,2.8,0,"2023-2024"
"ZAL","PAN","8_8","Regular Season","Kendrick  Nunn",6,0,0,1,0,0,2,0,0,0,NA,0,1,1,0,1,0,0,0,0,0,-1,"H","W",73,29,19,31,17,7,18,14,5,14,19,8,14,4,18,75,73,29,19,31,17,7,18,14,5,14,19,8,14,4,18,75,0,2.9,0,-0.01,0,NA,0,0,-0.8,0,0,5.3,0,"2023-2024"
"ZAL","PAN","8_8","Regular Season","Mathias  Lessort",30,13,4,5,80,0,0,NA,5,8,62.5,3,1,4,1,1,7,2,0,4,10,16,"H","W",73,29,19,31,17,7,18,14,5,14,19,8,14,4,18,75,73,29,19,31,17,7,18,14,5,14,19,8,14,4,18,75,1,12,108.3,0.04,8.3,0.1,80,1.6,6.8,76.3,58.33,5.5,30,"2023-2024"
"ZAL","PAN","8_8","Regular Season","Eleftherios  Mantzoukas",5,2,1,2,50,0,0,NA,0,1,0,1,0,1,0,0,0,0,1,2,1,-1,"H","W",73,29,19,31,17,7,18,14,5,14,19,8,14,4,18,75,73,29,19,31,17,7,18,14,5,14,19,8,14,4,18,75,0.67,1.4,142.9,-0.02,0,NA,50,0.5,0.5,41,0,5.2,10,"2023-2024"
"BAR","BAS","8_9","Regular Season","Markus  Howard",25,26,5,9,55.6,4,11,36.4,4,4,100,0,1,1,3,2,4,0,0,2,2,17,"H","W",94,33,30,14,19,14,14,19,5,33,38,8,14,2,17,111,94,33,30,14,19,14,14,19,5,33,38,8,14,2,17,111,1.08,24.7,105.3,0.08,12.1,0.8,55,0.2,15.2,59.7,16.19,9.9,0,"2023-2024"
"BAR","BAS","8_9","Regular Season","Tadas  Sedekerskis",30,9,3,3,100,1,3,33.3,0,0,NA,1,11,12,1,0,1,0,0,0,0,19,"H","W",94,33,30,14,19,14,14,19,5,33,38,8,14,2,17,111,94,33,30,14,19,14,14,19,5,33,38,8,14,2,17,111,1.5,5.8,155.2,0.1,17.2,1,75,0,10.1,75,17.24,2.2,10,"2023-2024"
"BAR","BAS","8_9","Regular Season","Codi  Miller-McIntyre",28,20,3,4,75,4,6,66.7,2,2,100,0,4,4,7,2,2,0,0,1,2,29,"H","W",94,33,30,14,19,14,14,19,5,33,38,8,14,2,17,111,94,33,30,14,19,14,14,19,5,33,38,8,14,2,17,111,1.67,12.4,161.3,0.14,56.5,3.5,90,0.2,21.5,91.9,16.13,4.4,0,"2023-2024"
"BAR","BAS","8_9","Regular Season","Daniel  Diez",29,5,1,1,100,1,2,50,0,0,NA,2,4,6,2,0,0,0,0,2,0,10,"H","W",94,33,30,14,19,14,14,19,5,33,38,8,14,2,17,111,94,33,30,14,19,14,14,19,5,33,38,8,14,2,17,111,1.67,1,500,0.05,200,Inf,83.3,0,6.9,83.3,0,1,20,"2023-2024"
"BAR","BAS","8_9","Regular Season","Matthew  Costello",21,5,1,3,33.3,1,3,33.3,0,0,NA,1,1,2,2,2,0,1,0,3,2,7,"H","W",94,33,30,14,19,14,14,19,5,33,38,8,14,2,17,111,94,33,30,14,19,14,14,19,5,33,38,8,14,2,17,111,0.83,4.8,104.2,0.02,41.7,Inf,41.7,0,5.5,41.7,0,2.7,10,"2023-2024"
"BAR","BAS","8_9","Regular Season","Sander  Raieste",8,0,0,0,NA,0,0,NA,0,0,NA,0,0,0,0,0,0,0,0,3,0,-3,"H","W",94,33,30,14,19,14,14,19,5,33,38,8,14,2,17,111,94,33,30,14,19,14,14,19,5,33,38,8,14,2,17,111,NA,0,NA,-0.02,NA,NA,NA,NA,-1.2,NA,NA,0,0,"2023-2024"
"BAR","BAS","8_9","Regular Season","Christopher  Chiozza",16,4,0,1,0,1,1,100,1,1,100,0,3,3,3,1,1,0,1,3,1,6,"H","W",94,33,30,14,19,14,14,19,5,33,38,8,14,2,17,111,94,33,30,14,19,14,14,19,5,33,38,8,14,2,17,111,1.33,3.3,121.2,0.03,90.9,3,75,0.5,4.8,82,30.3,2.1,0,"2023-2024"
"BAR","BAS","8_9","Regular Season","Khalifa  Diop",2,0,0,0,NA,0,0,NA,0,0,NA,0,0,0,0,0,1,0,0,1,0,-2,"H","W",94,33,30,14,19,14,14,19,5,33,38,8,14,2,17,111,94,33,30,14,19,14,14,19,5,33,38,8,14,2,17,111,NA,1,0,-0.01,0,0,NA,NA,-1.4,NA,100,4.8,0,"2023-2024"
"BAR","BAS","8_9","Regular Season","Maik  Kotsar",16,6,2,4,50,0,0,NA,2,2,100,0,5,5,0,0,1,0,0,1,3,10,"H","W",94,33,30,14,19,14,14,19,5,33,38,8,14,2,17,111,94,33,30,14,19,14,14,19,5,33,38,8,14,2,17,111,1,5.6,107.1,0.04,0,0,50,0.5,4.1,61.5,17.86,3.5,0,"2023-2024"
"BAR","BAS","8_9","Regular Season","Chima  Moneke",25,19,4,8,50,2,4,50,5,5,100,1,4,5,1,1,4,1,2,1,4,18,"H","W",94,33,30,14,19,14,14,19,5,33,38,8,14,2,17,111,94,33,30,14,19,14,14,19,5,33,38,8,14,2,17,111,1.12,16.5,115.2,0.08,6.1,0.2,58.3,0.42,12.9,66.9,24.24,7,10,"2023-2024"
"BAS","BAR","8_9","Regular Season","Oscar  da Silva",17,12,4,5,80,1,3,33.3,1,1,100,3,1,4,0,1,1,2,0,2,1,14,"A","L",71,40,31,13,15,11,8,16,12,22,34,5,13,3,15,66,71,40,31,13,15,11,8,16,12,22,34,5,13,3,15,66,1.33,6.2,193.5,0.12,0,0,68.8,0.12,11.4,71.1,16.13,5,12.5,"2023-2024"
"BAS","BAR","8_9","Regular Season","Jan  Vesely",16,2,1,4,25,0,0,NA,0,0,NA,1,0,1,1,0,1,0,0,0,0,0,"A","L",71,40,31,13,15,11,8,16,12,22,34,5,13,3,15,66,71,40,31,13,15,11,8,16,12,22,34,5,13,3,15,66,0.5,3.8,52.6,-0.01,26.3,1,25,0,0,25,26.32,2.8,4.2,"2023-2024"
"BAS","BAR","8_9","Regular Season","Nikola  Kalinic",22,6,0,2,0,2,2,100,0,0,NA,0,2,2,3,2,1,0,0,0,0,10,"A","L",71,40,31,13,15,11,8,16,12,22,34,5,13,3,15,66,71,40,31,13,15,11,8,16,12,22,34,5,13,3,15,66,1.5,4.8,125,0.11,62.5,3,75,0,7.7,75,20.83,2,0,"2023-2024"
"BAS","BAR","8_9","Regular Season","Tomas  Satoransky",24,6,0,3,0,2,4,50,0,0,NA,1,5,6,2,1,2,1,0,3,2,8,"A","L",71,40,31,13,15,11,8,16,12,22,34,5,13,3,15,66,71,40,31,13,15,11,8,16,12,22,34,5,13,3,15,66,0.86,7.7,77.9,0.06,26,1,42.9,0,4,42.9,25.97,3.3,4.2,"2023-2024"
"BAS","BAR","8_9","Regular Season","Nicolas  Laprovittola",20,14,3,6,50,2,6,33.3,2,2,100,0,2,2,4,0,1,0,0,2,4,14,"A","L",71,40,31,13,15,11,8,16,12,22,34,5,13,3,15,66,71,40,31,13,15,11,8,16,12,22,34,5,13,3,15,66,1,13.3,105.3,0.11,30.1,4,50,0.17,9.2,54.3,7.52,6.2,0,"2023-2024"
"BAS","BAR","8_9","Regular Season","Dario  Brizuela",12,2,0,1,0,0,3,0,2,2,100,0,1,1,4,0,3,0,1,2,3,0,"A","L",71,40,31,13,15,11,8,16,12,22,34,5,13,3,15,66,71,40,31,13,15,11,8,16,12,22,34,5,13,3,15,66,0.33,7.6,26.3,-0.02,52.6,1.3,0,0.5,-1.5,20.5,39.47,5.9,0,"2023-2024"
"BAS","BAR","8_9","Regular Season","Willy  Hernangomez",20,9,3,8,37.5,0,1,0,3,4,75,2,3,5,0,1,1,0,0,1,3,9,"A","L",71,40,31,13,15,11,8,16,12,22,34,5,13,3,15,66,71,40,31,13,15,11,8,16,12,22,34,5,13,3,15,66,0.69,9.4,95.7,0.06,0,0,33.3,0.44,5.4,41.8,10.64,5.2,8.3,"2023-2024"
"BAS","BAR","8_9","Regular Season","Alejandro  Abrines",13,9,0,0,NA,3,5,60,0,0,NA,0,2,2,1,0,0,0,0,2,0,8,"A","L",71,40,31,13,15,11,8,16,12,22,34,5,13,3,15,66,71,40,31,13,15,11,8,16,12,22,34,5,13,3,15,66,1.8,4.8,187.5,0.09,20.8,Inf,90,0,7.2,90,0,3.4,0,"2023-2024"
"BAS","BAR","8_9","Regular Season","Jabari  Parker",16,2,1,5,20,0,0,NA,0,0,NA,1,1,2,1,0,0,0,0,2,0,-1,"A","L",71,40,31,13,15,11,8,16,12,22,34,5,13,3,15,66,71,40,31,13,15,11,8,16,12,22,34,5,13,3,15,66,0.4,3.8,52.6,-0.02,26.3,Inf,20,0,-0.2,20,0,2.8,4.2,"2023-2024"
"BAS","BAR","8_9","Regular Season","James  Nnaji",4,0,0,0,NA,0,0,NA,0,4,0,1,0,1,0,0,0,0,0,0,2,-1,"A","L",71,40,31,13,15,11,8,16,12,22,34,5,13,3,15,66,71,40,31,13,15,11,8,16,12,22,34,5,13,3,15,66,0,0.7,0,-0.04,0,NA,NA,Inf,-0.9,0,0,3.9,4.2,"2023-2024"
"BAS","BAR","8_9","Regular Season","Rokas  Jokubaitis",16,9,3,6,50,1,3,33.3,0,0,NA,1,0,1,0,0,2,0,1,0,0,2,"A","L",71,40,31,13,15,11,8,16,12,22,34,5,13,3,15,66,71,40,31,13,15,11,8,16,12,22,34,5,13,3,15,66,1,9.6,93.8,0.03,0,0,50,0,3,50,20.83,6.1,4.2,"2023-2024"
"BAS","BAR","8_9","Regular Season","Joel  Parra",20,0,0,0,NA,0,4,0,0,0,NA,2,5,7,0,0,1,0,0,1,2,3,"A","L",71,40,31,13,15,11,8,16,12,22,34,5,13,3,15,66,71,40,31,13,15,11,8,16,12,22,34,5,13,3,15,66,0,2.9,0,0,0,0,0,0,-1.3,0,34.48,2.2,8.3,"2023-2024"
"EFE","MIL","9_1","Regular Season","Maodo  Lo",22,11,1,4,25,3,5,60,0,0,NA,1,3,4,1,0,2,0,0,2,1,8,"H","W",92,31,24,17,20,13,13,21,5,27,32,1,10,0,23,105,92,31,24,17,20,13,13,21,5,27,32,1,10,0,23,105,1.22,9.6,114.6,0.04,10.4,0.5,61.1,0,5.8,61.1,20.83,5.5,10,"2023-2024"
"EFE","MIL","9_1","Regular Season","Nicolo  Melli",28,13,0,2,0,3,4,75,4,4,100,1,9,10,2,0,0,0,0,3,5,24,"H","W",92,31,24,17,20,13,13,21,5,27,32,1,10,0,23,105,92,31,24,17,20,13,13,21,5,27,32,1,10,0,23,105,1.3,6.5,200,0.11,30.8,Inf,75,0.67,13.6,83.8,0,3.1,10,"2023-2024"
"EFE","MIL","9_1","Regular Season","Shavon  Shields",31,18,4,4,100,3,6,50,1,2,50,0,3,3,3,0,3,0,0,3,3,17,"H","W",92,31,24,17,20,13,13,21,5,27,32,1,10,0,23,105,92,31,24,17,20,13,13,21,5,27,32,1,10,0,23,105,1.5,13.3,135.3,0.08,22.6,1,85,0.2,12.2,82.7,22.56,4.9,0,"2023-2024"
"EFE","MIL","9_1","Regular Season","Nikola  Mirotic",26,14,5,8,62.5,0,2,0,4,6,66.7,2,1,3,0,0,0,0,1,3,3,9,"H","W",92,31,24,17,20,13,13,21,5,27,32,1,10,0,23,105,92,31,24,17,20,13,13,21,5,27,32,1,10,0,23,105,0.88,10.2,137.3,0.04,0,NA,50,0.6,8.7,55.4,0,5.4,20,"2023-2024"
"EFE","MIL","9_1","Regular Season","Johannes  Voigtmann",16,5,1,1,100,1,2,50,0,0,NA,0,2,2,6,0,1,0,0,2,0,9,"H","W",92,31,24,17,20,13,13,21,5,27,32,1,10,0,23,105,92,31,24,17,20,13,13,21,5,27,32,1,10,0,23,105,1.67,3.8,131.6,0.05,157.9,6,83.3,0,6.7,83.3,26.32,2.8,0,"2023-2024"
"EFE","MIL","9_1","Regular Season","Alex  Poythress",19,6,3,3,100,0,0,NA,0,0,NA,1,2,3,1,0,2,0,0,4,2,6,"H","W",92,31,24,17,20,13,13,21,5,27,32,1,10,0,23,105,92,31,24,17,20,13,13,21,5,27,32,1,10,0,23,105,2,3.8,157.9,0.02,26.3,0.5,100,0,3.5,100,52.63,2.9,10,"2023-2024"
"EFE","MIL","9_1","Regular Season","Giordano  Bortolani",1,0,0,0,NA,0,0,NA,0,0,NA,0,0,0,0,0,0,0,0,0,0,0,"H","W",92,31,24,17,20,13,13,21,5,27,32,1,10,0,23,105,92,31,24,17,20,13,13,21,5,27,32,1,10,0,23,105,NA,0,NA,0,NA,NA,NA,NA,0,NA,NA,0,0,"2023-2024"
"EFE","MIL","9_1","Regular Season","Stefano  Tonut",22,8,1,1,100,2,2,100,0,0,NA,0,3,3,3,0,1,0,0,3,0,10,"H","W",92,31,24,17,20,13,13,21,5,27,32,1,10,0,23,105,92,31,24,17,20,13,13,21,5,27,32,1,10,0,23,105,2.67,3.8,210.5,0.06,78.9,3,133.3,0,7.9,133.3,26.32,2,0,"2023-2024"
"EFE","MIL","9_1","Regular Season","Giampaolo  Ricci",6,0,0,0,NA,0,1,0,0,0,NA,0,0,0,0,0,0,0,0,1,1,-1,"H","W",92,31,24,17,20,13,13,21,5,27,32,1,10,0,23,105,92,31,24,17,20,13,13,21,5,27,32,1,10,0,23,105,0,1,0,-0.01,0,NA,0,0,-1.1,0,0,1.8,0,"2023-2024"
"EFE","MIL","9_1","Regular Season","Diego  Flaccadori",3,0,0,1,0,0,0,NA,0,0,NA,0,1,1,0,0,0,0,0,0,0,0,"H","W",92,31,24,17,20,13,13,21,5,27,32,1,10,0,23,105,92,31,24,17,20,13,13,21,5,27,32,1,10,0,23,105,0,1,0,0,0,NA,0,0,-0.4,0,0,3.7,0,"2023-2024"
"EFE","MIL","9_1","Regular Season","Devon  Hall",21,15,4,5,80,1,2,50,4,5,80,0,3,3,5,1,0,0,0,2,3,22,"H","W",92,31,24,17,20,13,13,21,5,27,32,1,10,0,23,105,92,31,24,17,20,13,13,21,5,27,32,1,10,0,23,105,1.25,8.8,170.5,0.11,56.8,Inf,78.6,0.71,16.3,81.5,0,4.8,0,"2023-2024"
"EFE","MIL","9_1","Regular Season","Kyle  Hines",4,2,1,2,50,0,0,NA,0,0,NA,0,0,0,0,0,1,0,0,0,1,1,"H","W",92,31,24,17,20,13,13,21,5,27,32,1,10,0,23,105,92,31,24,17,20,13,13,21,5,27,32,1,10,0,23,105,1,2.9,69,0,0,0,50,0,0,50,34.48,8.3,0,"2023-2024"
"MIL","EFE","9_1","Regular Season","Shane  Larkin",35,13,2,3,66.7,2,7,28.6,3,3,100,0,0,0,7,0,1,0,0,4,2,11,"A","L",76,31,25,21,20,7,15,16,3,16,19,6,7,1,19,80,76,31,25,21,20,7,15,16,3,16,19,6,7,1,19,80,1,11.8,110.2,0.08,59.3,7,50,0.3,9.9,57.4,8.47,3.9,0,"2023-2024"
"MIL","EFE","9_1","Regular Season","Will  Clyburn",35,18,5,8,62.5,1,5,20,5,7,71.4,1,6,7,4,2,2,0,0,3,8,25,"A","L",76,31,25,21,20,7,15,16,3,16,19,6,7,1,19,80,76,31,25,21,20,7,15,16,3,16,19,6,7,1,19,80,0.9,16.4,109.8,0.15,24.4,2,50,0.54,14.6,56,12.2,5.7,16.7,"2023-2024"
"MIL","EFE","9_1","Regular Season","Darius  Thompson",35,17,5,6,83.3,1,4,25,4,4,100,0,0,0,3,1,1,0,0,3,3,16,"A","L",76,31,25,21,20,7,15,16,3,16,19,6,7,1,19,80,76,31,25,21,20,7,15,16,3,16,19,6,7,1,19,80,1.21,12.2,139.3,0.12,24.6,3,65,0.4,13.3,72.3,8.2,4,0,"2023-2024"
"MIL","EFE","9_1","Regular Season","Derek  Willis",29,8,1,2,50,2,3,66.7,0,0,NA,1,5,6,1,0,0,0,0,2,2,13,"A","L",76,31,25,21,20,7,15,16,3,16,19,6,7,1,19,80,76,31,25,21,20,7,15,16,3,16,19,6,7,1,19,80,1.6,3.8,210.5,0.1,26.3,Inf,80,0,7.8,80,0,1.9,16.7,"2023-2024"
"MIL","EFE","9_1","Regular Season","Ante  Zizic",16,5,2,3,66.7,0,0,NA,1,2,50,0,2,2,0,2,0,1,0,0,2,10,"A","L",76,31,25,21,20,7,15,16,3,16,19,6,7,1,19,80,76,31,25,21,20,7,15,16,3,16,19,6,7,1,19,80,1,3.7,135.1,0.07,0,NA,66.7,0.67,6.6,64.4,0,2.7,0,"2023-2024"
"MIL","EFE","9_1","Regular Season","Rodrigue  Beaubois",17,5,1,2,50,1,5,20,0,0,NA,0,1,1,0,0,1,0,0,2,0,-2,"A","L",76,31,25,21,20,7,15,16,3,16,19,6,7,1,19,80,76,31,25,21,20,7,15,16,3,16,19,6,7,1,19,80,0.71,7.7,64.9,-0.02,0,0,35.7,0,-0.6,35.7,12.99,5.2,0,"2023-2024"
"MIL","EFE","9_1","Regular Season","Ercan  Osmani",8,2,1,2,50,0,1,0,0,0,NA,0,1,1,0,0,1,0,0,0,2,2,"A","L",76,31,25,21,20,7,15,16,3,16,19,6,7,1,19,80,76,31,25,21,20,7,15,16,3,16,19,6,7,1,19,80,0.67,3.8,52.6,0,0,0,33.3,0,-0.4,33.3,26.32,5.5,0,"2023-2024"
"MIL","EFE","9_1","Regular Season","Erkan  Yilmaz",7,0,0,0,NA,0,0,NA,0,2,0,0,0,0,0,0,0,0,0,0,1,-1,"A","L",76,31,25,21,20,7,15,16,3,16,19,6,7,1,19,80,76,31,25,21,20,7,15,16,3,16,19,6,7,1,19,80,0,0.8,0,-0.02,0,NA,NA,Inf,-0.8,0,0,1.4,0,"2023-2024"
"MIL","EFE","9_1","Regular Season","Tyrique  Jones",18,8,3,5,60,0,0,NA,2,3,66.7,1,1,2,1,1,1,0,0,5,3,6,"A","L",76,31,25,21,20,7,15,16,3,16,19,6,7,1,19,80,76,31,25,21,20,7,15,16,3,16,19,6,7,1,19,80,1,6.1,131.1,0.02,16.4,1,60,0.6,5,63.3,16.39,4.5,16.7,"2023-2024"
"CRV","OLY","9_2","Regular Season","Thomas  Walkup",28,6,0,3,0,1,5,20,3,6,50,2,3,5,8,1,1,0,0,4,4,9,"H","W",88,30,30,24,17,13,15,26,12,23,35,3,10,5,18,112,88,30,30,24,17,13,15,26,12,23,35,3,10,5,18,112,0.43,9.3,64.5,0.02,86,8,18.8,0.75,5.9,28.2,10.75,4.1,8.3,"2023-2024"
"CRV","OLY","9_2","Regular Season","Isaiah  Canaan",29,15,1,2,50,4,7,57.1,1,2,50,0,3,3,2,1,1,0,0,1,4,18,"H","W",88,30,30,24,17,13,15,26,12,23,35,3,10,5,18,112,88,30,30,24,17,13,15,26,12,23,35,3,10,5,18,112,1.36,10.4,144.2,0.09,19.2,2,77.8,0.22,12.2,75.9,9.62,3.7,0,"2023-2024"
"CRV","OLY","9_2","Regular Season","Moustapha  Fall",33,14,7,10,70,0,0,NA,0,2,0,7,7,14,3,0,1,3,1,3,4,28,"H","W",88,30,30,24,17,13,15,26,12,23,35,3,10,5,18,112,88,30,30,24,17,13,15,26,12,23,35,3,10,5,18,112,1.17,4.7,297.9,0.12,63.8,3,70,0.2,18,64.3,21.28,3.6,29.2,"2023-2024"
"CRV","OLY","9_2","Regular Season","Kostas  Papanikolaou",31,11,1,2,50,2,4,50,3,5,60,2,3,5,5,0,2,1,0,3,4,16,"H","W",88,30,30,24,17,13,15,26,12,23,35,3,10,5,18,112,88,30,30,24,17,13,15,26,12,23,35,3,10,5,18,112,1,7.9,139.2,0.06,63.3,2.5,66.7,0.83,10.5,67.1,25.32,3.3,8.3,"2023-2024"
"CRV","OLY","9_2","Regular Season","Alec  Peters",39,28,5,7,71.4,4,8,50,6,6,100,0,4,4,3,1,2,0,0,0,3,31,"H","W",88,30,30,24,17,13,15,26,12,23,35,3,10,5,18,112,88,30,30,24,17,13,15,26,12,23,35,3,10,5,18,112,1.33,18.9,148.1,0.17,15.9,1.5,73.3,0.4,23.4,79.4,10.58,5,0,"2023-2024"
"CRV","OLY","9_2","Regular Season","Michalis  Lountzis",15,3,0,1,0,1,3,33.3,0,0,NA,0,0,0,1,0,1,0,1,0,2,1,"H","W",88,30,30,24,17,13,15,26,12,23,35,3,10,5,18,112,88,30,30,24,17,13,15,26,12,23,35,3,10,5,18,112,0.75,4.8,62.5,0,20.8,1,37.5,0,0.3,37.5,20.83,3.3,0,"2023-2024"
"CRV","OLY","9_2","Regular Season","Giannoulis  Larentzakis",10,7,1,1,100,1,3,33.3,2,3,66.7,0,0,0,2,0,2,0,0,2,2,4,"H","W",88,30,30,24,17,13,15,26,12,23,35,3,10,5,18,112,88,30,30,24,17,13,15,26,12,23,35,3,10,5,18,112,1,7,100,0.01,28.6,1,62.5,0.75,3.2,65.8,28.57,7.3,0,"2023-2024"
"CRV","OLY","9_2","Regular Season","Ignas  Brazdeikis",7,2,1,3,33.3,0,0,NA,0,0,NA,0,2,2,1,0,0,0,0,1,0,2,"H","W",88,30,30,24,17,13,15,26,12,23,35,3,10,5,18,112,88,30,30,24,17,13,15,26,12,23,35,3,10,5,18,112,0.67,2.9,69,0.01,34.5,Inf,33.3,0,1.2,33.3,0,4.3,0,"2023-2024"
"CRV","OLY","9_2","Regular Season","Luke  Sikma",6,2,1,1,100,0,0,NA,0,0,NA,1,1,2,1,0,0,1,0,4,1,3,"H","W",88,30,30,24,17,13,15,26,12,23,35,3,10,5,18,112,88,30,30,24,17,13,15,26,12,23,35,3,10,5,18,112,2,0,Inf,0.01,Inf,Inf,100,0,2.5,100,NA,1.7,4.2,"2023-2024"
"OLY","CRV","9_2","Regular Season","Stefan  Lazarevic",17,0,0,2,0,0,0,NA,0,0,NA,0,0,0,1,0,2,0,1,3,0,-7,"A","L",83,33,33,11,15,15,8,14,7,17,24,7,9,2,25,70,83,33,33,11,15,15,8,14,7,17,24,7,9,2,25,70,0,3.8,0,-0.06,26.3,0.5,0,0,-3.9,0,52.63,2.4,0,"2023-2024"
"OLY","CRV","9_2","Regular Season","Dejan  Davidovac",18,5,1,4,25,1,2,50,0,0,NA,0,1,1,1,1,0,0,2,2,0,0,"A","L",83,33,33,11,15,15,8,14,7,17,24,7,9,2,25,70,83,33,33,11,15,15,8,14,7,17,24,7,9,2,25,70,0.83,5.8,86.2,0.02,17.2,Inf,41.7,0,2.8,41.7,0,3.3,0,"2023-2024"
"OLY","CRV","9_2","Regular Season","Joel  Bolomboy",23,7,2,4,50,1,1,100,0,0,NA,1,3,4,0,2,0,0,0,1,1,11,"A","L",83,33,33,11,15,15,8,14,7,17,24,7,9,2,25,70,83,33,33,11,15,15,8,14,7,17,24,7,9,2,25,70,1.4,3.8,184.2,0.09,0,NA,70,0,7.9,70,0,2.2,7.1,"2023-2024"
"OLY","CRV","9_2","Regular Season","Nemanja  Nedovic",31,26,4,8,50,5,12,41.7,3,3,100,1,2,3,4,1,2,1,0,2,8,28,"A","L",83,33,33,11,15,15,8,14,7,17,24,7,9,2,25,70,83,33,33,11,15,15,8,14,7,17,24,7,9,2,25,70,1.13,21.4,121.5,0.18,18.7,2,57.5,0.15,18.6,61,9.35,7.5,7.1,"2023-2024"
"OLY","CRV","9_2","Regular Season","Yago Mateus dos Santos",26,9,0,2,0,3,4,75,0,0,NA,0,1,1,3,1,3,0,1,2,2,7,"A","L",83,33,33,11,15,15,8,14,7,17,24,7,9,2,25,70,83,33,33,11,15,15,8,14,7,17,24,7,9,2,25,70,1.5,8.6,104.7,0.06,34.9,1,75,0,5.6,75,34.88,3.5,0,"2023-2024"
"OLY","CRV","9_2","Regular Season","Milos  Teodosic",25,15,0,1,0,4,7,57.1,3,4,75,0,3,3,4,0,2,0,0,4,4,15,"A","L",83,33,33,11,15,15,8,14,7,17,24,7,9,2,25,70,83,33,33,11,15,15,8,14,7,17,24,7,9,2,25,70,1.25,11.3,132.7,0.1,35.4,2,75,0.5,10.7,76.8,17.7,4.7,0,"2023-2024"
"OLY","CRV","9_2","Regular Season","Luka  Mitrovic",21,8,3,6,50,0,0,NA,2,4,50,3,2,5,1,2,0,0,1,5,3,8,"A","L",83,33,33,11,15,15,8,14,7,17,24,7,9,2,25,70,83,33,33,11,15,15,8,14,7,17,24,7,9,2,25,70,0.8,4.6,173.9,0.04,21.7,Inf,50,0.67,7.6,51.5,0,3.7,21.4,"2023-2024"
"OLY","CRV","9_2","Regular Season","Mike  Tobey",14,7,2,2,100,1,2,50,0,0,NA,1,3,4,0,0,0,1,0,5,0,6,"A","L",83,33,33,11,15,15,8,14,7,17,24,7,9,2,25,70,83,33,33,11,15,15,8,14,7,17,24,7,9,2,25,70,1.75,2.9,241.4,0.05,0,NA,87.5,0,5.7,87.5,0,2.9,7.1,"2023-2024"
"OLY","CRV","9_2","Regular Season","Dalibor  Ilic",0,0,0,0,NA,0,0,NA,0,0,NA,0,0,0,0,0,0,0,0,0,0,0,"A","L",83,33,33,11,15,15,8,14,7,17,24,7,9,2,25,70,83,33,33,11,15,15,8,14,7,17,24,7,9,2,25,70,NA,0,NA,0,NA,NA,NA,NA,0,NA,NA,NA,0,"2023-2024"
"OLY","CRV","9_2","Regular Season","Rokas  Giedraitis",23,6,3,4,75,0,5,0,0,0,NA,1,2,3,0,0,0,0,0,1,0,2,"A","L",83,33,33,11,15,15,8,14,7,17,24,7,9,2,25,70,83,33,33,11,15,15,8,14,7,17,24,7,9,2,25,70,0.67,7.7,77.9,0.01,0,NA,33.3,0,1.8,33.3,0,3.9,7.1,"2023-2024"
"ASM","RMB","9_3","Regular Season","Fabien  Causeur",17,7,2,2,100,1,3,33.3,0,0,NA,0,0,0,3,0,1,0,0,1,0,6,"H","W",91,21,34,20,18,12,19,27,4,33,37,3,12,8,18,131,91,21,34,20,18,12,19,27,4,33,37,3,12,8,18,131,1.4,5.8,120.7,0.03,51.7,3,70,0,5.4,70,17.24,3.7,0,"2023-2024"
"ASM","RMB","9_3","Regular Season","Facundo  Campazzo",20,12,4,4,100,1,3,33.3,1,1,100,0,1,1,5,0,1,0,0,2,1,14,"H","W",91,21,34,20,18,12,19,27,4,33,37,3,12,8,18,131,91,21,34,20,18,12,19,27,4,33,37,3,12,8,18,131,1.5,8.1,148.1,0.06,61.7,5,78.6,0.14,11.1,80.6,12.35,4.5,0,"2023-2024"
"ASM","RMB","9_3","Regular Season","Gabriel  Deck",19,7,1,2,50,1,2,50,2,2,100,1,4,5,2,1,0,0,0,1,3,15,"H","W",91,21,34,20,18,12,19,27,4,33,37,3,12,8,18,131,91,21,34,20,18,12,19,27,4,33,37,3,12,8,18,131,1.17,3.7,189.2,0.06,54.1,Inf,62.5,0.5,8.9,71.7,0,2.7,12.5,"2023-2024"
"ASM","RMB","9_3","Regular Season","Walter  Tavares",15,12,2,2,100,0,0,NA,8,8,100,0,7,7,4,0,2,3,0,4,4,24,"H","W",91,21,34,20,18,12,19,27,4,33,37,3,12,8,18,131,91,21,34,20,18,12,19,27,4,33,37,3,12,8,18,131,1.2,7.2,166.7,0.09,55.6,2,100,4,14.8,108.7,27.78,5.3,0,"2023-2024"
"ASM","RMB","9_3","Regular Season","Dzanan  Musa",22,21,3,3,100,3,6,50,6,7,85.7,0,2,2,5,1,1,0,0,0,5,29,"H","W",91,21,34,20,18,12,19,27,4,33,37,3,12,8,18,131,91,21,34,20,18,12,19,27,4,33,37,3,12,8,18,131,1.31,12.6,166.7,0.12,39.7,5,83.3,0.78,20.8,86.9,7.94,6.3,0,"2023-2024"
"ASM","RMB","9_3","Regular Season","Rudy  Fernandez",20,3,0,0,NA,1,4,25,0,0,NA,0,2,2,2,1,1,0,0,1,2,5,"H","W",91,21,34,20,18,12,19,27,4,33,37,3,12,8,18,131,91,21,34,20,18,12,19,27,4,33,37,3,12,8,18,131,0.75,4.8,62.5,0.01,41.7,2,37.5,0,2.2,37.5,20.83,2.6,0,"2023-2024"
"ASM","RMB","9_3","Regular Season","Mario  Hezonja",12,0,0,0,NA,0,2,0,0,0,NA,1,2,3,0,0,0,0,0,2,1,0,"H","W",91,21,34,20,18,12,19,27,4,33,37,3,12,8,18,131,91,21,34,20,18,12,19,27,4,33,37,3,12,8,18,131,0,1,0,-0.01,0,NA,0,0,-0.9,0,0,1.8,12.5,"2023-2024"
"ASM","RMB","9_3","Regular Season","Sergio  Rodriguez",18,0,0,1,0,0,2,0,0,0,NA,1,4,5,5,0,2,0,0,2,1,4,"H","W",91,21,34,20,18,12,19,27,4,33,37,3,12,8,18,131,91,21,34,20,18,12,19,27,4,33,37,3,12,8,18,131,0,3.8,0,0.01,131.6,2.5,0,0,0.5,0,52.63,2.9,12.5,"2023-2024"
"ASM","RMB","9_3","Regular Season","Vincent  Poirier",22,12,5,6,83.3,0,1,0,2,2,100,1,10,11,0,0,3,5,0,4,3,22,"H","W",91,21,34,20,18,12,19,27,4,33,37,3,12,8,18,131,91,21,34,20,18,12,19,27,4,33,37,3,12,8,18,131,1.33,9.5,126.3,0.08,0,0,71.4,0.29,11.7,76.1,31.58,5.2,12.5,"2023-2024"
"ASM","RMB","9_3","Regular Season","Sergio  Llull",21,14,1,1,100,4,10,40,0,0,NA,0,0,0,1,0,0,0,0,0,0,9,"H","W",91,21,34,20,18,12,19,27,4,33,37,3,12,8,18,131,91,21,34,20,18,12,19,27,4,33,37,3,12,8,18,131,1.27,10.6,132.1,0.04,9.4,Inf,63.6,0,9,63.6,0,5.5,0,"2023-2024"
"ASM","RMB","9_3","Regular Season","Guerschon  Yabusele",12,3,0,0,NA,1,1,100,0,0,NA,0,1,1,0,0,1,0,0,1,1,3,"H","W",91,21,34,20,18,12,19,27,4,33,37,3,12,8,18,131,91,21,34,20,18,12,19,27,4,33,37,3,12,8,18,131,3,1.9,157.9,0.01,0,0,150,0,1.6,150,52.63,1.8,0,"2023-2024"
"RMB","ASM","9_3","Regular Season","John  Brown III",24,9,4,5,80,0,0,NA,1,1,100,2,0,2,1,1,1,0,0,2,1,10,"A","L",73,49,24,11,19,8,11,17,9,19,28,8,6,0,21,63,73,49,24,11,19,8,11,17,9,19,28,8,6,0,21,63,1.5,4.3,209.3,0.08,23.3,1,80,0.2,8.4,82.7,23.26,2.6,11.1,"2023-2024"
"RMB","ASM","9_3","Regular Season","Jordan  Loyd",17,2,0,4,0,0,2,0,2,2,100,0,3,3,2,2,0,0,0,3,2,2,"A","L",73,49,24,11,19,8,11,17,9,19,28,8,6,0,21,63,73,49,24,11,19,8,11,17,9,19,28,8,6,0,21,63,0.25,6.6,30.3,0,30.3,Inf,0,0.33,0.9,14.5,0,3.9,0,"2023-2024"
"RMB","ASM","9_3","Regular Season","Alpha  Diallo",24,4,2,11,18.2,0,1,0,0,0,NA,1,1,2,3,3,1,0,2,2,2,-1,"A","L",73,49,24,11,19,8,11,17,9,19,28,8,6,0,21,63,73,49,24,11,19,8,11,17,9,19,28,8,6,0,21,63,0.33,11.5,34.8,-0.02,26.1,3,16.7,0,0.7,16.7,8.7,5.2,5.6,"2023-2024"
"RMB","ASM","9_3","Regular Season","Donatas  Motiejunas",15,14,4,4,100,1,2,50,3,3,100,1,1,2,0,0,0,0,0,2,4,17,"A","L",73,49,24,11,19,8,11,17,9,19,28,8,6,0,21,63,73,49,24,11,19,8,11,17,9,19,28,8,6,0,21,63,1.56,6.1,229.5,0.13,0,NA,91.7,0.5,12,95.6,0,4.7,5.6,"2023-2024"
"RMB","ASM","9_3","Regular Season","Mike  James",27,13,1,7,14.3,3,6,50,2,2,100,1,3,4,5,0,1,0,2,2,1,9,"A","L",73,49,24,11,19,8,11,17,9,19,28,8,6,0,21,63,73,49,24,11,19,8,11,17,9,19,28,8,6,0,21,63,0.87,13.3,97.7,0.1,37.6,5,42.3,0.15,8.8,46.8,7.52,5.3,5.6,"2023-2024"
"RMB","ASM","9_3","Regular Season","Elie  Okobo",26,6,1,4,25,1,4,25,1,1,100,1,1,2,6,1,2,0,2,3,5,7,"A","L",73,49,24,11,19,8,11,17,9,19,28,8,6,0,21,63,73,49,24,11,19,8,11,17,9,19,28,8,6,0,21,63,0.67,9.1,65.9,0.04,65.9,3,31.2,0.12,4.2,35.5,21.98,3.8,5.6,"2023-2024"
"RMB","ASM","9_3","Regular Season","Jaron  Blossomgame",16,4,2,4,50,0,1,0,0,0,NA,0,2,2,0,0,0,0,0,2,0,1,"A","L",73,49,24,11,19,8,11,17,9,19,28,8,6,0,21,63,73,49,24,11,19,8,11,17,9,19,28,8,6,0,21,63,0.8,4.8,83.3,0.01,0,NA,40,0,1.1,40,0,3,0,"2023-2024"
"RMB","ASM","9_3","Regular Season","Petr  Cornelie",12,8,1,2,50,2,2,100,0,0,NA,1,0,1,0,0,0,0,0,2,0,6,"A","L",73,49,24,11,19,8,11,17,9,19,28,8,6,0,21,63,73,49,24,11,19,8,11,17,9,19,28,8,6,0,21,63,2,2.9,275.9,0.06,0,NA,100,0,6.3,100,0,3.2,5.6,"2023-2024"
"RMB","ASM","9_3","Regular Season","Kemba  Walker",12,2,1,2,50,0,5,0,0,0,NA,0,0,0,0,1,1,0,1,0,1,-4,"A","L",73,49,24,11,19,8,11,17,9,19,28,8,6,0,21,63,73,49,24,11,19,8,11,17,9,19,28,8,6,0,21,63,0.29,7.7,26,-0.04,0,0,14.3,0,-2.5,14.3,12.99,6.4,0,"2023-2024"
"RMB","ASM","9_3","Regular Season","Terry  Tarpey",6,3,0,0,NA,1,1,100,0,0,NA,0,2,2,0,0,0,0,0,2,0,3,"A","L",73,49,24,11,19,8,11,17,9,19,28,8,6,0,21,63,73,49,24,11,19,8,11,17,9,19,28,8,6,0,21,63,3,1,300,0.03,0,NA,150,0,2.5,150,0,1.6,0,"2023-2024"
"RMB","ASM","9_3","Regular Season","Donta  Hall",21,8,3,6,50,0,0,NA,2,2,100,2,6,8,0,0,0,0,1,1,2,13,"A","L",73,49,24,11,19,8,11,17,9,19,28,8,6,0,21,63,73,49,24,11,19,8,11,17,9,19,28,8,6,0,21,63,1,4.7,170.2,0.11,0,NA,50,0.33,7.8,58.1,0,3.1,11.1,"2023-2024"
"FEN","MAC","9_4","Regular Season","Lorenzo  Brown",28,18,4,5,80,3,7,42.9,1,2,50,1,1,2,2,2,4,0,0,3,2,13,"H","W",78,52,24,17,24,5,15,12,19,22,41,10,12,3,27,75,78,52,24,17,24,5,15,12,19,22,41,10,12,3,27,75,1.29,15.2,118.4,0.12,13.2,0.5,70.8,0.17,11.2,69.9,26.32,5.1,2.6,"2023-2024"
"FEN","MAC","9_4","Regular Season","Wade  Baldwin IV",32,12,2,10,20,0,4,0,8,8,100,1,3,4,5,4,3,0,2,2,10,16,"H","W",78,52,24,17,24,5,15,12,19,22,41,10,12,3,27,75,78,52,24,17,24,5,15,12,19,22,41,10,12,3,27,75,0.55,18.7,64.2,0.08,26.7,1.7,14.3,0.57,8.3,34.2,16.04,5.4,2.6,"2023-2024"
"FEN","MAC","9_4","Regular Season","Jake  Cohen",8,2,1,2,50,0,0,NA,0,0,NA,1,0,1,0,0,0,0,0,0,0,2,"H","W",78,52,24,17,24,5,15,12,19,22,41,10,12,3,27,75,78,52,24,17,24,5,15,12,19,22,41,10,12,3,27,75,1,1,200,0.02,0,NA,50,0,1.7,50,0,2.1,2.6,"2023-2024"
"FEN","MAC","9_4","Regular Season","Josh  Nebo",16,4,2,4,50,0,0,NA,0,0,NA,0,0,0,0,2,1,1,1,3,0,0,"H","W",78,52,24,17,24,5,15,12,19,22,41,10,12,3,27,75,78,52,24,17,24,5,15,12,19,22,41,10,12,3,27,75,1,4.8,83.3,0.01,0,0,50,0,2.5,50,20.83,2.6,0,"2023-2024"
"FEN","MAC","9_4","Regular Season","Bonzie  Colson",28,13,5,12,41.7,1,3,33.3,0,0,NA,7,7,14,0,1,1,0,0,4,1,15,"H","W",78,52,24,17,24,5,15,12,19,22,41,10,12,3,27,75,78,52,24,17,24,5,15,12,19,22,41,10,12,3,27,75,0.87,8.6,151.2,0.12,0,0,43.3,0,10.3,43.3,11.63,4.8,18.4,"2023-2024"
"FEN","MAC","9_4","Regular Season","Antonius  Cleveland",10,4,2,4,50,0,0,NA,0,0,NA,0,1,1,0,1,0,0,0,1,1,4,"H","W",78,52,24,17,24,5,15,12,19,22,41,10,12,3,27,75,78,52,24,17,24,5,15,12,19,22,41,10,12,3,27,75,1,3.8,105.3,0.03,0,NA,50,0,2.9,50,0,3.4,0,"2023-2024"
"FEN","MAC","9_4","Regular Season","James  Webb III",18,10,2,2,100,1,3,33.3,3,3,100,1,6,7,1,0,1,0,0,1,4,18,"H","W",78,52,24,17,24,5,15,12,19,22,41,10,12,3,27,75,78,52,24,17,24,5,15,12,19,22,41,10,12,3,27,75,1.25,6.1,163.9,0.15,16.4,1,70,0.6,9.5,79.1,16.39,3.4,2.6,"2023-2024"
"FEN","MAC","9_4","Regular Season","Roman  Sorkin",16,6,3,6,50,0,3,0,0,0,NA,4,3,7,0,0,1,2,0,3,0,5,"H","W",78,52,24,17,24,5,15,12,19,22,41,10,12,3,27,75,78,52,24,17,24,5,15,12,19,22,41,10,12,3,27,75,0.67,5.8,103.4,0.02,0,0,33.3,0,3.8,33.3,17.24,5.2,10.5,"2023-2024"
"FEN","MAC","9_4","Regular Season","John  Dibartolomeo",2,0,0,0,NA,0,0,NA,0,0,NA,0,0,0,0,0,0,0,0,2,0,-2,"H","W",78,52,24,17,24,5,15,12,19,22,41,10,12,3,27,75,78,52,24,17,24,5,15,12,19,22,41,10,12,3,27,75,NA,0,NA,-0.02,NA,NA,NA,NA,-0.8,NA,NA,0,0,"2023-2024"
"FEN","MAC","9_4","Regular Season","Jasiel  Rivero",23,7,3,7,42.9,0,1,0,1,2,50,4,1,5,3,0,0,0,0,3,2,8,"H","W",78,52,24,17,24,5,15,12,19,22,41,10,12,3,27,75,78,52,24,17,24,5,15,12,19,22,41,10,12,3,27,75,0.7,4.7,148.9,0.04,63.8,Inf,37.5,0.25,6.2,39.4,0,3.2,10.5,"2023-2024"
"FEN","MAC","9_4","Regular Season","Tamir  Blatt",17,2,0,0,NA,0,3,0,2,2,100,0,0,0,1,0,1,0,0,5,2,-4,"H","W",78,52,24,17,24,5,15,12,19,22,41,10,12,3,27,75,78,52,24,17,24,5,15,12,19,22,41,10,12,3,27,75,0.4,4.7,42.6,-0.07,21.3,1,0,0.67,-2.4,25.8,21.28,2.4,0,"2023-2024"
"MAC","FEN","9_4","Regular Season","Johnathan  Motley",27,6,2,4,50,0,0,NA,2,4,50,0,3,3,1,0,4,1,0,4,3,2,"A","L",73,27,28,24,11,11,18,14,8,23,31,3,15,3,22,72,73,27,28,24,11,11,18,14,8,23,31,3,15,3,22,72,0.75,9.4,63.8,-0.02,10.6,0.2,50,1,-0.1,52.1,42.55,3.6,0,"2023-2024"
"MAC","FEN","9_4","Regular Season","Scottie  Wilbekin",29,18,0,2,0,5,11,45.5,3,4,75,2,2,4,7,1,4,0,0,2,5,20,"A","L",73,27,28,24,11,11,18,14,8,23,31,3,15,3,22,72,73,27,28,24,11,11,18,14,8,23,31,3,15,3,22,72,1.06,16.1,111.8,0.16,43.5,1.8,57.7,0.31,13.6,61,24.84,6.4,12.5,"2023-2024"
"MAC","FEN","9_4","Regular Season","Nigel  Hayes-Davis",39,16,4,7,57.1,1,6,16.7,5,6,83.3,1,5,6,1,0,2,0,2,0,5,15,"A","L",73,27,28,24,11,11,18,14,8,23,31,3,15,3,22,72,73,27,28,24,11,11,18,14,8,23,31,3,15,3,22,72,0.84,16,100,0.14,6.2,0.5,42.3,0.46,9.4,51.2,12.5,4.5,6.2,"2023-2024"
"MAC","FEN","9_4","Regular Season","Tarik  Biberovic",28,18,3,5,60,4,5,80,0,0,NA,1,4,5,1,1,2,0,0,4,1,17,"A","L",73,27,28,24,11,11,18,14,8,23,31,3,15,3,22,72,73,27,28,24,11,11,18,14,8,23,31,3,15,3,22,72,1.8,10.6,169.8,0.18,9.4,0.5,90,0,13.8,90,18.87,4.3,6.2,"2023-2024"
"MAC","FEN","9_4","Regular Season","Nathan  Sestina",20,1,0,1,0,0,0,NA,1,2,50,3,3,6,3,0,0,1,0,4,2,7,"A","L",73,27,28,24,11,11,18,14,8,23,31,3,15,3,22,72,73,27,28,24,11,11,18,14,8,23,31,3,15,3,22,72,0.33,-1.1,-90.9,0.04,-272.7,Inf,0,2,4.1,26.6,0,0.9,18.8,"2023-2024"
"MAC","FEN","9_4","Regular Season","Sehmus  Hazer",6,0,0,1,0,0,0,NA,0,0,NA,0,1,1,0,0,0,0,0,2,2,0,"A","L",73,27,28,24,11,11,18,14,8,23,31,3,15,3,22,72,73,27,28,24,11,11,18,14,8,23,31,3,15,3,22,72,0,1,0,-0.02,0,NA,0,0,-1.2,0,0,1.7,0,"2023-2024"
"MAC","FEN","9_4","Regular Season","Georgios  Papagiannis",18,0,0,2,0,0,1,0,0,0,NA,1,4,5,1,0,0,1,0,1,1,4,"A","L",73,27,28,24,11,11,18,14,8,23,31,3,15,3,22,72,73,27,28,24,11,11,18,14,8,23,31,3,15,3,22,72,0,1.9,0,0.02,52.6,Inf,0,0,0.8,0,0,1.7,6.2,"2023-2024"
"MAC","FEN","9_4","Regular Season","Tyler  Dorsey",14,7,2,5,40,1,3,33.3,0,0,NA,0,1,1,0,0,2,0,1,2,4,2,"A","L",73,27,28,24,11,11,18,14,8,23,31,3,15,3,22,72,73,27,28,24,11,11,18,14,8,23,31,3,15,3,22,72,0.88,9.6,72.9,-0.01,0,0,43.8,0,0.1,43.8,20.83,7.1,0,"2023-2024"
"MAC","FEN","9_4","Regular Season","Yam  Madar",17,7,0,0,NA,0,2,0,7,8,87.5,0,0,0,0,1,1,0,0,3,4,5,"A","L",73,27,28,24,11,11,18,14,8,23,31,3,15,3,22,72,73,27,28,24,11,11,18,14,8,23,31,3,15,3,22,72,0.7,6.3,111.1,0.01,0,0,0,4,4,63.4,15.87,3.8,0,"2023-2024"
"BAR","VAL","9_5","Regular Season","Josep  Puerto",6,2,1,2,50,0,0,NA,0,0,NA,1,1,2,0,0,0,0,0,3,0,0,"A","L",70,48,16,17,21,6,10,8,10,22,32,4,11,0,23,54,70,48,16,17,21,6,10,8,10,22,32,4,11,0,23,54,1,1,200,-0.01,0,NA,50,0,0.8,50,0,3.2,5,"2023-2024"
"BAR","VAL","9_5","Regular Season","Nate  Reuvers",16,2,1,2,50,0,1,0,0,0,NA,0,0,0,2,0,1,0,0,3,1,-1,"A","L",70,48,16,17,21,6,10,8,10,22,32,4,11,0,23,54,70,48,16,17,21,6,10,8,10,22,32,4,11,0,23,54,0.67,3.8,52.6,-0.03,52.6,2,33.3,0,-0.5,33.3,26.32,2.4,0,"2023-2024"
"BAR","VAL","9_5","Regular Season","Chris  Jones",27,15,4,9,44.4,2,4,50,1,2,50,0,1,1,2,0,1,0,2,3,1,5,"A","L",70,48,16,17,21,6,10,8,10,22,32,4,11,0,23,54,70,48,16,17,21,6,10,8,10,22,32,4,11,0,23,54,1,14.3,104.9,0.1,14,2,53.8,0.15,7.4,54,6.99,5.3,0,"2023-2024"
"BAR","VAL","9_5","Regular Season","Boubacar  Toure",14,4,1,2,50,0,0,NA,2,3,66.7,4,2,6,0,1,1,0,0,2,4,10,"A","L",70,48,16,17,21,6,10,8,10,22,32,4,11,0,23,54,70,48,16,17,21,6,10,8,10,22,32,4,11,0,23,54,0.8,0.3,1333.3,0.06,0,0,50,1.5,5.2,60.2,333.33,3,20,"2023-2024"
"BAR","VAL","9_5","Regular Season","Semi  Ojeleye",22,8,1,4,25,1,4,25,3,4,75,0,1,1,0,0,1,0,0,3,3,1,"A","L",70,48,16,17,21,6,10,8,10,22,32,4,11,0,23,54,70,48,16,17,21,6,10,8,10,22,32,4,11,0,23,54,0.67,10.3,77.7,-0.03,0,0,31.2,0.5,0.9,41,9.71,4.7,0,"2023-2024"
"BAR","VAL","9_5","Regular Season","Victor  Claver",17,3,0,1,0,1,2,50,0,0,NA,0,2,2,0,1,0,0,1,0,3,6,"A","L",70,48,16,17,21,6,10,8,10,22,32,4,11,0,23,54,70,48,16,17,21,6,10,8,10,22,32,4,11,0,23,54,1,2.9,103.4,0.06,0,NA,50,0,2.9,50,0,1.7,0,"2023-2024"
"BAR","VAL","9_5","Regular Season","Jaime  Pradilla",11,2,1,1,100,0,0,NA,0,0,NA,0,5,5,0,1,1,0,0,3,0,4,"A","L",70,48,16,17,21,6,10,8,10,22,32,4,11,0,23,54,70,48,16,17,21,6,10,8,10,22,32,4,11,0,23,54,2,1.9,105.3,0.06,0,0,100,0,2,100,52.63,1.8,0,"2023-2024"
"BAR","VAL","9_5","Regular Season","Xabi  Lopez-Arostegui",28,10,2,7,28.6,1,2,50,3,5,60,4,3,7,1,0,0,0,1,3,4,10,"A","L",70,48,16,17,21,6,10,8,10,22,32,4,11,0,23,54,70,48,16,17,21,6,10,8,10,22,32,4,11,0,23,54,0.71,6.9,144.9,0.08,14.5,Inf,38.9,0.56,7.3,44.6,0,3.9,20,"2023-2024"
"BAR","VAL","9_5","Regular Season","Guillem  Ferrando",4,0,0,0,NA,0,1,0,0,0,NA,0,1,1,0,0,0,0,0,0,0,0,"A","L",70,48,16,17,21,6,10,8,10,22,32,4,11,0,23,54,70,48,16,17,21,6,10,8,10,22,32,4,11,0,23,54,0,1,0,0,0,NA,0,0,-0.4,0,0,2.4,0,"2023-2024"
"BAR","VAL","9_5","Regular Season","Damien  Inglis",18,13,5,7,71.4,1,1,100,0,0,NA,0,2,2,1,0,5,0,0,1,0,8,"A","L",70,48,16,17,21,6,10,8,10,22,32,4,11,0,23,54,70,48,16,17,21,6,10,8,10,22,32,4,11,0,23,54,1.62,12.5,104,0.13,8,0.2,81.2,0,5.7,81.2,40,7,0,"2023-2024"
"BAR","VAL","9_5","Regular Season","Stefan  Jovic",15,6,3,5,60,0,0,NA,0,0,NA,0,0,0,2,1,1,0,0,0,0,6,"A","L",70,48,16,17,21,6,10,8,10,22,32,4,11,0,23,54,70,48,16,17,21,6,10,8,10,22,32,4,11,0,23,54,1.2,5.8,103.4,0.1,34.5,2,60,0,5.1,60,17.24,3.9,0,"2023-2024"
"BAR","VAL","9_5","Regular Season","Brandon  Davies",22,5,2,8,25,0,1,0,1,3,33.3,1,4,5,0,0,0,0,0,2,6,5,"A","L",70,48,16,17,21,6,10,8,10,22,32,4,11,0,23,54,70,48,16,17,21,6,10,8,10,22,32,4,11,0,23,54,0.42,8.9,56.2,-0.02,0,NA,22.2,0.33,-0.2,24.2,0,4.5,5,"2023-2024"
"VAL","BAR","9_5","Regular Season","Oscar  da Silva",12,0,0,0,NA,0,0,NA,0,0,NA,1,3,4,0,1,2,0,0,1,0,2,"H","W",74,36,30,21,21,5,17,17,12,26,38,5,8,4,22,87,74,36,30,21,21,5,17,17,12,26,38,5,8,4,22,87,NA,1,0,0.01,0,0,NA,NA,0.2,NA,200,1.6,4.2,"2023-2024"
"VAL","BAR","9_5","Regular Season","Jan  Vesely",22,17,7,9,77.8,0,1,0,3,3,100,1,3,4,1,1,1,0,0,4,5,20,"H","W",74,36,30,21,21,5,17,17,12,26,38,5,8,4,22,87,74,36,30,21,21,5,17,17,12,26,38,5,8,4,22,87,1.31,10.9,156,0.13,9.2,1,70,0.3,13.5,75.1,9.17,5.4,4.2,"2023-2024"
"VAL","BAR","9_5","Regular Season","Nikola  Kalinic",26,7,0,2,0,2,6,33.3,1,2,50,1,5,6,3,0,0,0,0,2,1,8,"H","W",74,36,30,21,21,5,17,17,12,26,38,5,8,4,22,87,74,36,30,21,21,5,17,17,12,26,38,5,8,4,22,87,0.7,7.6,92.1,0.06,39.5,Inf,37.5,0.25,5.3,39.4,0,3.3,4.2,"2023-2024"
"VAL","BAR","9_5","Regular Season","Tomas  Satoransky",28,9,2,2,100,0,4,0,5,6,83.3,1,1,2,4,0,2,0,0,2,4,10,"H","W",74,36,30,21,21,5,17,17,12,26,38,5,8,4,22,87,74,36,30,21,21,5,17,17,12,26,38,5,8,4,22,87,0.75,9.3,96.8,0.05,43,2,33.3,1,6.2,52.1,21.51,3.7,4.2,"2023-2024"
"VAL","BAR","9_5","Regular Season","Nicolas  Laprovittola",27,7,1,2,50,1,8,12.5,2,2,100,1,1,2,5,0,0,0,0,3,4,7,"H","W",74,36,30,21,21,5,17,17,12,26,38,5,8,4,22,87,74,36,30,21,21,5,17,17,12,26,38,5,8,4,22,87,0.58,9.5,73.7,0.02,52.6,Inf,25,0.2,4.1,32.2,0,3.9,4.2,"2023-2024"
"VAL","BAR","9_5","Regular Season","Willy  Hernangomez",17,9,3,5,60,0,0,NA,3,4,75,2,3,5,1,1,2,0,0,2,4,13,"H","W",74,36,30,21,21,5,17,17,12,26,38,5,8,4,22,87,74,36,30,21,21,5,17,17,12,26,38,5,8,4,22,87,1,6.5,138.5,0.07,15.4,0.5,60,0.8,7.5,66.6,30.77,5,8.3,"2023-2024"
"VAL","BAR","9_5","Regular Season","Alejandro  Abrines",22,12,3,4,75,1,7,14.3,3,3,100,3,2,5,1,1,0,0,0,1,4,15,"H","W",74,36,30,21,21,5,17,17,12,26,38,5,8,4,22,87,74,36,30,21,21,5,17,17,12,26,38,5,8,4,22,87,0.86,8.9,134.8,0.08,11.2,Inf,40.9,0.27,9.9,48.7,0,5.4,12.5,"2023-2024"
"VAL","BAR","9_5","Regular Season","Jabari  Parker",25,9,3,5,60,1,3,33.3,0,0,NA,1,6,7,0,0,1,3,0,3,0,11,"H","W",74,36,30,21,21,5,17,17,12,26,38,5,8,4,22,87,74,36,30,21,21,5,17,17,12,26,38,5,8,4,22,87,1.12,7.7,116.9,0.08,0,0,56.2,0,7.4,56.2,12.99,3.5,4.2,"2023-2024"
"VAL","BAR","9_5","Regular Season","James  Nnaji",4,0,0,1,0,0,0,NA,0,0,NA,1,1,2,0,0,0,1,0,2,0,0,"H","W",74,36,30,21,21,5,17,17,12,26,38,5,8,4,22,87,74,36,30,21,21,5,17,17,12,26,38,5,8,4,22,87,0,0,NA,-0.01,NA,NA,0,0,0.2,0,NA,2.4,4.2,"2023-2024"
"VAL","BAR","9_5","Regular Season","Rokas  Jokubaitis",12,2,1,5,20,0,1,0,0,1,0,0,1,1,2,0,0,0,0,2,1,-2,"H","W",74,36,30,21,21,5,17,17,12,26,38,5,8,4,22,87,74,36,30,21,21,5,17,17,12,26,38,5,8,4,22,87,0.29,6.2,32.3,-0.03,32.3,Inf,16.7,0.17,-1.3,15.5,0,5.2,0,"2023-2024"
"VAL","BAR","9_5","Regular Season","Joel  Parra",4,2,1,1,100,0,0,NA,0,0,NA,0,0,0,0,1,0,0,0,0,0,3,"H","W",74,36,30,21,21,5,17,17,12,26,38,5,8,4,22,87,74,36,30,21,21,5,17,17,12,26,38,5,8,4,22,87,2,1,200,0.03,0,NA,100,0,2.7,100,0,2.4,0,"2023-2024"
"BOL","PAN","9_6","Regular Season","Aleksander  Balcerowski",18,10,3,4,75,0,1,0,4,4,100,1,2,3,0,0,0,1,0,3,5,14,"H","W",90,38,24,27,22,7,25,17,8,26,34,8,7,2,17,110,90,38,24,27,22,7,25,17,8,26,34,8,7,2,17,110,1.11,5.5,181.8,0.05,0,NA,60,0.8,8.5,74,0,3.7,6.2,"2023-2024"
"BOL","PAN","9_6","Regular Season","Jerian  Grant",31,7,0,2,0,1,3,33.3,4,4,100,0,1,1,7,5,0,1,0,1,3,19,"H","W",90,38,24,27,22,7,25,17,8,26,34,8,7,2,17,110,90,38,24,27,22,7,25,17,8,26,34,8,7,2,17,110,0.78,6.5,107.7,0.09,107.7,Inf,30,0.8,14.4,51.8,0,2.2,0,"2023-2024"
"BOL","PAN","9_6","Regular Season","Kendrick  Nunn",22,11,4,8,50,0,3,0,3,3,100,1,2,3,1,2,1,0,3,1,3,8,"H","W",90,38,24,27,22,7,25,17,8,26,34,8,7,2,17,110,90,38,24,27,22,7,25,17,8,26,34,8,7,2,17,110,0.79,11.8,93.2,0.04,8.5,1,36.4,0.27,7.5,44.6,8.47,6,6.2,"2023-2024"
"BOL","PAN","9_6","Regular Season","Marius  Grigonis",23,6,1,3,33.3,1,1,100,1,1,100,0,2,2,4,0,1,0,0,3,2,8,"H","W",90,38,24,27,22,7,25,17,8,26,34,8,7,2,17,110,90,38,24,27,22,7,25,17,8,26,34,8,7,2,17,110,1.2,5.2,115.4,0.03,76.9,4,62.5,0.25,5.2,67.6,19.23,2.3,0,"2023-2024"
"BOL","PAN","9_6","Regular Season","Konstantinos  Mitoglou",35,24,6,7,85.7,3,6,50,3,3,100,1,9,10,0,0,1,0,0,1,2,30,"H","W",90,38,24,27,22,7,25,17,8,26,34,8,7,2,17,110,90,38,24,27,22,7,25,17,8,26,34,8,7,2,17,110,1.5,13.7,175.2,0.16,0,0,80.8,0.23,20.5,83.8,7.3,4.3,6.2,"2023-2024"
"BOL","PAN","9_6","Regular Season","Panagiotis  Kalaitzakis",0,0,0,0,NA,0,0,NA,0,0,NA,0,0,0,0,0,0,0,0,0,0,0,"H","W",90,38,24,27,22,7,25,17,8,26,34,8,7,2,17,110,90,38,24,27,22,7,25,17,8,26,34,8,7,2,17,110,NA,0,NA,0,NA,NA,NA,NA,0,NA,NA,NA,0,"2023-2024"
"BOL","PAN","9_6","Regular Season","Luca  Vildoza",19,11,1,3,33.3,2,6,33.3,3,4,75,2,1,3,0,1,0,0,1,0,1,8,"H","W",90,38,24,27,22,7,25,17,8,26,34,8,7,2,17,110,90,38,24,27,22,7,25,17,8,26,34,8,7,2,17,110,0.85,8.4,131,0.04,0,NA,44.4,0.44,8.2,51.1,0,5.6,12.5,"2023-2024"
"BOL","PAN","9_6","Regular Season","Kostas  Sloukas",24,11,3,5,60,0,3,0,5,5,100,0,1,1,4,0,1,0,2,3,3,8,"H","W",90,38,24,27,22,7,25,17,8,26,34,8,7,2,17,110,90,38,24,27,22,7,25,17,8,26,34,8,7,2,17,110,0.85,10.8,101.9,0.04,37,4,37.5,0.62,7.5,53.9,9.26,4.6,0,"2023-2024"
"BOL","PAN","9_6","Regular Season","Mathias  Lessort",21,10,4,5,80,0,0,NA,2,3,66.7,3,6,9,1,0,3,0,0,5,5,15,"H","W",90,38,24,27,22,7,25,17,8,26,34,8,7,2,17,110,90,38,24,27,22,7,25,17,8,26,34,8,7,2,17,110,1.25,6.1,163.9,0.05,16.4,0.3,80,0.6,7.3,79.1,49.18,4.4,18.8,"2023-2024"
"BOL","PAN","9_6","Regular Season","Kostas  Antetokounmpo",3,0,0,1,0,0,0,NA,0,0,NA,0,1,1,0,0,0,0,0,0,0,0,"H","W",90,38,24,27,22,7,25,17,8,26,34,8,7,2,17,110,90,38,24,27,22,7,25,17,8,26,34,8,7,2,17,110,0,1,0,0,0,NA,0,0,-0.4,0,0,3.3,0,"2023-2024"
"BOL","PAN","9_6","Regular Season","Eleftherios  Mantzoukas",2,0,0,0,NA,0,1,0,0,0,NA,0,1,1,0,0,0,0,0,0,0,0,"H","W",90,38,24,27,22,7,25,17,8,26,34,8,7,2,17,110,90,38,24,27,22,7,25,17,8,26,34,8,7,2,17,110,0,1,0,0,0,NA,0,0,-0.4,0,0,4.9,0,"2023-2024"
"PAN","BOL","9_6","Regular Season","Isaia  Cordinier",16,2,1,2,50,0,2,0,0,0,NA,0,3,3,1,0,1,0,0,1,0,1,"A","L",76,36,29,16,21,8,10,14,9,20,29,3,11,6,25,65,76,36,29,16,21,8,10,14,9,20,29,3,11,6,25,65,0.5,4.8,41.7,0.01,20.8,1,25,0,-0.2,25,20.83,3,0,"2023-2024"
"PAN","BOL","9_6","Regular Season","Marco  Belinelli",28,20,2,3,66.7,5,10,50,1,2,50,0,0,0,3,0,2,0,0,5,2,11,"A","L",76,36,29,16,21,8,10,14,9,20,29,3,11,6,25,65,76,36,29,16,21,8,10,14,9,20,29,3,11,6,25,65,1.33,15.2,131.6,0.11,19.7,1.5,73.1,0.15,11.4,72,13.16,5.5,0,"2023-2024"
"PAN","BOL","9_6","Regular Season","Tornike  Shengelia",32,17,8,13,61.5,0,3,0,1,2,50,4,7,11,3,0,2,2,0,4,5,23,"A","L",76,36,29,16,21,8,10,14,9,20,29,3,11,6,25,65,76,36,29,16,21,8,10,14,9,20,29,3,11,6,25,65,0.94,14.3,118.9,0.18,21,1.5,50,0.12,13.4,50.4,13.99,5.7,22.2,"2023-2024"
"PAN","BOL","9_6","Regular Season","Daniel  Hackett",16,7,2,2,100,0,1,0,3,3,100,0,0,0,1,0,2,0,0,4,4,5,"A","L",76,36,29,16,21,8,10,14,9,20,29,3,11,6,25,65,76,36,29,16,21,8,10,14,9,20,29,3,11,6,25,65,1.17,6.1,114.8,0.01,16.4,0.5,66.7,1,2.8,81,32.79,3.8,0,"2023-2024"
"PAN","BOL","9_6","Regular Season","Bryant  Dunston",25,6,3,5,60,0,0,NA,0,3,0,1,2,3,1,0,0,2,0,4,2,5,"A","L",76,36,29,16,21,8,10,14,9,20,29,3,11,6,25,65,76,36,29,16,21,8,10,14,9,20,29,3,11,6,25,65,0.75,5.1,117.6,0.02,19.6,Inf,60,0.6,4.3,47.5,0,2.4,5.6,"2023-2024"
"PAN","BOL","9_6","Regular Season","Gabriel  Lundberg",12,5,0,0,NA,1,3,33.3,2,2,100,0,0,0,1,1,0,1,0,0,1,7,"A","L",76,36,29,16,21,8,10,14,9,20,29,3,11,6,25,65,76,36,29,16,21,8,10,14,9,20,29,3,11,6,25,65,1,3.7,135.1,0.06,27,Inf,50,0.67,5.7,64.4,0,3.1,0,"2023-2024"
"PAN","BOL","9_6","Regular Season","Alessandro  Pajola",20,7,1,2,50,1,5,20,2,2,100,1,2,3,3,2,1,0,0,5,1,5,"A","L",76,36,29,16,21,8,10,14,9,20,29,3,11,6,25,65,76,36,29,16,21,8,10,14,9,20,29,3,11,6,25,65,0.78,7.6,92.1,0.04,39.5,3,35.7,0.29,5.3,44.4,13.16,4.3,5.6,"2023-2024"
"PAN","BOL","9_6","Regular Season","Jaleen  Smith",17,6,1,4,25,1,2,50,1,2,50,0,3,3,1,0,1,1,2,1,1,3,"A","L",76,36,29,16,21,8,10,14,9,20,29,3,11,6,25,65,76,36,29,16,21,8,10,14,9,20,29,3,11,6,25,65,0.75,7.6,78.9,0.04,13.2,1,41.7,0.33,3.1,43.6,13.16,4.5,0,"2023-2024"
"PAN","BOL","9_6","Regular Season","Ognjen  Dobric",9,0,0,1,0,0,1,0,0,0,NA,1,0,1,0,0,1,0,0,0,0,-2,"A","L",76,36,29,16,21,8,10,14,9,20,29,3,11,6,25,65,76,36,29,16,21,8,10,14,9,20,29,3,11,6,25,65,0,1.9,0,-0.03,0,0,0,0,-1.7,0,52.63,3.2,5.6,"2023-2024"
"PAN","BOL","9_6","Regular Season","Devontae  Cacok",11,2,1,2,50,0,0,NA,0,0,NA,0,2,2,0,0,1,0,0,1,1,2,"A","L",76,36,29,16,21,8,10,14,9,20,29,3,11,6,25,65,76,36,29,16,21,8,10,14,9,20,29,3,11,6,25,65,1,2.9,69,0.01,0,0,50,0,0.2,50,34.48,2.6,0,"2023-2024"
"PAN","BOL","9_6","Regular Season","Awudu  Abass",12,4,2,2,100,0,2,0,0,0,NA,2,1,3,0,0,0,0,0,0,0,5,"A","L",76,36,29,16,21,8,10,14,9,20,29,3,11,6,25,65,76,36,29,16,21,8,10,14,9,20,29,3,11,6,25,65,1,1.9,210.5,0.05,0,NA,50,0,3.7,50,0,3.2,11.1,"2023-2024"
"BER","PAR","9_7","Regular Season","Zach  LeDay",28,14,3,6,50,2,2,100,2,2,100,2,2,4,3,0,3,0,0,3,2,14,"H","W",89,27,31,19,19,11,18,19,8,15,23,6,11,3,17,102,89,27,31,19,19,11,18,19,8,15,23,6,11,3,17,102,1.4,9.5,147.4,0.07,31.6,1,75,0.25,10.3,78.8,31.58,4.4,12.5,"2023-2024"
"BER","PAR","9_7","Regular Season","Ognjen  Jaramaz",11,0,0,1,0,0,1,0,0,0,NA,0,0,0,1,0,0,0,0,1,1,-1,"H","W",89,27,31,19,19,11,18,19,8,15,23,6,11,3,17,102,89,27,31,19,19,11,18,19,8,15,23,6,11,3,17,102,0,1.9,0,-0.01,52.6,Inf,0,0,-1.1,0,0,1.9,0,"2023-2024"
"BER","PAR","9_7","Regular Season","James  Nunnally",20,14,3,3,100,2,4,50,2,2,100,1,0,1,6,1,1,1,0,1,2,21,"H","W",89,27,31,19,19,11,18,19,8,15,23,6,11,3,17,102,89,27,31,19,19,11,18,19,8,15,23,6,11,3,17,102,1.56,7.6,184.2,0.12,78.9,6,85.7,0.29,16.3,88.8,13.16,4.6,6.2,"2023-2024"
"BER","PAR","9_7","Regular Season","Uros  Trifunovic",8,2,0,0,NA,0,2,0,2,2,100,0,0,0,0,0,1,0,0,0,1,0,"H","W",89,27,31,19,19,11,18,19,8,15,23,6,11,3,17,102,89,27,31,19,19,11,18,19,8,15,23,6,11,3,17,102,0.5,3.7,54.1,-0.01,0,0,0,1,-0.4,34.7,27.03,5,0,"2023-2024"
"BER","PAR","9_7","Regular Season","Frank  Kaminsky",23,9,2,3,66.7,1,3,33.3,2,2,100,2,2,4,3,0,1,2,0,1,2,15,"H","W",89,27,31,19,19,11,18,19,8,15,23,6,11,3,17,102,89,27,31,19,19,11,18,19,8,15,23,6,11,3,17,102,1.12,5.6,160.7,0.07,53.6,3,58.3,0.33,10.1,65.4,17.86,3.5,12.5,"2023-2024"
"BER","PAR","9_7","Regular Season","Tristan  Vukcevic",5,0,0,0,NA,0,0,NA,0,0,NA,1,0,1,0,0,0,0,0,0,0,1,"H","W",89,27,31,19,19,11,18,19,8,15,23,6,11,3,17,102,89,27,31,19,19,11,18,19,8,15,23,6,11,3,17,102,NA,-1,0,0,0,NA,NA,NA,0.7,NA,0,0,6.2,"2023-2024"
"BER","PAR","9_7","Regular Season","Aleksa  Avramovic",25,20,6,7,85.7,1,7,14.3,5,5,100,1,2,3,1,0,2,0,0,3,5,17,"H","W",89,27,31,19,19,11,18,19,8,15,23,6,11,3,17,102,89,27,31,19,19,11,18,19,8,15,23,6,11,3,17,102,1.05,16.5,121.2,0.07,6.1,0.5,53.6,0.36,11.8,61.7,12.12,7.5,6.2,"2023-2024"
"BER","PAR","9_7","Regular Season","Danilo  Andjusic",27,16,2,4,50,4,7,57.1,0,0,NA,0,1,1,1,1,1,0,0,2,3,14,"H","W",89,27,31,19,19,11,18,19,8,15,23,6,11,3,17,102,89,27,31,19,19,11,18,19,8,15,23,6,11,3,17,102,1.45,11.5,139.1,0.07,8.7,1,72.7,0,10.9,72.7,8.7,4.6,0,"2023-2024"
"BER","PAR","9_7","Regular Season","P.J.  Dozier",24,5,0,0,NA,1,5,20,2,2,100,1,3,4,4,1,2,0,0,3,1,6,"H","W",89,27,31,19,19,11,18,19,8,15,23,6,11,3,17,102,89,27,31,19,19,11,18,19,8,15,23,6,11,3,17,102,0.71,6.6,75.8,0.03,60.6,2,30,0.4,4.1,42.5,30.3,3.4,6.2,"2023-2024"
"BER","PAR","9_7","Regular Season","Mateusz  Ponitka",9,2,1,1,100,0,0,NA,0,0,NA,0,0,0,0,1,0,0,0,1,0,2,"H","W",89,27,31,19,19,11,18,19,8,15,23,6,11,3,17,102,89,27,31,19,19,11,18,19,8,15,23,6,11,3,17,102,2,1,200,0.01,0,NA,100,0,2.3,100,0,1.1,0,"2023-2024"
"BER","PAR","9_7","Regular Season","Bruno  Caboclo",20,7,2,2,100,0,0,NA,3,4,75,0,5,5,0,2,0,0,0,2,2,13,"H","W",89,27,31,19,19,11,18,19,8,15,23,6,11,3,17,102,89,27,31,19,19,11,18,19,8,15,23,6,11,3,17,102,1.17,3.6,194.4,0.07,0,NA,100,2,8.7,93.1,0,1.9,0,"2023-2024"
"PAR","BER","9_7","Regular Season","Sterling  Brown",29,8,0,2,0,2,7,28.6,2,2,100,0,3,3,4,2,2,0,1,4,2,5,"A","L",74,30,27,21,16,8,18,19,8,17,25,5,14,0,19,68,74,30,27,21,16,8,18,19,8,17,25,5,14,0,19,68,0.73,11.4,70.2,0.04,35.1,2,33.3,0.22,4.6,40.5,17.54,4.1,0,"2023-2024"
"PAR","BER","9_7","Regular Season","Malte  Delow",26,0,0,0,NA,0,6,0,0,0,NA,0,1,1,8,1,3,0,0,2,1,0,"A","L",74,30,27,21,16,8,18,19,8,17,25,5,14,0,19,68,74,30,27,21,16,8,18,19,8,17,25,5,14,0,19,68,0,8.6,0,-0.01,93,2.7,0,0,-1.1,0,34.88,3.5,0,"2023-2024"
"PAR","BER","9_7","Regular Season","Louis  Olinde",26,10,2,4,50,2,4,50,0,0,NA,1,2,3,1,0,1,0,1,2,1,7,"A","L",74,30,27,21,16,8,18,19,8,17,25,5,14,0,19,68,74,30,27,21,16,8,18,19,8,17,25,5,14,0,19,68,1.25,7.7,129.9,0.06,13,1,62.5,0,6.2,62.5,12.99,3.5,6.2,"2023-2024"
"PAR","BER","9_7","Regular Season","Christ  Koumadje",17,8,3,4,75,0,0,NA,2,2,100,4,7,11,2,1,0,0,0,0,2,23,"A","L",74,30,27,21,16,8,18,19,8,17,25,5,14,0,19,68,74,30,27,21,16,8,18,19,8,17,25,5,14,0,19,68,1.33,0.8,1000,0.19,250,Inf,75,0.5,13.7,82,0,2.9,25,"2023-2024"
"PAR","BER","9_7","Regular Season","Johannes  Thiemann",27,21,8,10,80,0,1,0,5,5,100,2,1,3,0,0,1,0,0,0,5,25,"A","L",74,30,27,21,16,8,18,19,8,17,25,5,14,0,19,68,74,30,27,21,16,8,18,19,8,17,25,5,14,0,19,68,1.31,11.7,179.5,0.19,0,0,72.7,0.45,17.2,79.5,8.55,5.2,12.5,"2023-2024"
"PAR","BER","9_7","Regular Season","Gabriele  Procida",13,3,0,2,0,1,4,25,0,0,NA,0,1,1,0,0,0,0,0,0,0,-1,"A","L",74,30,27,21,16,8,18,19,8,17,25,5,14,0,19,68,74,30,27,21,16,8,18,19,8,17,25,5,14,0,19,68,0.5,5.8,51.7,-0.01,0,NA,25,0,-0.5,25,0,4.6,0,"2023-2024"
"PAR","BER","9_7","Regular Season","Ziga  Samar",12,4,1,2,50,0,0,NA,2,2,100,1,0,1,1,1,3,0,0,4,1,0,"A","L",74,30,27,21,16,8,18,19,8,17,25,5,14,0,19,68,74,30,27,21,16,8,18,19,8,17,25,5,14,0,19,68,1,4.7,85.1,-0.01,21.3,0.3,50,1,0.8,69.4,63.83,4.9,6.2,"2023-2024"
"PAR","BER","9_7","Regular Season","Yannick  Wetzell",16,6,2,3,66.7,0,0,NA,2,4,50,0,1,1,1,0,1,0,1,2,2,3,"A","L",74,30,27,21,16,8,18,19,8,17,25,5,14,0,19,68,74,30,27,21,16,8,18,19,8,17,25,5,14,0,19,68,0.86,5.5,109.1,0.02,18.2,1,66.7,1.33,3.1,63,18.18,3.6,0,"2023-2024"
"PAR","BER","9_7","Regular Season","Jonas  Mattisseck",3,0,0,0,NA,0,1,0,0,0,NA,0,0,0,1,0,0,0,0,1,0,-1,"A","L",74,30,27,21,16,8,18,19,8,17,25,5,14,0,19,68,74,30,27,21,16,8,18,19,8,17,25,5,14,0,19,68,0,1,0,-0.01,100,Inf,0,0,-0.4,0,0,3.3,0,"2023-2024"
"PAR","BER","9_7","Regular Season","Tim  Schneider",18,12,0,2,0,3,4,75,3,4,75,0,0,0,1,0,1,0,0,1,2,9,"A","L",74,30,27,21,16,8,18,19,8,17,25,5,14,0,19,68,74,30,27,21,16,8,18,19,8,17,25,5,14,0,19,68,1.2,8.4,142.9,0.07,11.9,1,75,0.67,7.9,77.3,11.9,4.9,0,"2023-2024"
"PAR","BER","9_7","Regular Season","Matt  Thomas",10,2,0,1,0,0,0,NA,2,2,100,0,1,1,0,0,2,0,0,2,1,-1,"A","L",74,30,27,21,16,8,18,19,8,17,25,5,14,0,19,68,74,30,27,21,16,8,18,19,8,17,25,5,14,0,19,68,0.67,3.7,54.1,-0.02,0,0,0,2,-1.2,53.2,54.05,3.9,0,"2023-2024"
"PAR","BER","9_7","Regular Season","Kresimir  Nikic",1,0,0,0,NA,0,0,NA,0,0,NA,0,0,0,0,0,0,0,0,1,0,-1,"A","L",74,30,27,21,16,8,18,19,8,17,25,5,14,0,19,68,74,30,27,21,16,8,18,19,8,17,25,5,14,0,19,68,NA,0,NA,-0.01,NA,NA,NA,NA,-0.4,NA,NA,0,0,"2023-2024"
"BAS","VIL","9_8","Regular Season","Paris  Lee",34,12,2,6,33.3,2,4,50,2,2,100,1,0,1,4,2,0,0,0,2,4,15,"H","L",81,47,19,15,22,9,10,18,8,24,32,3,6,0,16,89,81,47,19,15,22,9,10,18,8,24,32,3,6,0,16,89,1,9.5,126.3,0.08,42.1,Inf,50,0.2,11.3,55.1,0,3.3,6.2,"2023-2024"
"BAS","VIL","9_8","Regular Season","Joffrey  Lauvergne",32,16,6,14,42.9,1,4,25,1,2,50,2,7,9,2,0,2,0,1,2,2,12,"H","L",81,47,19,15,22,9,10,18,8,24,32,3,6,0,16,89,81,47,19,15,22,9,10,18,8,24,32,3,6,0,16,89,0.8,18.1,88.4,0.07,11,1,41.7,0.11,7.9,42.4,11.05,6.6,12.5,"2023-2024"
"BAS","VIL","9_8","Regular Season","Timothe  Luwawu-Cabarrot",28,10,2,8,25,1,3,33.3,3,4,75,0,4,4,8,1,1,0,1,4,6,14,"H","L",81,47,19,15,22,9,10,18,8,24,32,3,6,0,16,89,81,47,19,15,22,9,10,18,8,24,32,3,6,0,16,89,0.67,13.2,75.8,0.07,60.6,8,31.8,0.36,8.3,39.2,7.58,5,0,"2023-2024"
"BAS","VIL","9_8","Regular Season","Youssoupha  Fall",11,6,3,4,75,0,0,NA,0,0,NA,2,2,4,0,0,1,0,0,4,2,6,"H","L",81,47,19,15,22,9,10,18,8,24,32,3,6,0,16,89,81,47,19,15,22,9,10,18,8,24,32,3,6,0,16,89,1.5,2.9,206.9,0.02,0,0,75,0,3.8,75,34.48,4.6,12.5,"2023-2024"
"BAS","VIL","9_8","Regular Season","David  Lighty",24,6,2,4,50,0,1,0,2,3,66.7,0,4,4,1,0,1,0,0,0,2,8,"H","L",81,47,19,15,22,9,10,18,8,24,32,3,6,0,16,89,81,47,19,15,22,9,10,18,8,24,32,3,6,0,16,89,0.75,7,85.7,0.04,14.3,1,40,0.6,3.8,47.5,14.29,3.1,0,"2023-2024"
"BAS","VIL","9_8","Regular Season","Mike  Scott",23,22,5,9,55.6,4,5,80,0,0,NA,1,2,3,0,0,0,0,0,3,0,17,"H","L",81,47,19,15,22,9,10,18,8,24,32,3,6,0,16,89,81,47,19,15,22,9,10,18,8,24,32,3,6,0,16,89,1.57,12.5,176,0.12,0,NA,78.6,0,15.9,78.6,0,6.2,6.2,"2023-2024"
"BAS","VIL","9_8","Regular Season","Charles Lombahe Kahudi",22,2,1,1,100,0,1,0,0,2,0,2,5,7,1,0,1,0,0,1,2,7,"H","L",81,47,19,15,22,9,10,18,8,24,32,3,6,0,16,89,81,47,19,15,22,9,10,18,8,24,32,3,6,0,16,89,0.5,1.8,111.1,0.03,55.6,1,50,1,2.4,34.7,55.56,1.8,12.5,"2023-2024"
"BAS","VIL","9_8","Regular Season","Edwin  Jackson",10,0,0,0,NA,0,0,NA,0,0,NA,0,0,0,0,0,0,0,0,0,0,0,"H","L",81,47,19,15,22,9,10,18,8,24,32,3,6,0,16,89,81,47,19,15,22,9,10,18,8,24,32,3,6,0,16,89,NA,0,NA,0,NA,NA,NA,NA,0,NA,NA,0,0,"2023-2024"
"BAS","VIL","9_8","Regular Season","John  Egbunu",12,4,1,1,100,0,0,NA,2,2,100,0,0,0,1,0,0,0,0,0,1,6,"H","L",81,47,19,15,22,9,10,18,8,24,32,3,6,0,16,89,81,47,19,15,22,9,10,18,8,24,32,3,6,0,16,89,1.33,1.8,222.2,0.04,55.6,Inf,100,2,4.4,106.4,0,1.6,0,"2023-2024"
"BAS","VIL","9_8","Regular Season","Noam  Yaacov",4,3,0,0,NA,1,1,100,0,0,NA,0,0,0,1,0,0,0,0,0,0,4,"H","L",81,47,19,15,22,9,10,18,8,24,32,3,6,0,16,89,81,47,19,15,22,9,10,18,8,24,32,3,6,0,16,89,3,1,300,0.03,100,Inf,150,0,3.4,150,0,2.5,0,"2023-2024"
"VIL","BAS","9_8","Regular Season","Markus  Howard",30,35,3,8,37.5,8,13,61.5,5,5,100,0,2,2,1,0,2,0,0,3,2,25,"A","W",88,25,36,18,12,16,16,23,5,28,33,2,8,2,20,101,88,25,36,18,12,16,16,23,5,28,33,2,8,2,20,101,1.35,24.2,144.6,0.14,4.1,0.5,71.4,0.24,22.8,75.4,8.26,8.7,0,"2023-2024"
"VIL","BAS","9_8","Regular Season","Codi  Miller-McIntyre",26,2,1,2,50,0,3,0,0,0,NA,0,2,2,3,0,1,0,0,5,1,-2,"A","W",88,25,36,18,12,16,16,23,5,28,33,2,8,2,20,101,88,25,36,18,12,16,16,23,5,28,33,2,8,2,20,101,0.4,5.8,34.5,-0.02,51.7,3,20,0,-1.4,20,17.24,2.4,0,"2023-2024"
"VIL","BAS","9_8","Regular Season","Daniel  Diez",27,6,0,1,0,2,3,66.7,0,0,NA,1,5,6,2,0,0,0,0,3,0,9,"A","W",88,25,36,18,12,16,16,23,5,28,33,2,8,2,20,101,88,25,36,18,12,16,16,23,5,28,33,2,8,2,20,101,1.5,2.9,206.9,0.05,69,Inf,75,0,6.4,75,0,1.5,10,"2023-2024"
"VIL","BAS","9_8","Regular Season","Maik  Kotsar",14,4,0,2,0,0,0,NA,4,4,100,1,0,1,0,0,1,0,0,1,3,4,"A","W",88,25,36,18,12,16,16,23,5,28,33,2,8,2,20,101,88,25,36,18,12,16,16,23,5,28,33,2,8,2,20,101,0.67,3.6,111.1,0,0,0,0,2,1.9,53.2,27.78,3.5,10,"2023-2024"
"VIL","BAS","9_8","Regular Season","Matthew  Costello",29,16,2,4,50,2,5,40,6,8,75,0,5,5,2,0,1,0,0,2,7,20,"A","W",88,25,36,18,12,16,16,23,5,28,33,2,8,2,20,101,88,25,36,18,12,16,16,23,5,28,33,2,8,2,20,101,0.94,13,123.1,0.08,15.4,2,55.6,0.89,11.6,63.9,7.69,4.8,0,"2023-2024"
"VIL","BAS","9_8","Regular Season","Nico  Mannion",5,0,0,0,NA,0,0,NA,0,0,NA,0,0,0,1,0,0,0,0,0,0,1,"A","W",88,25,36,18,12,16,16,23,5,28,33,2,8,2,20,101,88,25,36,18,12,16,16,23,5,28,33,2,8,2,20,101,NA,0,NA,0.01,Inf,Inf,NA,NA,0.7,NA,NA,0,0,"2023-2024"
"VIL","BAS","9_8","Regular Season","Sander  Raieste",12,4,2,2,100,0,2,0,0,0,NA,1,2,3,2,0,0,1,0,4,0,4,"A","W",88,25,36,18,12,16,16,23,5,28,33,2,8,2,20,101,88,25,36,18,12,16,16,23,5,28,33,2,8,2,20,101,1,2.9,137.9,0.02,69,Inf,50,0,3.8,50,0,3.5,10,"2023-2024"
"VIL","BAS","9_8","Regular Season","Christopher  Chiozza",20,2,1,2,50,0,4,0,0,0,NA,0,1,1,6,1,0,0,0,0,0,5,"A","W",88,25,36,18,12,16,16,23,5,28,33,2,8,2,20,101,88,25,36,18,12,16,16,23,5,28,33,2,8,2,20,101,0.33,5.8,34.5,0.03,103.4,Inf,16.7,0,3.7,16.7,0,3.1,0,"2023-2024"
"VIL","BAS","9_8","Regular Season","Chima  Moneke",37,19,3,4,75,4,6,66.7,1,1,100,2,11,13,6,1,3,1,0,2,3,35,"A","W",88,25,36,18,12,16,16,23,5,28,33,2,8,2,20,101,88,25,36,18,12,16,16,23,5,28,33,2,8,2,20,101,1.73,11,172.7,0.19,54.5,2,90,0.1,21.6,91,27.27,3.8,20,"2023-2024"
"BAY","ZAL","9_9","Regular Season","Keenan  Evans",20,11,2,5,40,2,4,50,1,2,50,0,2,2,2,1,1,0,1,3,2,7,"H","W",74,30,30,13,14,13,7,14,5,25,30,5,8,1,12,72,74,30,30,13,14,13,7,14,5,25,30,5,8,1,12,72,1,10.4,105.8,0.05,19.2,2,55.6,0.22,6.7,55.7,9.62,5.9,0,"2023-2024"
"BAY","ZAL","9_9","Regular Season","Kevarrius  Hayes",8,0,0,1,0,0,0,NA,0,0,NA,0,1,1,0,0,2,0,0,3,0,-5,"H","W",74,30,30,13,14,13,7,14,5,25,30,5,8,1,12,72,74,30,30,13,14,13,7,14,5,25,30,5,8,1,12,72,0,2.9,0,-0.04,0,0,0,0,-3.6,0,68.97,4.1,0,"2023-2024"
"BAY","ZAL","9_9","Regular Season","Dovydas  Giedraitis",16,2,1,2,50,0,2,0,0,0,NA,0,2,2,0,1,0,0,0,1,0,1,"H","W",74,30,30,13,14,13,7,14,5,25,30,5,8,1,12,72,74,30,30,13,14,13,7,14,5,25,30,5,8,1,12,72,0.5,3.8,52.6,0.01,0,NA,25,0,0.8,25,0,2.7,0,"2023-2024"
"BAY","ZAL","9_9","Regular Season","Rolands  Smits",29,16,2,3,66.7,4,7,57.1,0,0,NA,0,4,4,2,1,0,0,1,2,0,16,"H","W",74,30,30,13,14,13,7,14,5,25,30,5,8,1,12,72,74,30,30,13,14,13,7,14,5,25,30,5,8,1,12,72,1.6,9.6,166.7,0.14,20.8,Inf,80,0,14.2,80,0,3.7,0,"2023-2024"
"BAY","ZAL","9_9","Regular Season","Arnas  Butkevicius",22,2,1,1,100,0,2,0,0,0,NA,2,3,5,1,0,2,0,0,1,1,4,"H","W",74,30,30,13,14,13,7,14,5,25,30,5,8,1,12,72,74,30,30,13,14,13,7,14,5,25,30,5,8,1,12,72,0.67,2.9,69,0.02,34.5,0.5,33.3,0,0.9,33.3,68.97,2.5,20,"2023-2024"
"BAY","ZAL","9_9","Regular Season","Naz  Mitrou-Long",3,0,0,0,NA,0,0,NA,0,0,NA,0,0,0,0,0,0,0,0,0,0,0,"H","W",74,30,30,13,14,13,7,14,5,25,30,5,8,1,12,72,74,30,30,13,14,13,7,14,5,25,30,5,8,1,12,72,NA,0,NA,0,NA,NA,NA,NA,0,NA,NA,0,0,"2023-2024"
"BAY","ZAL","9_9","Regular Season","Lukas  Lekavicius",20,11,2,7,28.6,2,4,50,1,2,50,0,1,1,3,0,1,0,0,0,1,7,"H","W",74,30,30,13,14,13,7,14,5,25,30,5,8,1,12,72,74,30,30,13,14,13,7,14,5,25,30,5,8,1,12,72,0.85,12.4,88.7,0.05,24.2,3,45.5,0.18,5.9,46.3,8.06,7,0,"2023-2024"
"BAY","ZAL","9_9","Regular Season","Laurynas  Birutis",24,10,4,6,66.7,0,0,NA,2,2,100,3,6,9,0,0,0,0,1,0,1,17,"H","W",74,30,30,13,14,13,7,14,5,25,30,5,8,1,12,72,74,30,30,13,14,13,7,14,5,25,30,5,8,1,12,72,1.25,3.7,270.3,0.12,0,NA,66.7,0.33,11.3,72.7,0,3.1,30,"2023-2024"
"BAY","ZAL","9_9","Regular Season","Tomas  Dimsa",20,14,2,3,66.7,3,6,50,1,2,50,0,0,0,2,1,1,1,1,2,3,12,"H","W",74,30,30,13,14,13,7,14,5,25,30,5,8,1,12,72,74,30,30,13,14,13,7,14,5,25,30,5,8,1,12,72,1.27,10.4,134.6,0.08,19.2,2,72.2,0.22,10.6,70.9,9.62,5.9,0,"2023-2024"
"BAY","ZAL","9_9","Regular Season","Brady   Manek",16,0,0,1,0,0,3,0,0,0,NA,0,0,0,1,0,0,0,0,0,0,-3,"H","W",74,30,30,13,14,13,7,14,5,25,30,5,8,1,12,72,74,30,30,13,14,13,7,14,5,25,30,5,8,1,12,72,0,3.8,0,-0.02,26.3,Inf,0,0,-2.1,0,0,2.7,0,"2023-2024"
"BAY","ZAL","9_9","Regular Season","Edgaras  Ulanovas",20,8,0,1,0,2,2,100,2,5,40,0,6,6,3,1,1,0,0,0,3,16,"H","W",74,30,30,13,14,13,7,14,5,25,30,5,8,1,12,72,74,30,30,13,14,13,7,14,5,25,30,5,8,1,12,72,1,6,133.3,0.1,50,3,100,1.67,9.4,76.9,16.67,3.4,0,"2023-2024"
"ZAL","BAY","9_9","Regular Season","Carsen  Edwards",29,6,0,3,0,2,8,25,0,0,NA,0,1,1,1,1,0,0,1,0,2,1,"A","L",73,47,21,4,23,8,3,17,11,26,37,5,10,4,11,88,73,47,21,4,23,8,3,17,11,26,37,5,10,4,11,88,0.55,10.6,56.6,0,9.4,Inf,27.3,0,1.1,27.3,0,3.8,0,"2023-2024"
"ZAL","BAY","9_9","Regular Season","Niels  Giffey",22,3,0,1,0,1,1,100,0,0,NA,0,2,2,0,0,0,0,0,2,0,2,"A","L",73,47,21,4,23,8,3,17,11,26,37,5,10,4,11,88,73,47,21,4,23,8,3,17,11,26,37,5,10,4,11,88,1.5,1.9,157.9,0.01,0,NA,75,0,1.8,75,0,0.9,0,"2023-2024"
"ZAL","BAY","9_9","Regular Season","Leandro  Bolmaro",29,12,5,8,62.5,0,1,0,2,2,100,1,5,6,4,2,5,1,0,2,4,18,"A","L",73,47,21,4,23,8,3,17,11,26,37,5,10,4,11,88,73,47,21,4,23,8,3,17,11,26,37,5,10,4,11,88,1.09,13.3,90.2,0.09,30.1,0.8,55.6,0.22,9.6,60.7,37.59,5.1,4.5,"2023-2024"
"ZAL","BAY","9_9","Regular Season","Devin   Booker",31,8,4,7,57.1,0,1,0,0,0,NA,0,6,6,3,0,0,0,0,0,1,14,"A","L",73,47,21,4,23,8,3,17,11,26,37,5,10,4,11,88,73,47,21,4,23,8,3,17,11,26,37,5,10,4,11,88,1,7.7,103.9,0.09,39,Inf,50,0,7.9,50,0,2.6,0,"2023-2024"
"ZAL","BAY","9_9","Regular Season","Freddie  Gillespie",4,0,0,1,0,0,0,NA,0,0,NA,0,1,1,0,0,0,0,0,1,0,-1,"A","L",73,47,21,4,23,8,3,17,11,26,37,5,10,4,11,88,73,47,21,4,23,8,3,17,11,26,37,5,10,4,11,88,0,1,0,-0.01,0,NA,0,0,-0.8,0,0,2.5,0,"2023-2024"
"ZAL","BAY","9_9","Regular Season","Nick  Weiler-Babb",22,11,2,2,100,2,5,40,1,1,100,3,4,7,5,1,0,0,0,2,1,20,"A","L",73,47,21,4,23,8,3,17,11,26,37,5,10,4,11,88,73,47,21,4,23,8,3,17,11,26,37,5,10,4,11,88,1.38,4.3,255.8,0.13,116.3,Inf,71.4,0.14,14.7,73.9,0,3.4,13.6,"2023-2024"
"ZAL","BAY","9_9","Regular Season","Sylvain  Francisco",10,3,0,2,0,1,2,50,0,0,NA,0,1,1,2,0,3,0,0,1,2,1,"A","L",73,47,21,4,23,8,3,17,11,26,37,5,10,4,11,88,73,47,21,4,23,8,3,17,11,26,37,5,10,4,11,88,0.75,6.7,44.8,-0.01,29.9,0.7,37.5,0,-1.1,37.5,44.78,7,0,"2023-2024"
"ZAL","BAY","9_9","Regular Season","Serge  Ibaka",24,20,7,15,46.7,2,2,100,0,1,0,3,4,7,1,1,1,2,0,0,1,22,"A","L",73,47,21,4,23,8,3,17,11,26,37,5,10,4,11,88,73,47,21,4,23,8,3,17,11,26,37,5,10,4,11,88,1.11,14.8,135.1,0.13,6.8,1,58.8,0.06,16.7,57.3,6.76,7.7,13.6,"2023-2024"
"ZAL","BAY","9_9","Regular Season","Jan Niklas  Wimberg",14,2,1,3,33.3,0,0,NA,0,0,NA,2,1,3,0,0,1,0,0,2,0,0,"A","L",73,47,21,4,23,8,3,17,11,26,37,5,10,4,11,88,73,47,21,4,23,8,3,17,11,26,37,5,10,4,11,88,0.67,1.9,105.3,-0.01,0,0,33.3,0,0.2,33.3,52.63,2.9,9.1,"2023-2024"
"ZAL","BAY","9_9","Regular Season","Danko   Brankovic",8,4,2,2,100,0,0,NA,0,0,NA,2,0,2,0,0,0,1,0,0,0,7,"A","L",73,47,21,4,23,8,3,17,11,26,37,5,10,4,11,88,73,47,21,4,23,8,3,17,11,26,37,5,10,4,11,88,2,0,Inf,0.04,NA,NA,100,0,5.5,100,NA,2.5,9.1,"2023-2024"
"ZAL","BAY","9_9","Regular Season","Ivan  Kharchenkov",8,4,2,3,66.7,0,1,0,0,0,NA,0,1,1,1,0,0,0,0,1,1,4,"A","L",73,47,21,4,23,8,3,17,11,26,37,5,10,4,11,88,73,47,21,4,23,8,3,17,11,26,37,5,10,4,11,88,1,3.8,105.3,0.02,26.3,Inf,50,0,2.6,50,0,5,0,"2023-2024"
"BAR","MAC","10_1","Regular Season","Lorenzo  Brown",34,12,3,9,33.3,1,5,20,3,3,100,1,1,2,4,1,3,0,0,2,1,5,"H","L",90,40,21,26,25,8,16,22,9,17,26,7,19,4,22,95,90,40,21,26,25,8,16,22,9,17,26,7,19,4,22,95,0.71,16.6,72.3,0.03,24.1,1.3,32.1,0.21,4.8,39.2,18.07,4.7,5.6,"2023-2024"
"BAR","MAC","10_1","Regular Season","Wade  Baldwin IV",29,19,5,7,71.4,2,4,50,3,4,75,0,1,1,8,1,6,0,0,3,7,22,"H","L",90,40,21,26,25,8,16,22,9,17,26,7,19,4,22,95,90,40,21,26,25,8,16,22,9,17,26,7,19,4,22,95,1.27,18,105.6,0.12,44.4,1.3,72.7,0.36,13.4,74.5,33.33,5.7,0,"2023-2024"
"BAR","MAC","10_1","Regular Season","Jake  Cohen",16,7,2,3,66.7,1,3,33.3,0,0,NA,0,0,0,4,0,1,0,0,3,1,5,"H","L",90,40,21,26,25,8,16,22,9,17,26,7,19,4,22,95,90,40,21,26,25,8,16,22,9,17,26,7,19,4,22,95,1.17,6.7,104.5,0.03,59.7,4,58.3,0,4.6,58.3,14.93,3.8,0,"2023-2024"
"BAR","MAC","10_1","Regular Season","Josh  Nebo",17,13,4,5,80,0,0,NA,5,8,62.5,2,3,5,1,0,2,0,1,0,5,17,"H","L",90,40,21,26,25,8,16,22,9,17,26,7,19,4,22,95,90,40,21,26,25,8,16,22,9,17,26,7,19,4,22,95,1,8.2,158.5,0.09,12.2,0.5,80,1.6,10.9,76.3,24.39,5.4,11.1,"2023-2024"
"BAR","MAC","10_1","Regular Season","Bonzie  Colson",32,11,2,3,66.7,2,4,50,1,2,50,2,5,7,0,1,1,0,0,3,1,12,"H","L",90,40,21,26,25,8,16,22,9,17,26,7,19,4,22,95,90,40,21,26,25,8,16,22,9,17,26,7,19,4,22,95,1.22,6.6,166.7,0.08,0,0,71.4,0.29,9,69.8,15.15,2.4,11.1,"2023-2024"
"BAR","MAC","10_1","Regular Season","Antonius  Cleveland",20,9,1,2,50,2,2,100,1,2,50,1,1,2,2,2,1,2,0,5,2,11,"H","L",90,40,21,26,25,8,16,22,9,17,26,7,19,4,22,95,90,40,21,26,25,8,16,22,9,17,26,7,19,4,22,95,1.5,4.7,191.5,0.06,42.6,2,100,0.5,9.8,92.2,21.28,2.6,5.6,"2023-2024"
"BAR","MAC","10_1","Regular Season","James  Webb III",8,0,0,1,0,0,0,NA,0,0,NA,0,2,2,1,1,1,0,0,2,0,0,"H","L",90,40,21,26,25,8,16,22,9,17,26,7,19,4,22,95,90,40,21,26,25,8,16,22,9,17,26,7,19,4,22,95,0,1.9,0,0,52.6,1,0,0,-0.2,0,52.63,2.2,0,"2023-2024"
"BAR","MAC","10_1","Regular Season","Rafael  Menco",6,0,0,0,NA,0,2,0,0,0,NA,0,0,0,0,0,1,0,0,0,0,-3,"H","L",90,40,21,26,25,8,16,22,9,17,26,7,19,4,22,95,90,40,21,26,25,8,16,22,9,17,26,7,19,4,22,95,0,2.9,0,-0.02,0,0,0,0,-2.4,0,34.48,4.4,0,"2023-2024"
"BAR","MAC","10_1","Regular Season","Roman  Sorkin",20,8,3,4,75,0,1,0,2,4,50,1,3,4,1,1,1,2,0,1,3,13,"H","L",90,40,21,26,25,8,16,22,9,17,26,7,19,4,22,95,90,40,21,26,25,8,16,22,9,17,26,7,19,4,22,95,0.89,6.5,123.1,0.07,15.4,1,60,0.8,8.2,59.2,15.38,3.4,5.6,"2023-2024"
"BAR","MAC","10_1","Regular Season","Jasiel  Rivero",20,11,5,6,83.3,0,0,NA,1,3,33.3,2,1,3,1,0,2,0,0,3,6,13,"H","L",90,40,21,26,25,8,16,22,9,17,26,7,19,4,22,95,90,40,21,26,25,8,16,22,9,17,26,7,19,4,22,95,1.22,7,157.1,0.05,14.3,0.5,83.3,0.5,7.2,75.1,28.57,4.1,11.1,"2023-2024"
"MAC","BAR","10_1","Regular Season","Oscar  da Silva",12,2,1,1,100,0,0,NA,0,0,NA,0,2,2,0,1,0,0,0,2,0,3,"A","W",92,37,28,23,24,9,17,15,12,18,30,7,15,1,26,82,92,37,28,23,24,9,17,15,12,18,30,7,15,1,26,82,2,1,200,0.03,0,NA,100,0,2.5,100,0,0.7,0,"2023-2024"
"MAC","BAR","10_1","Regular Season","Nikola  Kalinic",26,8,1,2,50,2,6,33.3,0,1,0,2,2,4,2,0,1,0,1,3,2,5,"A","W",92,37,28,23,24,9,17,15,12,18,30,7,15,1,26,82,92,37,28,23,24,9,17,15,12,18,30,7,15,1,26,82,0.89,7.1,112.7,0.03,28.2,2,50,0.12,4.4,47.4,14.08,3.2,8.3,"2023-2024"
"MAC","BAR","10_1","Regular Season","Tomas  Satoransky",26,5,1,1,100,1,2,50,0,0,NA,0,2,2,4,2,1,0,0,2,1,10,"A","W",92,37,28,23,24,9,17,15,12,18,30,7,15,1,26,82,92,37,28,23,24,9,17,15,12,18,30,7,15,1,26,82,1.67,3.8,131.6,0.08,105.3,4,83.3,0,7.3,83.3,26.32,1.4,0,"2023-2024"
"MAC","BAR","10_1","Regular Season","Willy  Hernangomez",19,13,4,10,40,0,0,NA,5,6,83.3,4,4,8,0,1,4,0,0,5,6,12,"A","W",92,37,28,23,24,9,17,15,12,18,30,7,15,1,26,82,92,37,28,23,24,9,17,15,12,18,30,7,15,1,26,82,0.81,12.1,107.4,0.03,0,0,40,0.6,6.2,51.4,33.06,7.8,16.7,"2023-2024"
"MAC","BAR","10_1","Regular Season","Nicolas  Laprovittola",21,23,4,7,57.1,3,6,50,6,8,75,3,1,4,3,0,4,0,2,2,5,19,"A","W",92,37,28,23,24,9,17,15,12,18,30,7,15,1,26,82,92,37,28,23,24,9,17,15,12,18,30,7,15,1,26,82,1.1,16.8,136.9,0.12,17.9,0.8,65.4,0.62,15.6,69.6,23.81,8.7,12.5,"2023-2024"
"MAC","BAR","10_1","Regular Season","Oriol  Pauli",24,0,0,1,0,0,1,0,0,0,NA,0,1,1,2,0,1,0,0,1,0,-1,"A","W",92,37,28,23,24,9,17,15,12,18,30,7,15,1,26,82,92,37,28,23,24,9,17,15,12,18,30,7,15,1,26,82,0,2.9,0,-0.01,69,2,0,0,-1.1,0,34.48,1.1,0,"2023-2024"
"MAC","BAR","10_1","Regular Season","Dario  Brizuela",10,2,1,1,100,0,1,0,0,0,NA,0,1,1,2,1,0,0,0,1,0,4,"A","W",92,37,28,23,24,9,17,15,12,18,30,7,15,1,26,82,92,37,28,23,24,9,17,15,12,18,30,7,15,1,26,82,1,1.9,105.3,0.03,105.3,Inf,50,0,3.3,50,0,1.8,0,"2023-2024"
"MAC","BAR","10_1","Regular Season","Alejandro  Abrines",23,16,3,3,100,3,6,50,1,1,100,0,0,0,0,1,1,0,0,4,1,10,"A","W",92,37,28,23,24,9,17,15,12,18,30,7,15,1,26,82,92,37,28,23,24,9,17,15,12,18,30,7,15,1,26,82,1.6,10,160,0.08,0,0,83.3,0.11,10.5,84.7,10,4,0,"2023-2024"
"MAC","BAR","10_1","Regular Season","Jabari  Parker",19,10,4,6,66.7,0,4,0,2,4,50,2,1,3,0,0,3,0,1,1,2,2,"A","W",92,37,28,23,24,9,17,15,12,18,30,7,15,1,26,82,92,37,28,23,24,9,17,15,12,18,30,7,15,1,26,82,0.71,12.2,82,0,0,0,40,0.4,2.1,42.5,24.59,6.9,8.3,"2023-2024"
"MAC","BAR","10_1","Regular Season","James  Nnaji",15,11,4,4,100,0,0,NA,3,3,100,1,3,4,2,1,0,0,0,5,3,16,"A","W",92,37,28,23,24,9,17,15,12,18,30,7,15,1,26,82,92,37,28,23,24,9,17,15,12,18,30,7,15,1,26,82,1.57,4.1,268.3,0.11,48.8,Inf,100,0.75,11.8,103.4,0,3.1,4.2,"2023-2024"
"MAC","BAR","10_1","Regular Season","Joel  Parra",5,2,1,1,100,0,2,0,0,0,NA,0,1,1,0,0,0,1,0,0,0,2,"A","W",92,37,28,23,24,9,17,15,12,18,30,7,15,1,26,82,92,37,28,23,24,9,17,15,12,18,30,7,15,1,26,82,0.67,2.9,69,0.01,0,NA,33.3,0,1.3,33.3,0,5.3,0,"2023-2024"
"PAN","VAL","10_2","Regular Season","Josep  Puerto",16,5,1,1,100,1,2,50,0,0,NA,0,1,1,1,0,2,0,0,1,0,3,"A","L",73,38,20,21,20,5,18,21,9,21,30,6,13,2,21,82,73,38,20,21,20,5,18,21,9,21,30,6,13,2,21,82,1.67,4.8,104.2,0.03,20.8,0.5,83.3,0,2.3,83.3,41.67,3.1,0,"2023-2024"
"PAN","VAL","10_2","Regular Season","Chris  Jones",27,8,4,7,57.1,0,1,0,0,0,NA,0,0,0,10,1,2,0,0,2,0,11,"A","L",73,38,20,21,20,5,18,21,9,21,30,6,13,2,21,82,73,38,20,21,20,5,18,21,9,21,30,6,13,2,21,82,1,9.6,83.3,0.1,104.2,5,50,0,9.2,50,20.83,3.7,0,"2023-2024"
"PAN","VAL","10_2","Regular Season","Damien  Inglis",11,2,1,5,20,0,0,NA,0,0,NA,4,1,5,1,0,3,0,1,1,0,-1,"A","L",73,38,20,21,20,5,18,21,9,21,30,6,13,2,21,82,73,38,20,21,20,5,18,21,9,21,30,6,13,2,21,82,0.4,3.8,52.6,-0.02,26.3,0.3,20,0,-0.7,20,78.95,7.3,22.2,"2023-2024"
"PAN","VAL","10_2","Regular Season","Kassius  Robertson",17,3,0,1,0,0,3,0,3,4,75,1,0,1,0,0,0,0,0,2,2,-1,"A","L",73,38,20,21,20,5,18,21,9,21,30,6,13,2,21,82,73,38,20,21,20,5,18,21,9,21,30,6,13,2,21,82,0.38,4.6,65.2,-0.03,0,NA,0,1,-0.3,26,0,3.4,5.6,"2023-2024"
"PAN","VAL","10_2","Regular Season","Brandon  Davies",15,5,2,7,28.6,0,0,NA,1,1,100,2,2,4,3,1,3,0,0,5,1,1,"A","L",73,38,20,21,20,5,18,21,9,21,30,6,13,2,21,82,73,38,20,21,20,5,18,21,9,21,30,6,13,2,21,82,0.62,8.1,61.7,-0.01,37,1,28.6,0.14,1,33.6,37.04,6.9,11.1,"2023-2024"
"PAN","VAL","10_2","Regular Season","Jared  Harper",16,9,1,4,25,1,5,20,4,4,100,1,1,2,3,1,0,0,1,2,5,10,"A","L",73,38,20,21,20,5,18,21,9,21,30,6,13,2,21,82,73,38,20,21,20,5,18,21,9,21,30,6,13,2,21,82,0.69,9.4,95.7,0.05,31.9,Inf,27.8,0.44,6.8,41.8,0,6.7,5.6,"2023-2024"
"PAN","VAL","10_2","Regular Season","Victor  Claver",12,0,0,0,NA,0,1,0,0,0,NA,0,3,3,1,0,0,0,0,1,0,2,"A","L",73,38,20,21,20,5,18,21,9,21,30,6,13,2,21,82,73,38,20,21,20,5,18,21,9,21,30,6,13,2,21,82,0,1,0,0.02,100,Inf,0,0,0.5,0,0,0.8,0,"2023-2024"
"PAN","VAL","10_2","Regular Season","Nate  Reuvers",23,6,2,2,100,0,2,0,2,2,100,0,4,4,0,1,1,1,0,3,2,8,"A","L",73,38,20,21,20,5,18,21,9,21,30,6,13,2,21,82,73,38,20,21,20,5,18,21,9,21,30,6,13,2,21,82,1,5.6,107.1,0.05,0,0,50,0.5,4.7,61.5,17.86,2.5,0,"2023-2024"
"PAN","VAL","10_2","Regular Season","Jaime  Pradilla",8,3,1,1,100,0,0,NA,1,2,50,0,3,3,1,0,0,0,0,0,2,8,"A","L",73,38,20,21,20,5,18,21,9,21,30,6,13,2,21,82,73,38,20,21,20,5,18,21,9,21,30,6,13,2,21,82,1,1.8,166.7,0.05,55.6,Inf,100,2,3.9,79.8,0,2.3,0,"2023-2024"
"PAN","VAL","10_2","Regular Season","Xabi  Lopez-Arostegui",18,8,1,2,50,2,3,66.7,0,0,NA,0,1,1,1,1,0,0,0,1,2,10,"A","L",73,38,20,21,20,5,18,21,9,21,30,6,13,2,21,82,73,38,20,21,20,5,18,21,9,21,30,6,13,2,21,82,1.6,4.8,166.7,0.07,20.8,Inf,80,0,7.3,80,0,2.8,0,"2023-2024"
"PAN","VAL","10_2","Regular Season","Boubacar  Toure",15,8,4,5,80,0,0,NA,0,1,0,0,4,4,0,0,1,0,0,2,1,8,"A","L",73,38,20,21,20,5,18,21,9,21,30,6,13,2,21,82,73,38,20,21,20,5,18,21,9,21,30,6,13,2,21,82,1.33,6.2,129,0.06,0,0,80,0.2,5.1,73.5,16.13,4.3,0,"2023-2024"
"PAN","VAL","10_2","Regular Season","Semi  Ojeleye",20,16,3,3,100,1,3,33.3,7,7,100,1,1,2,0,1,1,1,0,1,7,23,"A","L",73,38,20,21,20,5,18,21,9,21,30,6,13,2,21,82,73,38,20,21,20,5,18,21,9,21,30,6,13,2,21,82,1.23,8.7,183.9,0.13,0,0,75,1.17,14.7,88.1,11.49,5,5.6,"2023-2024"
"VAL","PAN","10_2","Regular Season","Kostas  Sloukas",25,12,4,6,66.7,0,4,0,4,4,100,1,2,3,9,1,4,0,1,1,3,16,"H","W",90,33,29,21,20,12,14,19,7,21,28,7,10,2,22,96,90,33,29,21,20,12,14,19,7,21,28,7,10,2,22,96,0.86,14.2,84.5,0.09,63.4,2.2,40,0.4,10.8,51,28.17,6.2,7.1,"2023-2024"
"VAL","PAN","10_2","Regular Season","Jerian  Grant",23,13,2,2,100,3,5,60,0,0,NA,0,1,1,3,1,0,0,0,2,0,14,"H","W",90,33,29,21,20,12,14,19,7,21,28,7,10,2,22,96,90,33,29,21,20,12,14,19,7,21,28,7,10,2,22,96,1.86,6.7,194,0.1,44.8,Inf,92.9,0,12.7,92.9,0,3,0,"2023-2024"
"VAL","PAN","10_2","Regular Season","Mathias  Lessort",28,17,6,8,75,0,0,NA,5,9,55.6,2,5,7,1,1,0,0,0,3,11,28,"H","W",90,33,29,21,20,12,14,19,7,21,28,7,10,2,22,96,90,33,29,21,20,12,14,19,7,21,28,7,10,2,22,96,1,9.6,177.1,0.11,10.4,Inf,75,1.12,15.6,71.1,0,4.2,14.3,"2023-2024"
"VAL","PAN","10_2","Regular Season","Marius  Grigonis",33,11,1,1,100,3,4,75,0,0,NA,1,3,4,2,1,2,0,0,3,1,13,"H","W",90,33,29,21,20,12,14,19,7,21,28,7,10,2,22,96,90,33,29,21,20,12,14,19,7,21,28,7,10,2,22,96,2.2,5.8,189.7,0.08,34.5,1,110,0,9.9,110,34.48,2.1,7.1,"2023-2024"
"VAL","PAN","10_2","Regular Season","Konstantinos  Mitoglou",31,14,5,8,62.5,1,3,33.3,1,2,50,0,3,3,1,2,0,2,0,2,2,16,"H","W",90,33,29,21,20,12,14,19,7,21,28,7,10,2,22,96,90,33,29,21,20,12,14,19,7,21,28,7,10,2,22,96,1.08,11.4,122.8,0.09,8.8,Inf,59.1,0.18,12.5,58.9,0,3.8,0,"2023-2024"
"VAL","PAN","10_2","Regular Season","Panagiotis  Kalaitzakis",4,2,1,2,50,0,0,NA,0,0,NA,0,0,0,0,0,0,0,0,1,0,0,"H","W",90,33,29,21,20,12,14,19,7,21,28,7,10,2,22,96,90,33,29,21,20,12,14,19,7,21,28,7,10,2,22,96,1,1.9,105.3,0,0,NA,50,0,0.6,50,0,4.9,0,"2023-2024"
"VAL","PAN","10_2","Regular Season","Luca  Vildoza",20,6,1,4,25,1,3,33.3,1,2,50,1,2,3,1,0,2,0,1,1,1,1,"H","W",90,33,29,21,20,12,14,19,7,21,28,7,10,2,22,96,90,33,29,21,20,12,14,19,7,21,28,7,10,2,22,96,0.67,8.5,70.6,0,11.8,0.5,35.7,0.29,1.1,38.1,23.53,4.9,7.1,"2023-2024"
"VAL","PAN","10_2","Regular Season","Aleksander  Balcerowski",12,1,0,0,NA,0,1,0,1,2,50,2,3,5,0,0,0,0,0,4,1,1,"H","W",90,33,29,21,20,12,14,19,7,21,28,7,10,2,22,96,90,33,29,21,20,12,14,19,7,21,28,7,10,2,22,96,0.33,-0.1,-1000,-0.01,0,NA,0,2,0.6,26.6,0,1.5,14.3,"2023-2024"
"VAL","PAN","10_2","Regular Season","Kendrick  Nunn",13,5,0,2,0,1,6,16.7,2,2,100,0,1,1,2,1,2,0,0,3,2,-1,"H","W",90,33,29,21,20,12,14,19,7,21,28,7,10,2,22,96,90,33,29,21,20,12,14,19,7,21,28,7,10,2,22,96,0.5,10.4,48.1,-0.02,19.2,1,18.8,0.25,-0.7,28.2,19.23,8.2,0,"2023-2024"
"VAL","PAN","10_2","Regular Season","Eleftherios  Mantzoukas",11,9,0,0,NA,3,3,100,0,0,NA,0,1,1,0,0,0,0,0,2,0,8,"H","W",90,33,29,21,20,12,14,19,7,21,28,7,10,2,22,96,90,33,29,21,20,12,14,19,7,21,28,7,10,2,22,96,3,2.9,310.3,0.06,0,NA,150,0,7.6,150,0,2.7,0,"2023-2024"
"BER","RMB","10_3","Regular Season","Fabien  Causeur",18,5,1,1,100,1,1,100,0,0,NA,0,2,2,2,1,2,0,0,0,0,8,"H","W",99,35,27,13,21,16,9,32,10,25,35,9,14,4,12,131,99,35,27,13,21,16,9,32,10,25,35,9,14,4,12,131,2.5,3.8,131.6,0.03,52.6,1,125,0,5.4,125,52.63,2.2,0,"2023-2024"
"BER","RMB","10_3","Regular Season","Facundo  Campazzo",23,7,1,1,100,1,3,33.3,2,2,100,1,1,2,13,1,3,0,0,1,2,19,"H","W",99,35,27,13,21,16,9,32,10,25,35,9,14,4,12,131,99,35,27,13,21,16,9,32,10,25,35,9,14,4,12,131,1.17,6.6,106.1,0.07,197,4.3,62.5,0.5,12.7,71.7,45.45,3.4,5,"2023-2024"
"BER","RMB","10_3","Regular Season","Mario  Hezonja",23,26,5,7,71.4,5,6,83.3,1,1,100,2,2,4,1,2,3,0,1,2,1,25,"H","W",99,35,27,13,21,16,9,32,10,25,35,9,14,4,12,131,99,35,27,13,21,16,9,32,10,25,35,9,14,4,12,131,1.86,13.9,187.1,0.1,7.2,0.3,96.2,0.08,21.8,96.7,21.58,7,10,"2023-2024"
"BER","RMB","10_3","Regular Season","Walter  Tavares",23,11,4,6,66.7,0,0,NA,3,4,75,1,5,6,1,2,0,1,0,0,3,21,"H","W",99,35,27,13,21,16,9,32,10,25,35,9,14,4,12,131,99,35,27,13,21,16,9,32,10,25,35,9,14,4,12,131,1.1,6.5,169.2,0.07,15.4,Inf,66.7,0.67,13.6,70.9,0,3.3,5,"2023-2024"
"BER","RMB","10_3","Regular Season","Eli  Ndiaye",20,7,2,4,50,1,1,100,0,0,NA,2,2,4,1,2,1,1,0,4,0,8,"H","W",99,35,27,13,21,16,9,32,10,25,35,9,14,4,12,131,99,35,27,13,21,16,9,32,10,25,35,9,14,4,12,131,1.4,3.8,184.2,0.03,26.3,1,70,0,7.5,70,26.32,2.9,10,"2023-2024"
"BER","RMB","10_3","Regular Season","Rudy  Fernandez",11,3,0,0,NA,1,2,50,0,0,NA,0,1,1,0,0,0,0,0,0,0,3,"H","W",99,35,27,13,21,16,9,32,10,25,35,9,14,4,12,131,99,35,27,13,21,16,9,32,10,25,35,9,14,4,12,131,1.5,1.9,157.9,0.01,0,NA,75,0,2.3,75,0,1.8,0,"2023-2024"
"BER","RMB","10_3","Regular Season","Alberto   Abalde",10,6,0,0,NA,2,3,66.7,0,0,NA,0,1,1,0,0,0,0,0,1,0,5,"H","W",99,35,27,13,21,16,9,32,10,25,35,9,14,4,12,131,99,35,27,13,21,16,9,32,10,25,35,9,14,4,12,131,2,2.9,206.9,0.02,0,NA,100,0,4.6,100,0,2.9,0,"2023-2024"
"BER","RMB","10_3","Regular Season","Sergio  Rodriguez",16,8,1,2,50,2,4,50,0,0,NA,0,2,2,10,1,2,0,0,2,1,15,"H","W",99,35,27,13,21,16,9,32,10,25,35,9,14,4,12,131,99,35,27,13,21,16,9,32,10,25,35,9,14,4,12,131,1.33,7.7,103.9,0.06,129.9,5,66.7,0,10.8,66.7,25.97,4.9,0,"2023-2024"
"BER","RMB","10_3","Regular Season","Gabriel  Deck",12,4,2,3,66.7,0,1,0,0,0,NA,0,5,5,0,0,1,0,0,1,1,6,"H","W",99,35,27,13,21,16,9,32,10,25,35,9,14,4,12,131,99,35,27,13,21,16,9,32,10,25,35,9,14,4,12,131,1,4.8,83.3,0.02,0,0,50,0,2.1,50,20.83,4.1,0,"2023-2024"
"BER","RMB","10_3","Regular Season","Vincent  Poirier",17,4,2,6,33.3,0,0,NA,0,0,NA,2,0,2,1,0,0,2,2,0,0,3,"H","W",99,35,27,13,21,16,9,32,10,25,35,9,14,4,12,131,99,35,27,13,21,16,9,32,10,25,35,9,14,4,12,131,0.67,3.8,105.3,0.01,26.3,Inf,33.3,0,4.1,33.3,0,3.5,10,"2023-2024"
"BER","RMB","10_3","Regular Season","Sergio  Llull",11,7,1,2,50,1,3,33.3,2,2,100,0,2,2,1,0,1,0,0,1,1,6,"H","W",99,35,27,13,21,16,9,32,10,25,35,9,14,4,12,131,99,35,27,13,21,16,9,32,10,25,35,9,14,4,12,131,1,6.6,106.1,0.02,15.2,1,50,0.4,4.2,59.5,15.15,6.1,0,"2023-2024"
"BER","RMB","10_3","Regular Season","Dzanan  Musa",14,11,2,3,66.7,2,3,66.7,1,4,25,2,2,4,2,0,1,0,1,0,2,12,"H","W",99,35,27,13,21,16,9,32,10,25,35,9,14,4,12,131,99,35,27,13,21,16,9,32,10,25,35,9,14,4,12,131,1.1,6.5,169.2,0.04,30.8,2,83.3,0.67,9.6,70.9,15.38,6.1,10,"2023-2024"
"RMB","BER","10_3","Regular Season","Gabriele  Procida",28,14,3,6,50,2,4,50,2,2,100,2,1,3,2,2,2,1,2,1,3,15,"A","L",75,52,19,9,24,7,6,13,14,15,29,10,11,4,11,74,75,52,19,9,24,7,6,13,14,15,29,10,11,4,11,74,1.17,10.4,134.6,0.11,19.2,1,60,0.2,12.4,64.3,19.23,4.3,7.1,"2023-2024"
"RMB","BER","10_3","Regular Season","Matteo  Spagnolo",21,8,4,10,40,0,1,0,0,0,NA,1,1,2,0,1,2,0,0,2,0,0,"A","L",75,52,19,9,24,7,6,13,14,15,29,10,11,4,11,74,75,52,19,9,24,7,6,13,14,15,29,10,11,4,11,74,0.73,11.5,69.6,0,0,0,36.4,0,1.1,36.4,17.39,5.8,3.6,"2023-2024"
"RMB","BER","10_3","Regular Season","Malte  Delow",27,9,3,6,50,1,3,33.3,0,0,NA,0,1,1,1,0,1,0,0,0,1,6,"A","L",75,52,19,9,24,7,6,13,14,15,29,10,11,4,11,74,75,52,19,9,24,7,6,13,14,15,29,10,11,4,11,74,1,9.6,93.8,0.04,10.4,1,50,0,4.3,50,10.42,3.4,0,"2023-2024"
"RMB","BER","10_3","Regular Season","Christ  Koumadje",23,8,4,6,66.7,0,0,NA,0,0,NA,3,5,8,0,1,1,1,1,0,0,14,"A","L",75,52,19,9,24,7,6,13,14,15,29,10,11,4,11,74,75,52,19,9,24,7,6,13,14,15,29,10,11,4,11,74,1.33,3.8,210.5,0.11,0,0,66.7,0,9.7,66.7,26.32,2.8,10.7,"2023-2024"
"RMB","BER","10_3","Regular Season","Johannes  Thiemann",19,12,4,8,50,1,2,50,1,3,33.3,3,1,4,2,4,3,0,0,1,4,15,"A","L",75,52,19,9,24,7,6,13,14,15,29,10,11,4,11,74,75,52,19,9,24,7,6,13,14,15,29,10,11,4,11,74,0.92,10.9,110.1,0.08,18.3,0.7,55,0.3,10.6,53,27.52,7,10.7,"2023-2024"
"RMB","BER","10_3","Regular Season","Ziga  Samar",19,8,2,5,40,1,2,50,1,2,50,2,1,3,5,0,1,0,0,2,2,10,"A","L",75,52,19,9,24,7,6,13,14,15,29,10,11,4,11,74,75,52,19,9,24,7,6,13,14,15,29,10,11,4,11,74,0.89,6.6,121.2,0.06,75.8,5,50,0.29,7.3,50.8,15.15,4.3,7.1,"2023-2024"
"RMB","BER","10_3","Regular Season","Yannick  Wetzell",17,4,1,3,33.3,0,0,NA,2,2,100,1,1,2,0,0,1,1,0,1,1,4,"A","L",75,52,19,9,24,7,6,13,14,15,29,10,11,4,11,74,75,52,19,9,24,7,6,13,14,15,29,10,11,4,11,74,0.8,3.7,108.1,0.02,0,0,33.3,0.67,2.6,51.5,27.03,2.7,3.6,"2023-2024"
"RMB","BER","10_3","Regular Season","Jonas  Mattisseck",22,8,1,2,50,2,5,40,0,0,NA,0,1,1,1,1,0,0,0,3,1,5,"A","L",75,52,19,9,24,7,6,13,14,15,29,10,11,4,11,74,75,52,19,9,24,7,6,13,14,15,29,10,11,4,11,74,1.14,6.7,119.4,0.04,14.9,Inf,57.1,0,5.1,57.1,0,3,0,"2023-2024"
"RMB","BER","10_3","Regular Season","Tim  Schneider",16,2,1,3,33.3,0,2,0,0,0,NA,2,1,3,1,0,0,0,1,1,0,0,"A","L",75,52,19,9,24,7,6,13,14,15,29,10,11,4,11,74,75,52,19,9,24,7,6,13,14,15,29,10,11,4,11,74,0.4,2.9,69,0,34.5,Inf,20,0,0.9,20,0,2.9,7.1,"2023-2024"
"RMB","BER","10_3","Regular Season","Kresimir  Nikic",8,2,1,3,33.3,0,0,NA,0,0,NA,0,2,2,1,1,0,1,0,0,0,5,"A","L",75,52,19,9,24,7,6,13,14,15,29,10,11,4,11,74,75,52,19,9,24,7,6,13,14,15,29,10,11,4,11,74,0.67,2.9,69,0.04,34.5,Inf,33.3,0,3.3,33.3,0,3.5,0,"2023-2024"
"BAY","VIL","10_4","Regular Season","Paris  Lee",43,19,2,4,50,3,8,37.5,6,6,100,0,2,2,7,3,2,0,1,2,5,24,"H","L",100,45,33,26,20,13,21,22,4,25,29,10,7,1,21,106,100,45,33,26,20,13,21,22,4,25,29,10,7,1,21,106,1.06,16,118.8,0.12,43.8,3.5,54.2,0.5,18.3,64.9,12.5,3.2,0,"2023-2024"
"BAY","VIL","10_4","Regular Season","Joffrey  Lauvergne",38,21,6,9,66.7,1,3,33.3,6,10,60,0,6,6,4,1,3,0,0,5,8,23,"H","L",100,45,33,26,20,13,21,22,4,25,29,10,7,1,21,106,100,45,33,26,20,13,21,22,4,25,29,10,7,1,21,106,0.95,18.6,112.9,0.09,21.5,1.3,62.5,0.83,14.4,64,16.13,4.2,0,"2023-2024"
"BAY","VIL","10_4","Regular Season","Timothe  Luwawu-Cabarrot",37,20,4,9,44.4,2,8,25,6,6,100,0,2,2,3,2,1,0,0,3,6,18,"H","L",100,45,33,26,20,13,21,22,4,25,29,10,7,1,21,106,100,45,33,26,20,13,21,22,4,25,29,10,7,1,21,106,0.87,19.8,101,0.07,15.2,3,41.2,0.35,13,50.9,5.05,4.6,0,"2023-2024"
"BAY","VIL","10_4","Regular Season","Youssoupha  Fall",17,5,2,4,50,0,0,NA,1,2,50,2,6,8,0,0,0,0,1,0,2,11,"H","L",100,45,33,26,20,13,21,22,4,25,29,10,7,1,21,106,100,45,33,26,20,13,21,22,4,25,29,10,7,1,21,106,0.83,2.8,178.6,0.06,0,NA,50,0.5,5.8,51.2,0,2.4,25,"2023-2024"
"BAY","VIL","10_4","Regular Season","David  Lighty",29,3,0,3,0,1,4,25,0,0,NA,0,2,2,4,1,0,0,2,3,1,0,"H","L",100,45,33,26,20,13,21,22,4,25,29,10,7,1,21,106,100,45,33,26,20,13,21,22,4,25,29,10,7,1,21,106,0.43,6.7,44.8,0.01,59.7,Inf,21.4,0,1.7,21.4,0,2,0,"2023-2024"
"BAY","VIL","10_4","Regular Season","Mike  Scott",37,21,3,8,37.5,5,8,62.5,0,0,NA,1,2,3,0,1,1,0,0,2,1,15,"H","L",100,45,33,26,20,13,21,22,4,25,29,10,7,1,21,106,100,45,33,26,20,13,21,22,4,25,29,10,7,1,21,106,1.31,15.4,136.4,0.08,0,0,65.6,0,13.5,65.6,6.49,3.8,12.5,"2023-2024"
"BAY","VIL","10_4","Regular Season","Charles Lombahe Kahudi",15,2,0,1,0,0,0,NA,2,2,100,1,2,3,2,1,0,0,0,2,2,7,"H","L",100,45,33,26,20,13,21,22,4,25,29,10,7,1,21,106,100,45,33,26,20,13,21,22,4,25,29,10,7,1,21,106,0.67,0.8,250,0.03,250,Inf,0,2,4.2,53.2,0,1,12.5,"2023-2024"
"BAY","VIL","10_4","Regular Season","Edwin  Jackson",19,9,3,5,60,1,2,50,0,0,NA,0,1,1,2,0,0,0,0,2,0,7,"H","L",100,45,33,26,20,13,21,22,4,25,29,10,7,1,21,106,100,45,33,26,20,13,21,22,4,25,29,10,7,1,21,106,1.29,6.7,134.3,0.04,29.9,Inf,64.3,0,6.6,64.3,0,3.1,0,"2023-2024"
"BAY","VIL","10_4","Regular Season","John  Egbunu",8,0,0,1,0,0,0,NA,0,0,NA,0,1,1,0,1,0,1,0,1,0,1,"H","L",100,45,33,26,20,13,21,22,4,25,29,10,7,1,21,106,100,45,33,26,20,13,21,22,4,25,29,10,7,1,21,106,0,1,0,0,0,NA,0,0,0.9,0,0,1,0,"2023-2024"
"BAY","VIL","10_4","Regular Season","Noam  Yaacov",6,0,0,1,0,0,0,NA,0,0,NA,0,1,1,0,0,0,0,0,1,1,0,"H","L",100,45,33,26,20,13,21,22,4,25,29,10,7,1,21,106,100,45,33,26,20,13,21,22,4,25,29,10,7,1,21,106,0,1,0,-0.01,0,NA,0,0,-0.8,0,0,1.4,0,"2023-2024"
"VIL","BAY","10_4","Regular Season","Carsen  Edwards",18,6,2,6,33.3,0,3,0,2,3,66.7,0,1,1,0,1,1,1,0,1,1,0,"A","W",101,38,40,17,22,15,12,18,12,33,45,5,15,4,26,106,101,38,40,17,22,15,12,18,12,33,45,5,15,4,26,106,0.5,10.9,55,-0.01,0,0,22.2,0.33,0.7,29.1,9.17,5,0,"2023-2024"
"VIL","BAY","10_4","Regular Season","Isaac  Bonga",19,7,2,3,66.7,1,2,50,0,0,NA,2,3,5,1,1,2,0,0,4,0,6,"A","W",101,38,40,17,22,15,12,18,12,33,45,5,15,4,26,106,101,38,40,17,22,15,12,18,12,33,45,5,15,4,26,106,1.4,4.8,145.8,0.03,20.8,0.5,70,0,5.1,70,41.67,2.9,8.3,"2023-2024"
"VIL","BAY","10_4","Regular Season","Leandro  Bolmaro",23,16,7,9,77.8,0,5,0,2,3,66.7,0,4,4,8,1,1,0,0,2,5,23,"A","W",101,38,40,17,22,15,12,18,12,33,45,5,15,4,26,106,101,38,40,17,22,15,12,18,12,33,45,5,15,4,26,106,0.94,15.7,101.9,0.12,51,8,50,0.21,14.6,52.2,6.37,5.6,0,"2023-2024"
"VIL","BAY","10_4","Regular Season","Serge  Ibaka",31,14,3,5,60,2,3,66.7,2,2,100,0,4,4,1,0,1,1,0,5,3,14,"A","W",101,38,40,17,22,15,12,18,12,33,45,5,15,4,26,106,101,38,40,17,22,15,12,18,12,33,45,5,15,4,26,106,1.4,9.5,147.4,0.07,10.5,1,75,0.25,10,78.8,10.53,2.5,0,"2023-2024"
"VIL","BAY","10_4","Regular Season","Devin   Booker",40,16,4,7,57.1,2,3,66.7,2,2,100,3,8,11,2,0,3,0,0,2,2,22,"A","W",101,38,40,17,22,15,12,18,12,33,45,5,15,4,26,106,101,38,40,17,22,15,12,18,12,33,45,5,15,4,26,106,1.33,10.4,153.8,0.12,19.2,0.7,70,0.2,13.5,73.5,28.85,2.8,12.5,"2023-2024"
"VIL","BAY","10_4","Regular Season","Nick  Weiler-Babb",35,8,1,1,100,2,5,40,0,0,NA,4,5,9,4,1,1,0,0,4,2,16,"A","W",101,38,40,17,22,15,12,18,12,33,45,5,15,4,26,106,101,38,40,17,22,15,12,18,12,33,45,5,15,4,26,106,1.33,2.9,275.9,0.08,137.9,4,66.7,0,10.5,66.7,34.48,1.6,16.7,"2023-2024"
"VIL","BAY","10_4","Regular Season","Sylvain  Francisco",18,10,1,2,50,2,6,33.3,2,3,66.7,0,0,0,1,0,3,0,1,2,3,2,"A","W",101,38,40,17,22,15,12,18,12,33,45,5,15,4,26,106,101,38,40,17,22,15,12,18,12,33,45,5,15,4,26,106,0.91,11.8,84.7,0,8.5,0.3,50,0.38,2.1,53.6,25.42,5.4,0,"2023-2024"
"VIL","BAY","10_4","Regular Season","Niels  Giffey",32,14,2,3,66.7,3,6,50,1,2,50,1,4,5,0,0,0,0,0,4,2,12,"A","W",101,38,40,17,22,15,12,18,12,33,45,5,15,4,26,106,101,38,40,17,22,15,12,18,12,33,45,5,15,4,26,106,1.27,8.5,164.7,0.06,0,NA,72.2,0.22,9.6,70.9,0,2.5,4.2,"2023-2024"
"VIL","BAY","10_4","Regular Season","Andreas  Obst",19,9,0,1,0,3,7,42.9,0,0,NA,0,3,3,1,0,2,0,0,0,0,6,"A","W",101,38,40,17,22,15,12,18,12,33,45,5,15,4,26,106,101,38,40,17,22,15,12,18,12,33,45,5,15,4,26,106,1.12,9.6,93.8,0.04,10.4,0.5,56.2,0,4.2,56.2,20.83,4.2,0,"2023-2024"
"VIL","BAY","10_4","Regular Season","Jan Niklas  Wimberg",0,0,0,0,NA,0,0,NA,0,0,NA,0,0,0,0,0,0,0,0,1,0,-1,"A","W",101,38,40,17,22,15,12,18,12,33,45,5,15,4,26,106,101,38,40,17,22,15,12,18,12,33,45,5,15,4,26,106,NA,0,NA,-0.01,NA,NA,NA,NA,-0.4,NA,NA,NA,0,"2023-2024"
"VIL","BAY","10_4","Regular Season","Danko   Brankovic",0,0,0,0,NA,0,0,NA,0,0,NA,0,0,0,0,0,0,0,0,0,0,0,"A","W",101,38,40,17,22,15,12,18,12,33,45,5,15,4,26,106,101,38,40,17,22,15,12,18,12,33,45,5,15,4,26,106,NA,0,NA,0,NA,NA,NA,NA,0,NA,NA,NA,0,"2023-2024"
"VIL","BAY","10_4","Regular Season","Freddie  Gillespie",15,1,0,1,0,0,0,NA,1,2,50,2,1,3,0,1,1,2,0,1,3,6,"A","W",101,38,40,17,22,15,12,18,12,33,45,5,15,4,26,106,101,38,40,17,22,15,12,18,12,33,45,5,15,4,26,106,0.33,0.8,125,0.01,0,0,0,2,2.6,26.6,125,1.5,8.3,"2023-2024"
"BOL","FEN","10_5","Regular Season","Johnathan  Motley",26,25,12,17,70.6,0,1,0,1,1,100,3,5,8,2,0,1,0,0,4,7,31,"A","L",79,44,24,13,26,5,12,19,6,22,28,6,8,1,18,87,79,44,24,13,26,5,12,19,6,22,28,6,8,1,18,87,1.32,15.8,158.2,0.17,12.7,2,66.7,0.06,19.6,67.8,6.33,7.3,25,"2023-2024"
"BOL","FEN","10_5","Regular Season","Scottie  Wilbekin",29,13,1,6,16.7,3,8,37.5,2,2,100,1,1,2,3,1,2,0,0,2,1,6,"A","L",79,44,24,13,26,5,12,19,6,22,28,6,8,1,18,87,79,44,24,13,26,5,12,19,6,22,28,6,8,1,18,87,0.81,15.2,85.5,0.03,19.7,1.5,39.3,0.14,6.1,43.7,13.16,5.7,8.3,"2023-2024"
"BOL","FEN","10_5","Regular Season","Georgios  Papagiannis",23,2,1,1,100,0,0,NA,0,0,NA,0,3,3,1,1,0,1,0,1,0,7,"A","L",79,44,24,13,26,5,12,19,6,22,28,6,8,1,18,87,79,44,24,13,26,5,12,19,6,22,28,6,8,1,18,87,2,1,200,0.05,100,Inf,100,0,4.6,100,0,0.4,0,"2023-2024"
"BOL","FEN","10_5","Regular Season","Nigel  Hayes-Davis",33,10,3,6,50,0,3,0,4,4,100,1,2,3,2,1,0,0,1,2,6,13,"A","L",79,44,24,13,26,5,12,19,6,22,28,6,8,1,18,87,79,44,24,13,26,5,12,19,6,22,28,6,8,1,18,87,0.77,9.4,106.4,0.06,21.3,Inf,33.3,0.44,7.8,46.5,0,3.2,8.3,"2023-2024"
"BOL","FEN","10_5","Regular Season","Marko  Guduric",21,9,1,3,33.3,1,5,20,4,5,80,0,3,3,4,2,1,0,1,2,4,11,"A","L",79,44,24,13,26,5,12,19,6,22,28,6,8,1,18,87,79,44,24,13,26,5,12,19,6,22,28,6,8,1,18,87,0.69,10.8,83.3,0.06,37,4,31.2,0.62,7.7,44.1,9.26,5.2,0,"2023-2024"
"BOL","FEN","10_5","Regular Season","Sertac  Sanli",14,7,3,3,100,0,1,0,1,1,100,0,3,3,1,0,1,0,0,3,2,8,"A","L",79,44,24,13,26,5,12,19,6,22,28,6,8,1,18,87,79,44,24,13,26,5,12,19,6,22,28,6,8,1,18,87,1.4,5.2,134.6,0.05,19.2,1,75,0.25,4.8,78.8,19.23,3.8,0,"2023-2024"
"BOL","FEN","10_5","Regular Season","Melih  Mahmutoglu",9,5,1,2,50,1,3,33.3,0,0,NA,0,0,0,1,0,0,0,0,0,0,3,"A","L",79,44,24,13,26,5,12,19,6,22,28,6,8,1,18,87,79,44,24,13,26,5,12,19,6,22,28,6,8,1,18,87,1,4.8,104.2,0.02,20.8,Inf,50,0,3,50,0,5.4,0,"2023-2024"
"BOL","FEN","10_5","Regular Season","Nick  Calathes",22,8,4,5,80,0,1,0,0,0,NA,1,2,3,4,0,1,0,0,2,0,10,"A","L",79,44,24,13,26,5,12,19,6,22,28,6,8,1,18,87,79,44,24,13,26,5,12,19,6,22,28,6,8,1,18,87,1.33,5.8,137.9,0.07,69,4,66.7,0,7.7,66.7,17.24,3.1,8.3,"2023-2024"
"BOL","FEN","10_5","Regular Season","Yam  Madar",13,0,0,1,0,0,2,0,0,0,NA,0,2,2,1,0,2,0,0,1,0,-3,"A","L",79,44,24,13,26,5,12,19,6,22,28,6,8,1,18,87,79,44,24,13,26,5,12,19,6,22,28,6,8,1,18,87,0,4.8,0,-0.02,20.8,0.5,0,0,-3.2,0,41.67,3.8,0,"2023-2024"
"BOL","FEN","10_5","Regular Season","Nathan  Sestina",9,0,0,0,NA,0,0,NA,0,0,NA,0,1,1,0,1,0,0,0,1,0,1,"A","L",79,44,24,13,26,5,12,19,6,22,28,6,8,1,18,87,79,44,24,13,26,5,12,19,6,22,28,6,8,1,18,87,NA,0,NA,0.01,NA,NA,NA,NA,0.9,NA,NA,0,0,"2023-2024"
"FEN","BOL","10_5","Regular Season","Marco  Belinelli",20,8,0,1,0,2,4,50,2,2,100,0,1,1,1,0,2,0,0,2,0,3,"H","W",87,33,28,21,22,9,16,21,8,24,32,4,11,2,20,97,87,33,28,21,22,9,16,21,8,24,32,4,11,2,20,97,1.14,7.6,105.3,0.02,13.2,0.5,60,0.4,3.5,68,26.32,3.9,0,"2023-2024"
"FEN","BOL","10_5","Regular Season","Jaleen  Smith",21,8,1,3,33.3,2,6,33.3,0,0,NA,2,1,3,2,0,0,0,0,0,0,7,"H","W",87,33,28,21,22,9,16,21,8,24,32,4,11,2,20,97,87,33,28,21,22,9,16,21,8,24,32,4,11,2,20,97,0.89,6.7,119.4,0.04,29.9,Inf,44.4,0,6,44.4,0,4.2,12.5,"2023-2024"
"FEN","BOL","10_5","Regular Season","Tornike  Shengelia",29,15,5,8,62.5,1,3,33.3,2,2,100,2,6,8,5,1,2,0,1,4,4,21,"H","W",87,33,28,21,22,9,16,21,8,24,32,4,11,2,20,97,87,33,28,21,22,9,16,21,8,24,32,4,11,2,20,97,1.15,11.4,131.6,0.11,43.9,2.5,59.1,0.18,13.8,63.1,17.54,4.7,12.5,"2023-2024"
"FEN","BOL","10_5","Regular Season","Daniel  Hackett",29,14,4,5,80,1,3,33.3,3,3,100,0,2,2,6,0,1,0,0,2,2,18,"H","W",87,33,28,21,22,9,16,21,8,24,32,4,11,2,20,97,87,33,28,21,22,9,16,21,8,24,32,4,11,2,20,97,1.27,9.9,141.4,0.11,60.6,6,68.8,0.38,13.4,75.1,10.1,3.5,0,"2023-2024"
"FEN","BOL","10_5","Regular Season","Bryant  Dunston",17,5,2,2,100,0,1,0,1,2,50,1,1,2,1,0,0,2,0,1,2,9,"H","W",87,33,28,21,22,9,16,21,8,24,32,4,11,2,20,97,87,33,28,21,22,9,16,21,8,24,32,4,11,2,20,97,1,2.8,178.6,0.04,35.7,Inf,66.7,0.67,6,64.4,0,2.2,6.2,"2023-2024"
"FEN","BOL","10_5","Regular Season","Gabriel  Lundberg",21,9,2,4,50,1,5,20,2,2,100,0,1,1,3,1,2,0,0,1,4,9,"H","W",87,33,28,21,22,9,16,21,8,24,32,4,11,2,20,97,87,33,28,21,22,9,16,21,8,24,32,4,11,2,20,97,0.82,11.4,78.9,0.03,26.3,1.5,38.9,0.22,4.9,45.5,17.54,5.6,0,"2023-2024"
"FEN","BOL","10_5","Regular Season","Alessandro  Pajola",12,2,0,0,NA,0,1,0,2,3,66.7,0,1,1,1,0,2,0,0,1,1,0,"H","W",87,33,28,21,22,9,16,21,8,24,32,4,11,2,20,97,87,33,28,21,22,9,16,21,8,24,32,4,11,2,20,97,0.5,4.1,48.8,-0.01,24.4,0.5,0,3,-0.5,43.1,48.78,3.5,0,"2023-2024"
"FEN","BOL","10_5","Regular Season","Ognjen  Dobric",18,11,3,4,75,1,2,50,2,2,100,0,5,5,0,0,0,0,0,3,1,12,"H","W",87,33,28,21,22,9,16,21,8,24,32,4,11,2,20,97,87,33,28,21,22,9,16,21,8,24,32,4,11,2,20,97,1.38,6.6,166.7,0.07,0,NA,75,0.33,8.7,79.9,0,3.8,0,"2023-2024"
"FEN","BOL","10_5","Regular Season","Devontae  Cacok",20,10,4,5,80,0,0,NA,2,5,40,2,5,7,2,2,1,0,0,4,4,16,"H","W",87,33,28,21,22,9,16,21,8,24,32,4,11,2,20,97,87,33,28,21,22,9,16,21,8,24,32,4,11,2,20,97,1,6,166.7,0.07,33.3,2,80,1,10.6,69.4,16.67,4,12.5,"2023-2024"
"FEN","BOL","10_5","Regular Season","Awudu  Abass",13,5,1,1,100,1,3,33.3,0,0,NA,1,1,2,0,0,1,0,0,2,0,2,"H","W",87,33,28,21,22,9,16,21,8,24,32,4,11,2,20,97,87,33,28,21,22,9,16,21,8,24,32,4,11,2,20,97,1.25,3.8,131.6,0.01,0,0,62.5,0,2.2,62.5,26.32,3.8,6.2,"2023-2024"
"EFE","PAR","10_6","Regular Season","James  Nunnally",28,16,4,5,80,0,1,0,8,9,88.9,5,3,8,3,0,1,0,0,3,3,23,"A","L",94,33,20,25,21,11,19,24,10,18,28,6,20,1,23,102,94,33,20,25,21,11,19,24,10,18,28,6,20,1,23,102,1.07,5.7,280.7,0.11,52.6,3,66.7,1.5,17.3,80.3,17.54,3.7,25,"2023-2024"
"EFE","PAR","10_6","Regular Season","P.J.  Dozier",31,21,4,6,66.7,4,7,57.1,1,2,50,0,1,1,5,3,4,0,1,3,3,19,"A","L",94,33,20,25,21,11,19,24,10,18,28,6,20,1,23,102,94,33,20,25,21,11,19,24,10,18,28,6,20,1,23,102,1.4,17.2,122.1,0.11,29.1,1.2,76.9,0.15,16.3,75.6,23.26,5.5,0,"2023-2024"
"EFE","PAR","10_6","Regular Season","Mateusz  Ponitka",27,7,1,3,33.3,1,2,50,2,2,100,1,3,4,3,1,4,0,0,3,4,9,"A","L",94,33,20,25,21,11,19,24,10,18,28,6,20,1,23,102,94,33,20,25,21,11,19,24,10,18,28,6,20,1,23,102,1,8.5,82.4,0.03,35.3,0.8,50,0.4,3.8,59.5,47.06,3.5,5,"2023-2024"
"EFE","PAR","10_6","Regular Season","Frank  Kaminsky",27,24,7,8,87.5,3,5,60,1,2,50,0,4,4,3,1,5,1,0,4,1,21,"A","L",94,33,20,25,21,11,19,24,10,18,28,6,20,1,23,102,94,33,20,25,21,11,19,24,10,18,28,6,20,1,23,102,1.6,18.1,132.6,0.13,16.6,0.6,88.5,0.15,16.9,86.5,27.62,6.7,0,"2023-2024"
"EFE","PAR","10_6","Regular Season","Bruno  Caboclo",20,9,2,4,50,1,1,100,2,4,50,2,3,5,1,1,1,0,0,0,3,14,"A","L",94,33,20,25,21,11,19,24,10,18,28,6,20,1,23,102,94,33,20,25,21,11,19,24,10,18,28,6,20,1,23,102,1,5.5,163.6,0.06,18.2,1,70,0.8,8.9,66.6,18.18,3.7,10,"2023-2024"
"EFE","PAR","10_6","Regular Season","Zach  LeDay",26,2,1,3,33.3,0,0,NA,0,0,NA,1,3,4,3,0,0,0,0,3,2,6,"A","L",94,33,20,25,21,11,19,24,10,18,28,6,20,1,23,102,94,33,20,25,21,11,19,24,10,18,28,6,20,1,23,102,0.67,1.9,105.3,0.02,157.9,Inf,33.3,0,2.8,33.3,0,1.1,5,"2023-2024"
"EFE","PAR","10_6","Regular Season","Alen  Smailagic",11,5,1,2,50,1,1,100,0,0,NA,0,1,1,0,0,2,0,0,2,1,2,"A","L",94,33,20,25,21,11,19,24,10,18,28,6,20,1,23,102,94,33,20,25,21,11,19,24,10,18,28,6,20,1,23,102,1.67,4.8,104.2,0.01,0,0,83.3,0,1.2,83.3,41.67,4.3,0,"2023-2024"
"EFE","PAR","10_6","Regular Season","Ognjen  Jaramaz",18,1,0,0,NA,0,2,0,1,2,50,1,0,1,5,0,2,0,0,5,1,-2,"A","L",94,33,20,25,21,11,19,24,10,18,28,6,20,1,23,102,94,33,20,25,21,11,19,24,10,18,28,6,20,1,23,102,0.25,3.7,27,-0.02,135.1,2.5,0,1,-0.6,17.4,54.05,2.6,5,"2023-2024"
"EFE","PAR","10_6","Regular Season","Danilo  Andjusic",10,9,1,2,50,1,1,100,4,4,100,0,0,0,1,0,1,0,0,0,2,10,"A","L",94,33,20,25,21,11,19,24,10,18,28,6,20,1,23,102,94,33,20,25,21,11,19,24,10,18,28,6,20,1,23,102,1.29,5.5,163.6,0.05,18.2,1,83.3,1.33,7.4,94.5,18.18,5.5,0,"2023-2024"
"PAR","EFE","10_6","Regular Season","Rodrigue  Beaubois",28,8,1,4,25,2,3,66.7,0,0,NA,0,3,3,2,2,0,0,0,2,0,9,"H","W",100,32,22,30,19,12,26,18,2,9,11,16,11,1,21,109,100,32,22,30,19,12,26,18,2,9,11,16,11,1,21,109,1.14,6.7,119.4,0.05,29.9,Inf,57.1,0,7.8,57.1,0,2.6,0,"2023-2024"
"PAR","EFE","10_6","Regular Season","Will  Clyburn",36,12,1,1,100,1,4,25,7,8,87.5,0,1,1,2,3,3,0,0,1,4,14,"H","W",100,32,22,30,19,12,26,18,2,9,11,16,11,1,21,109,100,32,22,30,19,12,26,18,2,9,11,16,11,1,21,109,0.92,11.1,108.1,0.06,18,0.7,50,1.6,10.2,70.4,27.03,3.3,0,"2023-2024"
"PAR","EFE","10_6","Regular Season","Darius  Thompson",34,18,4,5,80,3,5,60,1,2,50,0,0,0,2,1,4,0,0,3,2,12,"H","W",100,32,22,30,19,12,26,18,2,9,11,16,11,1,21,109,100,32,22,30,19,12,26,18,2,9,11,16,11,1,21,109,1.5,14.3,125.9,0.06,14,0.5,85,0.2,10.6,82.7,27.97,4.5,0,"2023-2024"
"PAR","EFE","10_6","Regular Season","Derek  Willis",18,10,1,1,100,2,4,50,2,2,100,0,0,0,1,2,0,0,0,1,2,12,"H","W",100,32,22,30,19,12,26,18,2,9,11,16,11,1,21,109,100,32,22,30,19,12,26,18,2,9,11,16,11,1,21,109,1.43,5.6,178.6,0.06,17.9,Inf,80,0.4,10,85,0,3.3,0,"2023-2024"
"PAR","EFE","10_6","Regular Season","Ante  Zizic",20,12,4,5,80,0,0,NA,4,4,100,1,0,1,0,3,1,0,0,4,5,15,"H","W",100,32,22,30,19,12,26,18,2,9,11,16,11,1,21,109,100,32,22,30,19,12,26,18,2,9,11,16,11,1,21,109,1.33,6.5,184.6,0.06,0,0,80,0.8,11.2,88.8,15.38,4,25,"2023-2024"
"PAR","EFE","10_6","Regular Season","Shane  Larkin",33,27,4,6,66.7,4,6,66.7,7,7,100,0,3,3,8,3,2,0,0,3,6,38,"H","W",100,32,22,30,19,12,26,18,2,9,11,16,11,1,21,109,100,32,22,30,19,12,26,18,2,9,11,16,11,1,21,109,1.42,16.4,164.6,0.19,48.8,4,83.3,0.58,28.1,89.5,12.2,5.3,0,"2023-2024"
"PAR","EFE","10_6","Regular Season","Erten  Gazi",2,0,0,0,NA,0,0,NA,0,0,NA,0,0,0,0,0,0,0,0,0,0,0,"H","W",100,32,22,30,19,12,26,18,2,9,11,16,11,1,21,109,100,32,22,30,19,12,26,18,2,9,11,16,11,1,21,109,NA,0,NA,0,NA,NA,NA,NA,0,NA,NA,0,0,"2023-2024"
"PAR","EFE","10_6","Regular Season","Ercan  Osmani",6,2,0,2,0,0,0,NA,2,2,100,0,0,0,0,0,1,0,0,1,1,-1,"H","W",100,32,22,30,19,12,26,18,2,9,11,16,11,1,21,109,100,32,22,30,19,12,26,18,2,9,11,16,11,1,21,109,0.5,3.7,54.1,-0.01,0,0,0,1,-0.8,34.7,27.03,6.6,0,"2023-2024"
"PAR","EFE","10_6","Regular Season","Erkan  Yilmaz",2,0,0,0,NA,0,0,NA,0,0,NA,0,0,0,0,1,0,1,0,3,0,-1,"H","W",100,32,22,30,19,12,26,18,2,9,11,16,11,1,21,109,100,32,22,30,19,12,26,18,2,9,11,16,11,1,21,109,NA,0,NA,-0.01,NA,NA,NA,NA,0.5,NA,NA,0,0,"2023-2024"
"PAR","EFE","10_6","Regular Season","Tyrique  Jones",19,11,4,8,50,0,0,NA,3,5,60,1,2,3,3,1,0,0,1,3,3,11,"H","W",100,32,22,30,19,12,26,18,2,9,11,16,11,1,21,109,100,32,22,30,19,12,26,18,2,9,11,16,11,1,21,109,0.85,8.8,125,0.05,34.1,Inf,50,0.62,9.4,53.9,0,5.5,25,"2023-2024"
"OLY","ZAL","10_7","Regular Season","Keenan  Evans",24,21,4,9,44.4,3,3,100,4,4,100,0,1,1,1,1,1,0,0,3,6,21,"A","L",72,37,18,12,18,8,12,13,3,20,23,5,9,3,22,75,72,37,18,12,18,8,12,13,3,20,23,5,9,3,22,75,1.31,14.2,147.9,0.14,7,1,70.8,0.33,15.2,76.3,7.04,7.1,0,"2023-2024"
"OLY","ZAL","10_7","Regular Season","Kevarrius  Hayes",28,10,4,8,50,0,0,NA,2,2,100,2,3,5,2,1,2,2,0,2,2,14,"A","L",72,37,18,12,18,8,12,13,3,20,23,5,9,3,22,75,72,37,18,12,18,8,12,13,3,20,23,5,9,3,22,75,1,8.5,117.6,0.09,23.5,1,50,0.25,9.3,56.3,23.53,4.5,33.3,"2023-2024"
"OLY","ZAL","10_7","Regular Season","Rolands  Smits",21,4,2,4,50,0,1,0,0,0,NA,1,4,5,0,0,0,0,0,2,3,7,"A","L",72,37,18,12,18,8,12,13,3,20,23,5,9,3,22,75,72,37,18,12,18,8,12,13,3,20,23,5,9,3,22,75,0.8,3.8,105.3,0.03,0,NA,40,0,2.4,40,0,2.7,16.7,"2023-2024"
"OLY","ZAL","10_7","Regular Season","Tomas  Dimsa",13,3,0,2,0,1,3,33.3,0,0,NA,0,1,1,2,0,1,0,1,1,0,-1,"A","L",72,37,18,12,18,8,12,13,3,20,23,5,9,3,22,75,72,37,18,12,18,8,12,13,3,20,23,5,9,3,22,75,0.6,5.8,51.7,0,34.5,2,30,0,0.2,30,17.24,5.3,0,"2023-2024"
"OLY","ZAL","10_7","Regular Season","Arnas  Butkevicius",27,5,1,1,100,1,2,50,0,0,NA,0,3,3,2,1,1,1,0,2,1,9,"A","L",72,37,18,12,18,8,12,13,3,20,23,5,9,3,22,75,72,37,18,12,18,8,12,13,3,20,23,5,9,3,22,75,1.67,3.8,131.6,0.07,52.6,2,83.3,0,5.9,83.3,26.32,1.7,0,"2023-2024"
"OLY","ZAL","10_7","Regular Season","Lukas  Lekavicius",23,9,2,5,40,1,5,20,2,2,100,0,0,0,3,0,1,0,0,3,2,3,"A","L",72,37,18,12,18,8,12,13,3,20,23,5,9,3,22,75,72,37,18,12,18,8,12,13,3,20,23,5,9,3,22,75,0.75,11.4,78.9,0.01,26.3,3,35,0.2,3.1,41.4,8.77,6,0,"2023-2024"
"OLY","ZAL","10_7","Regular Season","Dovydas  Giedraitis",9,2,0,0,NA,0,0,NA,2,2,100,0,1,1,1,0,1,0,0,0,1,4,"A","L",72,37,18,12,18,8,12,13,3,20,23,5,9,3,22,75,72,37,18,12,18,8,12,13,3,20,23,5,9,3,22,75,1,1.8,111.1,0.03,55.6,1,NA,Inf,2,113.6,55.56,2.4,0,"2023-2024"
"OLY","ZAL","10_7","Regular Season","Nedas  Montvila",1,0,0,0,NA,0,0,NA,0,0,NA,0,0,0,0,0,0,0,0,0,0,0,"A","L",72,37,18,12,18,8,12,13,3,20,23,5,9,3,22,75,72,37,18,12,18,8,12,13,3,20,23,5,9,3,22,75,NA,0,NA,0,NA,NA,NA,NA,0,NA,NA,0,0,"2023-2024"
"OLY","ZAL","10_7","Regular Season","Laurynas  Birutis",6,0,0,0,NA,0,0,NA,0,0,NA,0,1,1,0,0,1,0,0,1,0,-1,"A","L",72,37,18,12,18,8,12,13,3,20,23,5,9,3,22,75,72,37,18,12,18,8,12,13,3,20,23,5,9,3,22,75,NA,1,0,-0.01,0,0,NA,NA,-1.1,NA,100,1.9,0,"2023-2024"
"OLY","ZAL","10_7","Regular Season","Danielius  Lavrinovicius",6,2,1,2,50,0,0,NA,0,0,NA,0,1,1,0,0,0,0,0,2,0,0,"A","L",72,37,18,12,18,8,12,13,3,20,23,5,9,3,22,75,72,37,18,12,18,8,12,13,3,20,23,5,9,3,22,75,1,1.9,105.3,0,0,NA,50,0,0.5,50,0,3.8,0,"2023-2024"
"OLY","ZAL","10_7","Regular Season","Brady   Manek",17,10,2,4,50,2,4,50,0,0,NA,0,3,3,0,2,1,0,1,3,0,6,"A","L",72,37,18,12,18,8,12,13,3,20,23,5,9,3,22,75,72,37,18,12,18,8,12,13,3,20,23,5,9,3,22,75,1.25,8.6,116.3,0.07,0,0,62.5,0,6.7,62.5,11.63,6.1,0,"2023-2024"
"OLY","ZAL","10_7","Regular Season","Edgaras  Ulanovas",25,6,2,2,100,0,0,NA,2,2,100,0,2,2,2,0,0,0,0,3,6,13,"A","L",72,37,18,12,18,8,12,13,3,20,23,5,9,3,22,75,72,37,18,12,18,8,12,13,3,20,23,5,9,3,22,75,1.5,2.8,214.3,0.07,71.4,Inf,100,1,6.2,104.2,0,1.3,0,"2023-2024"
"ZAL","OLY","10_7","Regular Season","Thomas  Walkup",25,14,1,2,50,4,7,57.1,0,0,NA,0,1,1,5,1,1,0,1,3,1,13,"H","W",89,24,29,24,14,15,16,23,4,19,23,7,6,2,21,104,89,24,29,24,14,15,16,23,4,19,23,7,6,2,21,104,1.56,9.6,145.8,0.08,52.1,5,77.8,0,12.3,77.8,10.42,4.6,0,"2023-2024"
"ZAL","OLY","10_7","Regular Season","Isaiah  Canaan",28,25,4,6,66.7,4,6,66.7,5,5,100,1,0,1,1,0,0,1,0,3,4,25,"H","W",89,24,29,24,14,15,16,23,4,19,23,7,6,2,21,104,89,24,29,24,14,15,16,23,4,19,23,7,6,2,21,104,1.47,12.7,196.9,0.12,7.9,Inf,83.3,0.42,20.7,88,0,5.8,12.5,"2023-2024"
"ZAL","OLY","10_7","Regular Season","Moustapha  Fall",23,2,1,2,50,0,0,NA,0,3,0,1,1,2,4,1,2,0,1,1,5,6,"H","W",89,24,29,24,14,15,16,23,4,19,23,7,6,2,21,104,89,24,29,24,14,15,16,23,4,19,23,7,6,2,21,104,0.4,4.1,48.8,0.01,97.6,2,50,1.5,2.2,30.1,48.78,2.7,12.5,"2023-2024"
"ZAL","OLY","10_7","Regular Season","Kostas  Papanikolaou",18,2,1,1,100,0,3,0,0,0,NA,1,1,2,3,2,0,0,0,3,1,4,"H","W",89,24,29,24,14,15,16,23,4,19,23,7,6,2,21,104,89,24,29,24,14,15,16,23,4,19,23,7,6,2,21,104,0.5,2.9,69,0.02,103.4,Inf,25,0,3.5,25,0,2.6,12.5,"2023-2024"
"ZAL","OLY","10_7","Regular Season","Alec  Peters",30,22,3,4,75,4,5,80,4,4,100,0,6,6,2,0,1,0,0,3,5,29,"H","W",89,24,29,24,14,15,16,23,4,19,23,7,6,2,21,104,89,24,29,24,14,15,16,23,4,19,23,7,6,2,21,104,1.69,11.3,194.7,0.15,17.7,2,100,0.44,19.5,102.2,8.85,4.5,0,"2023-2024"
"ZAL","OLY","10_7","Regular Season","Michalis  Lountzis",14,2,1,2,50,0,2,0,0,0,NA,0,0,0,0,1,0,0,1,2,0,-3,"H","W",89,24,29,24,14,15,16,23,4,19,23,7,6,2,21,104,89,24,29,24,14,15,16,23,4,19,23,7,6,2,21,104,0.5,3.8,52.6,-0.01,0,NA,25,0,-0.2,25,0,3.3,0,"2023-2024"
"ZAL","OLY","10_7","Regular Season","Giannoulis  Larentzakis",17,3,0,3,0,1,3,33.3,0,0,NA,0,1,1,3,2,0,0,0,2,0,2,"H","W",89,24,29,24,14,15,16,23,4,19,23,7,6,2,21,104,89,24,29,24,14,15,16,23,4,19,23,7,6,2,21,104,0.5,5.8,51.7,0.01,51.7,Inf,25,0,2.8,25,0,4.1,0,"2023-2024"
"ZAL","OLY","10_7","Regular Season","Ignas  Brazdeikis",19,9,1,1,100,2,3,66.7,1,4,25,1,5,6,4,0,0,0,0,2,2,15,"H","W",89,24,29,24,14,15,16,23,4,19,23,7,6,2,21,104,89,24,29,24,14,15,16,23,4,19,23,7,6,2,21,104,1.12,4.6,195.7,0.08,87,Inf,100,1,10.4,78.1,0,3.5,12.5,"2023-2024"
"ZAL","OLY","10_7","Regular Season","Nikola  Milutinov",14,6,1,2,50,0,0,NA,4,4,100,0,2,2,0,0,1,1,0,0,2,9,"H","W",89,24,29,24,14,15,16,23,4,19,23,7,6,2,21,104,89,24,29,24,14,15,16,23,4,19,23,7,6,2,21,104,1,4.6,130.4,0.04,0,0,50,2,5.3,79.8,21.74,3.9,0,"2023-2024"
"ZAL","OLY","10_7","Regular Season","Luke  Sikma",10,4,1,1,100,0,0,NA,2,4,50,0,2,2,1,0,1,0,0,2,2,4,"H","W",89,24,29,24,14,15,16,23,4,19,23,7,6,2,21,104,89,24,29,24,14,15,16,23,4,19,23,7,6,2,21,104,0.8,3.6,111.1,0.01,27.8,1,100,4,2.4,72.5,27.78,4.3,0,"2023-2024"
"CRV","MIL","10_8","Regular Season","Maodo  Lo",33,32,4,7,57.1,6,7,85.7,6,6,100,1,3,4,3,2,1,0,0,2,4,38,"A","W",93,31,27,14,15,17,12,11,6,26,32,7,10,1,16,103,93,31,27,14,15,17,12,11,6,26,32,7,10,1,16,103,1.6,16,200,0.19,18.8,3,92.9,0.43,30.1,96.2,6.25,5.8,8.3,"2023-2024"
"CRV","MIL","10_8","Regular Season","Nicolo  Melli",27,11,2,3,66.7,2,2,100,1,1,100,0,5,5,1,1,0,1,0,3,2,17,"A","W",93,31,27,14,15,17,12,11,6,26,32,7,10,1,16,103,93,31,27,14,15,17,12,11,6,26,32,7,10,1,16,103,1.83,5.2,211.5,0.08,19.2,Inf,100,0.2,11.8,101.1,0,2.2,0,"2023-2024"
"CRV","MIL","10_8","Regular Season","Shavon  Shields",29,19,2,3,66.7,4,5,80,3,4,75,0,5,5,0,1,3,0,0,3,2,18,"A","W",93,31,27,14,15,17,12,11,6,26,32,7,10,1,16,103,93,31,27,14,15,17,12,11,6,26,32,7,10,1,16,103,1.58,12.2,155.7,0.09,0,0,100,0.5,13.7,97.3,24.59,4.7,0,"2023-2024"
"CRV","MIL","10_8","Regular Season","Nikola  Mirotic",29,8,1,2,50,2,6,33.3,0,0,NA,1,2,3,2,1,2,0,0,2,4,9,"A","W",93,31,27,14,15,17,12,11,6,26,32,7,10,1,16,103,93,31,27,14,15,17,12,11,6,26,32,7,10,1,16,103,1,8.6,93,0.03,23.3,1,50,0,4.5,50,23.26,3.7,8.3,"2023-2024"
"CRV","MIL","10_8","Regular Season","Johannes  Voigtmann",23,2,1,4,25,0,1,0,0,0,NA,1,4,5,2,0,1,0,0,0,0,4,"A","W",93,31,27,14,15,17,12,11,6,26,32,7,10,1,16,103,93,31,27,14,15,17,12,11,6,26,32,7,10,1,16,103,0.4,4.8,41.7,0.02,41.7,2,20,0,1.2,20,20.83,2.8,8.3,"2023-2024"
"CRV","MIL","10_8","Regular Season","Alex  Poythress",9,7,3,7,42.9,0,0,NA,1,1,100,3,1,4,0,0,2,0,2,1,1,3,"A","W",93,31,27,14,15,17,12,11,6,26,32,7,10,1,16,103,93,31,27,14,15,17,12,11,6,26,32,7,10,1,16,103,0.88,6.2,112.9,0.01,0,0,42.9,0.14,3.3,47,32.26,11.3,25,"2023-2024"
"CRV","MIL","10_8","Regular Season","Giordano  Bortolani",7,8,1,1,100,2,3,66.7,0,0,NA,0,1,1,0,1,0,0,0,2,0,7,"A","W",93,31,27,14,15,17,12,11,6,26,32,7,10,1,16,103,93,31,27,14,15,17,12,11,6,26,32,7,10,1,16,103,2,3.8,210.5,0.04,0,NA,100,0,6.9,100,0,6.2,0,"2023-2024"
"CRV","MIL","10_8","Regular Season","Stefano  Tonut",12,6,1,1,100,1,2,50,1,2,50,0,4,4,1,0,0,0,0,1,2,10,"A","W",93,31,27,14,15,17,12,11,6,26,32,7,10,1,16,103,93,31,27,14,15,17,12,11,6,26,32,7,10,1,16,103,1.2,3.7,162.2,0.05,27,Inf,83.3,0.67,5.8,77.3,0,3.5,0,"2023-2024"
"CRV","MIL","10_8","Regular Season","Ismael  Kamagate",1,0,0,0,NA,0,0,NA,0,0,NA,0,0,0,0,0,0,0,0,0,0,0,"A","W",93,31,27,14,15,17,12,11,6,26,32,7,10,1,16,103,93,31,27,14,15,17,12,11,6,26,32,7,10,1,16,103,NA,0,NA,0,NA,NA,NA,NA,0,NA,NA,0,0,"2023-2024"
"CRV","MIL","10_8","Regular Season","Giampaolo  Ricci",1,0,0,0,NA,0,0,NA,0,0,NA,0,0,0,0,0,0,0,0,1,0,-1,"A","W",93,31,27,14,15,17,12,11,6,26,32,7,10,1,16,103,93,31,27,14,15,17,12,11,6,26,32,7,10,1,16,103,NA,0,NA,-0.01,NA,NA,NA,NA,-0.4,NA,NA,0,0,"2023-2024"
"CRV","MIL","10_8","Regular Season","Devon  Hall",24,0,0,3,0,0,1,0,0,0,NA,0,1,1,1,1,0,0,1,1,1,-2,"A","W",93,31,27,14,15,17,12,11,6,26,32,7,10,1,16,103,93,31,27,14,15,17,12,11,6,26,32,7,10,1,16,103,0,3.8,0,-0.01,26.3,Inf,0,0,-1.2,0,0,1.8,0,"2023-2024"
"CRV","MIL","10_8","Regular Season","Kyle  Hines",4,0,0,0,NA,0,0,NA,0,0,NA,0,0,0,1,0,1,0,0,0,0,0,"A","W",93,31,27,14,15,17,12,11,6,26,32,7,10,1,16,103,93,31,27,14,15,17,12,11,6,26,32,7,10,1,16,103,NA,1,0,0,100,1,NA,NA,-0.3,NA,100,2.7,0,"2023-2024"
"MIL","CRV","10_8","Regular Season","Milos  Teodosic",20,8,1,2,50,1,6,16.7,3,3,100,0,1,1,4,0,3,0,0,3,1,2,"H","L",71,33,27,16,18,7,14,17,5,19,24,5,11,3,16,71,71,33,27,16,18,7,14,17,5,19,24,5,11,3,16,71,0.73,11.8,67.8,0.01,33.9,1.3,31.2,0.38,2.1,42.9,25.42,6.3,0,"2023-2024"
"MIL","CRV","10_8","Regular Season","Dejan  Davidovac",26,18,4,4,100,3,5,60,1,2,50,2,4,6,1,1,0,0,0,1,1,23,"H","L",71,33,27,16,18,7,14,17,5,19,24,5,11,3,16,71,71,33,27,16,18,7,14,17,5,19,24,5,11,3,16,71,1.64,7.6,236.8,0.2,13.2,Inf,94.4,0.22,18,91.1,0,3.9,20,"2023-2024"
"MIL","CRV","10_8","Regular Season","Luka  Mitrovic",28,11,3,4,75,0,0,NA,5,6,83.3,1,4,5,3,2,1,1,0,1,5,23,"H","L",71,33,27,16,18,7,14,17,5,19,24,5,11,3,16,71,71,33,27,16,18,7,14,17,5,19,24,5,11,3,16,71,1.1,6.4,171.9,0.16,46.9,3,75,1.5,14.3,82.8,15.62,2.8,10,"2023-2024"
"MIL","CRV","10_8","Regular Season","Joel  Bolomboy",24,4,1,2,50,0,2,0,2,2,100,1,4,5,1,1,2,1,0,2,1,6,"H","L",71,33,27,16,18,7,14,17,5,19,24,5,11,3,16,71,71,33,27,16,18,7,14,17,5,19,24,5,11,3,16,71,0.67,5.6,71.4,0.04,17.9,0.5,25,0.5,3.1,41,35.71,2.9,10,"2023-2024"
"MIL","CRV","10_8","Regular Season","Rokas  Giedraitis",29,7,2,2,100,1,4,25,0,0,NA,1,2,3,1,0,1,0,0,1,2,8,"H","L",71,33,27,16,18,7,14,17,5,19,24,5,11,3,16,71,71,33,27,16,18,7,14,17,5,19,24,5,11,3,16,71,1.17,5.8,120.7,0.05,17.2,1,58.3,0,4.6,58.3,17.24,2.5,10,"2023-2024"
"MIL","CRV","10_8","Regular Season","Stefan  Lazarevic",8,0,0,0,NA,0,0,NA,0,0,NA,0,0,0,1,0,0,0,0,2,0,-1,"H","L",71,33,27,16,18,7,14,17,5,19,24,5,11,3,16,71,71,33,27,16,18,7,14,17,5,19,24,5,11,3,16,71,NA,0,NA,-0.01,Inf,Inf,NA,NA,-0.1,NA,NA,0,0,"2023-2024"
"MIL","CRV","10_8","Regular Season","Marko  Simonovic",5,2,1,3,33.3,0,0,NA,0,0,NA,0,0,0,0,0,0,0,0,1,0,-1,"H","L",71,33,27,16,18,7,14,17,5,19,24,5,11,3,16,71,71,33,27,16,18,7,14,17,5,19,24,5,11,3,16,71,0.67,2.9,69,-0.01,0,NA,33.3,0,-0.1,33.3,0,6.2,0,"2023-2024"
"MIL","CRV","10_8","Regular Season","Shabazz  Napier",3,0,0,1,0,0,0,NA,0,0,NA,0,0,0,1,0,0,0,0,0,1,1,"H","L",71,33,27,16,18,7,14,17,5,19,24,5,11,3,16,71,71,33,27,16,18,7,14,17,5,19,24,5,11,3,16,71,0,1,0,0,100,Inf,0,0,0,0,0,3.4,0,"2023-2024"
"MIL","CRV","10_8","Regular Season","Mike  Tobey",12,0,0,2,0,0,3,0,0,0,NA,0,2,2,1,0,1,1,1,4,0,-7,"H","L",71,33,27,16,18,7,14,17,5,19,24,5,11,3,16,71,71,33,27,16,18,7,14,17,5,19,24,5,11,3,16,71,0,5.8,0,-0.06,17.2,1,0,0,-4.1,0,17.24,5.1,0,"2023-2024"
"MIL","CRV","10_8","Regular Season","Nemanja  Nedovic",26,16,5,10,50,1,5,20,3,3,100,0,2,2,2,1,1,0,0,1,3,13,"H","L",71,33,27,16,18,7,14,17,5,19,24,5,11,3,16,71,71,33,27,16,18,7,14,17,5,19,24,5,11,3,16,71,0.89,16.6,96.4,0.1,12,2,43.3,0.2,9.5,49,6.02,6.8,0,"2023-2024"
"MIL","CRV","10_8","Regular Season","Yago Mateus dos Santos",18,5,1,3,33.3,1,2,50,0,0,NA,0,0,0,2,0,2,0,0,0,2,4,"H","L",71,33,27,16,18,7,14,17,5,19,24,5,11,3,16,71,71,33,27,16,18,7,14,17,5,19,24,5,11,3,16,71,1,6.7,74.6,0.02,29.9,1,50,0,1.7,50,29.85,4,0,"2023-2024"
"ASM","BAS","10_9","Regular Season","Tadas  Sedekerskis",35,13,2,5,40,2,3,66.7,3,4,75,1,6,7,2,0,0,0,1,2,5,19,"H","L",75,31,29,12,16,11,10,16,6,26,32,3,12,3,16,78,75,31,29,12,16,11,10,16,6,26,32,3,12,3,16,78,1.08,8.4,154.8,0.12,23.8,Inf,62.5,0.5,11.7,66.6,0,2.9,8.3,"2023-2024"
"ASM","BAS","10_9","Regular Season","Vanja  Marinkovic",26,15,1,1,100,4,8,50,1,2,50,0,4,4,3,0,1,0,0,3,1,14,"H","L",75,31,29,12,16,11,10,16,6,26,32,3,12,3,16,78,75,31,29,12,16,11,10,16,6,26,32,3,12,3,16,78,1.36,10.4,144.2,0.11,28.8,3,77.8,0.22,11.4,75.9,9.62,4.3,0,"2023-2024"
"ASM","BAS","10_9","Regular Season","Codi  Miller-McIntyre",27,8,3,6,50,0,2,0,2,2,100,2,6,8,3,0,2,0,0,1,4,15,"H","L",75,31,29,12,16,11,10,16,6,26,32,3,12,3,16,78,75,31,29,12,16,11,10,16,6,26,32,3,12,3,16,78,0.8,8.5,94.1,0.08,35.3,1.5,37.5,0.25,6.5,45,23.53,4.2,16.7,"2023-2024"
"ASM","BAS","10_9","Regular Season","Daniel  Diez",15,2,0,0,NA,0,0,NA,2,2,100,1,1,2,0,0,0,0,0,1,1,4,"H","L",75,31,29,12,16,11,10,16,6,26,32,3,12,3,16,78,75,31,29,12,16,11,10,16,6,26,32,3,12,3,16,78,1,-0.1,-2000,0.02,0,NA,NA,Inf,2.6,113.6,0,0.6,8.3,"2023-2024"
"ASM","BAS","10_9","Regular Season","Matthew  Costello",31,8,4,5,80,0,4,0,0,0,NA,1,4,5,4,1,3,1,1,2,2,10,"H","L",75,31,29,12,16,11,10,16,6,26,32,3,12,3,16,78,75,31,29,12,16,11,10,16,6,26,32,3,12,3,16,78,0.89,10.6,75.5,0.07,37.7,1.3,44.4,0,5.9,44.4,28.3,4,8.3,"2023-2024"
"ASM","BAS","10_9","Regular Season","Markus  Howard",20,18,3,5,60,4,7,57.1,0,0,NA,0,0,0,0,1,1,0,1,4,2,10,"H","L",75,31,29,12,16,11,10,16,6,26,32,3,12,3,16,78,75,31,29,12,16,11,10,16,6,26,32,3,12,3,16,78,1.5,12.5,144,0.07,0,0,75,0,10.8,75,8,6.7,0,"2023-2024"
"ASM","BAS","10_9","Regular Season","Sander  Raieste",1,0,0,0,NA,0,0,NA,0,0,NA,0,0,0,0,0,0,0,0,0,0,0,"H","L",75,31,29,12,16,11,10,16,6,26,32,3,12,3,16,78,75,31,29,12,16,11,10,16,6,26,32,3,12,3,16,78,NA,0,NA,0,NA,NA,NA,NA,0,NA,NA,0,0,"2023-2024"
"ASM","BAS","10_9","Regular Season","Christopher  Chiozza",13,5,0,1,0,1,2,50,2,2,100,0,1,1,4,0,2,1,0,0,1,8,"H","L",75,31,29,12,16,11,10,16,6,26,32,3,12,3,16,78,75,31,29,12,16,11,10,16,6,26,32,3,12,3,16,78,1,5.6,89.3,0.05,71.4,2,50,0.67,5.1,64.4,35.71,4.7,0,"2023-2024"
"ASM","BAS","10_9","Regular Season","Maik  Kotsar",8,2,1,4,25,0,0,NA,0,0,NA,0,1,1,0,1,0,0,1,2,0,-2,"H","L",75,31,29,12,16,11,10,16,6,26,32,3,12,3,16,78,75,31,29,12,16,11,10,16,6,26,32,3,12,3,16,78,0.5,3.8,52.6,-0.01,0,NA,25,0,0.1,25,0,5.2,0,"2023-2024"
"ASM","BAS","10_9","Regular Season","Chima  Moneke",22,4,2,4,50,0,3,0,0,0,NA,1,3,4,0,0,3,1,1,1,1,0,"H","L",75,31,29,12,16,11,10,16,6,26,32,3,12,3,16,78,75,31,29,12,16,11,10,16,6,26,32,3,12,3,16,78,0.57,8.6,46.5,-0.01,0,0,28.6,0,-1.2,28.6,34.88,4.7,8.3,"2023-2024"
"BAS","ASM","10_9","Regular Season","Elie  Okobo",29,4,2,6,33.3,0,3,0,0,0,NA,0,4,4,0,1,0,0,1,1,0,0,"A","W",77,44,27,11,19,10,9,12,12,24,36,5,5,5,17,82,77,44,27,11,19,10,9,12,12,24,36,5,5,5,17,82,0.44,8.6,46.5,0.01,0,NA,22.2,0,0.3,22.2,0,3.1,0,"2023-2024"
"BAS","ASM","10_9","Regular Season","Petr  Cornelie",7,2,1,1,100,0,0,NA,0,0,NA,1,1,2,1,0,0,0,0,0,0,5,"A","W",77,44,27,11,19,10,9,12,12,24,36,5,5,5,17,82,77,44,27,11,19,10,9,12,12,24,36,5,5,5,17,82,2,0,Inf,0.04,Inf,Inf,100,0,3.4,100,NA,1.4,4.2,"2023-2024"
"BAS","ASM","10_9","Regular Season","Donatas  Motiejunas",18,6,3,6,50,0,2,0,0,0,NA,0,1,1,1,0,1,2,0,1,2,5,"A","W",77,44,27,11,19,10,9,12,12,24,36,5,5,5,17,82,77,44,27,11,19,10,9,12,12,24,36,5,5,5,17,82,0.75,8.6,69.8,0.02,11.6,1,37.5,0,2.6,37.5,11.63,4.9,0,"2023-2024"
"BAS","ASM","10_9","Regular Season","Yakuba  Ouattara",13,6,0,1,0,2,3,66.7,0,0,NA,1,2,3,0,0,0,0,0,1,0,6,"A","W",77,44,27,11,19,10,9,12,12,24,36,5,5,5,17,82,77,44,27,11,19,10,9,12,12,24,36,5,5,5,17,82,1.5,2.9,206.9,0.05,0,NA,75,0,4.9,75,0,3,4.2,"2023-2024"
"BAS","ASM","10_9","Regular Season","Mike  James",34,28,5,9,55.6,5,11,45.5,3,3,100,1,7,8,5,0,2,0,1,3,4,29,"A","W",77,44,27,11,19,10,9,12,12,24,36,5,5,5,17,82,77,44,27,11,19,10,9,12,12,24,36,5,5,5,17,82,1.22,21.4,130.8,0.21,23.4,2.5,62.5,0.15,21.1,65.7,9.35,6.8,4.2,"2023-2024"
"BAS","ASM","10_9","Regular Season","John  Brown III",29,8,3,9,33.3,0,0,NA,2,2,100,5,3,8,0,2,1,0,0,0,1,12,"A","W",77,44,27,11,19,10,9,12,12,24,36,5,5,5,17,82,77,44,27,11,19,10,9,12,12,24,36,5,5,5,17,82,0.73,5.6,142.9,0.07,0,0,33.3,0.22,8.3,40.5,17.86,3.7,20.8,"2023-2024"
"BAS","ASM","10_9","Regular Season","Jaron  Blossomgame",16,4,2,3,66.7,0,2,0,0,0,NA,3,3,6,0,1,0,0,1,3,1,5,"A","W",77,44,27,11,19,10,9,12,12,24,36,5,5,5,17,82,77,44,27,11,19,10,9,12,12,24,36,5,5,5,17,82,0.8,1.9,210.5,0.03,0,NA,40,0,4.1,40,0,3.1,12.5,"2023-2024"
"BAS","ASM","10_9","Regular Season","Alpha  Diallo",29,13,1,5,20,3,5,60,2,4,50,1,2,3,2,0,0,2,0,4,5,13,"A","W",77,44,27,11,19,10,9,12,12,24,36,5,5,5,17,82,77,44,27,11,19,10,9,12,12,24,36,5,5,5,17,82,0.93,10.3,126.2,0.05,19.4,Inf,55,0.4,9.3,55.3,0,4,4.2,"2023-2024"
"BAS","ASM","10_9","Regular Season","Kemba  Walker",14,4,1,2,50,0,1,0,2,2,100,0,0,0,2,1,1,0,0,1,2,5,"A","W",77,44,27,11,19,10,9,12,12,24,36,5,5,5,17,82,77,44,27,11,19,10,9,12,12,24,36,5,5,5,17,82,0.8,4.7,85.1,0.02,42.6,2,33.3,0.67,3.3,51.5,21.28,3.4,0,"2023-2024"
"BAS","ASM","10_9","Regular Season","Donta  Hall",10,2,1,2,50,0,0,NA,0,0,NA,0,1,1,1,0,0,1,0,3,1,2,"A","W",77,44,27,11,19,10,9,12,12,24,36,5,5,5,17,82,77,44,27,11,19,10,9,12,12,24,36,5,5,5,17,82,1,1.9,105.3,0,52.6,Inf,50,0,1.5,50,0,2,0,"2023-2024"
"BAY","BOL","11_1","Regular Season","Marco  Belinelli",30,22,5,8,62.5,3,6,50,3,4,75,0,1,1,2,1,1,0,1,1,1,17,"A","L",76,45,19,21,22,6,14,19,11,19,30,4,13,4,23,68,76,45,19,21,22,6,14,19,11,19,30,4,13,4,23,68,1.22,16.1,136.6,0.18,12.4,2,67.9,0.29,16.3,69.8,6.21,5.2,0,"2023-2024"
"BAY","BOL","11_1","Regular Season","Jaleen  Smith",8,3,0,1,0,1,2,50,0,0,NA,0,1,1,0,1,2,0,0,1,0,0,"A","L",76,45,19,21,22,6,14,19,11,19,30,4,13,4,23,68,76,45,19,21,22,6,14,19,11,19,30,4,13,4,23,68,1,4.8,62.5,0,0,0,50,0,0.2,50,41.67,5.8,0,"2023-2024"
"BAY","BOL","11_1","Regular Season","Tornike  Shengelia",34,15,5,10,50,0,2,0,5,6,83.3,1,4,5,3,0,1,0,2,2,5,15,"A","L",76,45,19,21,22,6,14,19,11,19,30,4,13,4,23,68,76,45,19,21,22,6,14,19,11,19,30,4,13,4,23,68,0.83,14.1,106.4,0.12,21.3,3,41.7,0.5,10.4,51.2,7.09,4.3,4.5,"2023-2024"
"BAY","BOL","11_1","Regular Season","Daniel  Hackett",25,6,1,3,33.3,0,1,0,4,4,100,3,3,6,5,0,2,0,0,5,5,12,"A","L",76,45,19,21,22,6,14,19,11,19,30,4,13,4,23,68,76,45,19,21,22,6,14,19,11,19,30,4,13,4,23,68,0.75,4.6,130.4,0.06,108.7,2.5,25,1,6.1,52.1,43.48,2.9,13.6,"2023-2024"
"BAY","BOL","11_1","Regular Season","Bryant  Dunston",21,10,5,9,55.6,0,0,NA,0,5,0,6,2,8,2,1,0,2,1,2,5,16,"A","L",76,45,19,21,22,6,14,19,11,19,30,4,13,4,23,68,76,45,19,21,22,6,14,19,11,19,30,4,13,4,23,68,0.71,5,200,0.09,40,Inf,55.6,0.56,11.5,44.6,0,4.9,27.3,"2023-2024"
"BAY","BOL","11_1","Regular Season","Isaia  Cordinier",16,5,1,3,33.3,1,2,50,0,0,NA,0,2,2,1,0,2,0,1,4,2,0,"A","L",76,45,19,21,22,6,14,19,11,19,30,4,13,4,23,68,76,45,19,21,22,6,14,19,11,19,30,4,13,4,23,68,1,6.7,74.6,-0.01,14.9,0.5,50,0,0,50,29.85,4.1,0,"2023-2024"
"BAY","BOL","11_1","Regular Season","Gabriel  Lundberg",14,3,1,5,20,0,1,0,1,1,100,0,0,0,2,1,2,0,2,2,2,-3,"A","L",76,45,19,21,22,6,14,19,11,19,30,4,13,4,23,68,76,45,19,21,22,6,14,19,11,19,30,4,13,4,23,68,0.43,8.1,37,-0.03,24.7,1,16.7,0.17,-1.2,23.3,24.69,5.6,0,"2023-2024"
"BAY","BOL","11_1","Regular Season","Alessandro  Pajola",14,3,0,0,NA,1,3,33.3,0,0,NA,1,2,3,3,0,3,0,0,3,0,1,"A","L",76,45,19,21,22,6,14,19,11,19,30,4,13,4,23,68,76,45,19,21,22,6,14,19,11,19,30,4,13,4,23,68,1,4.8,62.5,0.01,62.5,1,50,0,0.5,50,62.5,4,4.5,"2023-2024"
"BAY","BOL","11_1","Regular Season","Ognjen  Dobric",12,2,1,3,33.3,0,1,0,0,0,NA,0,1,1,1,0,0,0,1,1,0,-1,"A","L",76,45,19,21,22,6,14,19,11,19,30,4,13,4,23,68,76,45,19,21,22,6,14,19,11,19,30,4,13,4,23,68,0.5,3.8,52.6,0,26.3,Inf,25,0,0.2,25,0,3.1,0,"2023-2024"
"BAY","BOL","11_1","Regular Season","Devontae  Cacok",5,2,1,1,100,0,0,NA,0,0,NA,0,1,1,0,0,0,1,0,1,1,4,"A","L",76,45,19,21,22,6,14,19,11,19,30,4,13,4,23,68,76,45,19,21,22,6,14,19,11,19,30,4,13,4,23,68,2,1,200,0.03,0,NA,100,0,2.3,100,0,1.9,0,"2023-2024"
"BAY","BOL","11_1","Regular Season","Jordan  Mickey",19,5,2,2,100,0,1,0,1,1,100,0,2,2,0,0,0,1,0,1,1,7,"A","L",76,45,19,21,22,6,14,19,11,19,30,4,13,4,23,68,76,45,19,21,22,6,14,19,11,19,30,4,13,4,23,68,1.25,3.3,151.5,0.06,0,NA,66.7,0.33,4.6,72.7,0,1.7,0,"2023-2024"
"BOL","BAY","11_1","Regular Season","Carsen  Edwards",30,12,3,8,37.5,1,7,14.3,3,3,100,0,2,2,5,4,0,0,2,4,6,12,"H","W",90,46,24,17,26,7,17,16,15,24,39,8,12,8,23,107,90,46,24,17,26,7,17,16,15,24,39,8,12,8,23,107,0.67,15.7,76.4,0.05,31.8,Inf,30,0.2,9.6,36.8,0,4.9,0,"2023-2024"
"BOL","BAY","11_1","Regular Season","Nelson  Weidemann",3,0,0,0,NA,0,0,NA,0,0,NA,0,1,1,0,0,1,0,0,1,0,-1,"H","W",90,46,24,17,26,7,17,16,15,24,39,8,12,8,23,107,90,46,24,17,26,7,17,16,15,24,39,8,12,8,23,107,NA,1,0,-0.01,0,0,NA,NA,-1.1,NA,100,3,0,"2023-2024"
"BOL","BAY","11_1","Regular Season","Isaac  Bonga",22,10,3,9,33.3,1,2,50,1,1,100,5,3,8,3,0,2,2,0,4,1,11,"H","W",90,46,24,17,26,7,17,16,15,24,39,8,12,8,23,107,90,46,24,17,26,7,17,16,15,24,39,8,12,8,23,107,0.83,8.1,123.5,0.04,37,1.5,40.9,0.09,8.2,43.7,24.69,5.5,16.7,"2023-2024"
"BOL","BAY","11_1","Regular Season","Serge  Ibaka",23,24,9,12,75,1,1,100,3,3,100,6,7,13,0,0,3,2,1,3,5,34,"H","W",90,46,24,17,26,7,17,16,15,24,39,8,12,8,23,107,90,46,24,17,26,7,17,16,15,24,39,8,12,8,23,107,1.5,10.9,220.2,0.17,0,0,80.8,0.23,22.4,83.8,27.52,6.7,20,"2023-2024"
"BOL","BAY","11_1","Regular Season","Devin   Booker",24,12,5,5,100,0,1,0,2,2,100,2,4,6,0,0,2,0,0,4,2,13,"H","W",90,46,24,17,26,7,17,16,15,24,39,8,12,8,23,107,90,46,24,17,26,7,17,16,15,24,39,8,12,8,23,107,1.5,6.6,181.8,0.06,0,0,83.3,0.33,8.8,87.2,30.3,3.3,6.7,"2023-2024"
"BOL","BAY","11_1","Regular Season","Nick  Weiler-Babb",27,8,1,1,100,2,4,50,0,0,NA,1,3,4,3,0,1,0,0,1,0,11,"H","W",90,46,24,17,26,7,17,16,15,24,39,8,12,8,23,107,90,46,24,17,26,7,17,16,15,24,39,8,12,8,23,107,1.6,4.8,166.7,0.07,62.5,3,80,0,8,80,20.83,2,3.3,"2023-2024"
"BOL","BAY","11_1","Regular Season","Sylvain  Francisco",26,13,3,7,42.9,1,6,16.7,4,4,100,0,1,1,5,0,2,0,1,1,5,11,"H","W",90,46,24,17,26,7,17,16,15,24,39,8,12,8,23,107,90,46,24,17,26,7,17,16,15,24,39,8,12,8,23,107,0.76,16.1,80.7,0.05,31.1,2.5,34.6,0.31,6.9,44,12.42,5.8,0,"2023-2024"
"BOL","BAY","11_1","Regular Season","Niels  Giffey",16,4,2,2,100,0,2,0,0,0,NA,0,0,0,0,1,0,0,0,2,0,1,"H","W",90,46,24,17,26,7,17,16,15,24,39,8,12,8,23,107,90,46,24,17,26,7,17,16,15,24,39,8,12,8,23,107,1,3.8,105.3,0.01,0,NA,50,0,2.2,50,0,2.2,0,"2023-2024"
"BOL","BAY","11_1","Regular Season","Jan Niklas  Wimberg",7,0,0,0,NA,0,0,NA,0,0,NA,0,0,0,0,0,1,2,0,2,0,-1,"H","W",90,46,24,17,26,7,17,16,15,24,39,8,12,8,23,107,90,46,24,17,26,7,17,16,15,24,39,8,12,8,23,107,NA,1,0,-0.01,0,0,NA,NA,-0.4,NA,100,1.3,0,"2023-2024"
"BOL","BAY","11_1","Regular Season","Danko   Brankovic",15,7,0,1,0,1,1,100,4,4,100,0,3,3,0,2,0,2,0,1,3,15,"H","W",90,46,24,17,26,7,17,16,15,24,39,8,12,8,23,107,90,46,24,17,26,7,17,16,15,24,39,8,12,8,23,107,1.17,3.6,194.4,0.07,0,NA,75,2,9.9,93.1,0,2.2,0,"2023-2024"
"BOL","BAY","11_1","Regular Season","Freddie  Gillespie",5,0,0,1,0,0,0,NA,0,0,NA,1,0,1,0,1,0,0,0,0,0,1,"H","W",90,46,24,17,26,7,17,16,15,24,39,8,12,8,23,107,90,46,24,17,26,7,17,16,15,24,39,8,12,8,23,107,0,0,NA,0,NA,NA,0,0,1,0,NA,1.8,3.3,"2023-2024"
"BER","MAC","11_2","Regular Season","Lorenzo  Brown",20,6,3,6,50,0,1,0,0,0,NA,0,2,2,6,2,2,0,1,2,2,9,"H","W",102,42,25,19,20,15,17,27,9,24,33,12,16,3,22,117,102,42,25,19,20,15,17,27,9,24,33,12,16,3,22,117,0.86,8.6,69.8,0.04,69.8,3,42.9,0,6.3,42.9,23.26,3.9,0,"2023-2024"
"BER","MAC","11_2","Regular Season","Wade  Baldwin IV",23,18,3,5,60,2,2,100,6,6,100,0,1,1,6,2,2,0,0,4,6,25,"H","W",102,42,25,19,20,15,17,27,9,24,33,12,16,3,22,117,102,42,25,19,20,15,17,27,9,24,33,12,16,3,22,117,1.38,11.2,160.7,0.1,53.6,3,85.7,0.86,18,93.4,17.86,4.4,0,"2023-2024"
"BER","MAC","11_2","Regular Season","Jasiel  Rivero",18,4,2,4,50,0,0,NA,0,0,NA,1,4,5,1,2,1,0,0,2,0,7,"H","W",102,42,25,19,20,15,17,27,9,24,33,12,16,3,22,117,102,42,25,19,20,15,17,27,9,24,33,12,16,3,22,117,1,3.8,105.3,0.03,26.3,1,50,0,4.8,50,26.32,2.4,5.6,"2023-2024"
"BER","MAC","11_2","Regular Season","Jake  Cohen",15,9,2,4,50,1,1,100,2,2,100,1,3,4,1,0,1,0,1,2,1,9,"H","W",102,42,25,19,20,15,17,27,9,24,33,12,16,3,22,117,102,42,25,19,20,15,17,27,9,24,33,12,16,3,22,117,1.29,5.6,160.7,0.04,17.9,1,70,0.4,7.2,76.5,17.86,4,5.6,"2023-2024"
"BER","MAC","11_2","Regular Season","Bonzie  Colson",21,17,2,3,66.7,3,4,75,4,4,100,0,3,3,1,3,2,0,0,2,2,20,"H","W",102,42,25,19,20,15,17,27,9,24,33,12,16,3,22,117,102,42,25,19,20,15,17,27,9,24,33,12,16,3,22,117,1.55,10.3,165,0.09,9.7,0.5,92.9,0.57,15.9,97,19.42,4.5,0,"2023-2024"
"BER","MAC","11_2","Regular Season","Antonius  Cleveland",15,1,0,6,0,0,2,0,1,2,50,3,0,3,1,1,0,1,2,1,1,-4,"H","W",102,42,25,19,20,15,17,27,9,24,33,12,16,3,22,117,102,42,25,19,20,15,17,27,9,24,33,12,16,3,22,117,0.1,5.6,17.9,-0.03,17.9,Inf,0,0.25,-0.9,5.6,0,5.2,16.7,"2023-2024"
"BER","MAC","11_2","Regular Season","James  Webb III",14,12,2,2,100,2,3,66.7,2,2,100,1,1,2,2,1,2,0,0,4,3,13,"H","W",102,42,25,19,20,15,17,27,9,24,33,12,16,3,22,117,102,42,25,19,20,15,17,27,9,24,33,12,16,3,22,117,1.71,6.6,181.8,0.05,30.3,1,100,0.4,9.9,102,30.3,4.9,5.6,"2023-2024"
"BER","MAC","11_2","Regular Season","Rafael  Menco",22,13,2,4,50,3,3,100,0,0,NA,1,4,5,0,0,2,0,1,3,0,10,"H","W",102,42,25,19,20,15,17,27,9,24,33,12,16,3,22,117,102,42,25,19,20,15,17,27,9,24,33,12,16,3,22,117,1.86,7.7,168.8,0.05,0,0,92.9,0,8.8,92.9,25.97,3.6,5.6,"2023-2024"
"BER","MAC","11_2","Regular Season","Roman  Sorkin",22,10,4,6,66.7,0,2,0,2,3,66.7,2,2,4,2,1,3,2,1,2,3,11,"H","W",102,42,25,19,20,15,17,27,9,24,33,12,16,3,22,117,102,42,25,19,20,15,17,27,9,24,33,12,16,3,22,117,0.91,9.9,101,0.04,20.2,0.7,50,0.38,7.6,53.6,30.3,4.9,11.1,"2023-2024"
"BER","MAC","11_2","Regular Season","Omer  Mayer",6,3,0,0,NA,1,2,50,0,0,NA,0,0,0,1,0,0,0,0,0,0,3,"H","W",102,42,25,19,20,15,17,27,9,24,33,12,16,3,22,117,102,42,25,19,20,15,17,27,9,24,33,12,16,3,22,117,1.5,1.9,157.9,0.02,52.6,Inf,75,0,2.7,75,0,2.9,0,"2023-2024"
"BER","MAC","11_2","Regular Season","Tamir  Blatt",22,9,0,2,0,3,5,60,0,0,NA,0,4,4,6,0,1,0,0,0,0,14,"H","W",102,42,25,19,20,15,17,27,9,24,33,12,16,3,22,117,102,42,25,19,20,15,17,27,9,24,33,12,16,3,22,117,1.29,7.7,116.9,0.07,77.9,6,64.3,0,9.7,64.3,12.99,3.2,0,"2023-2024"
"MAC","BER","11_2","Regular Season","Gabriele  Procida",23,22,4,4,100,3,10,30,5,6,83.3,0,1,1,1,3,3,0,0,3,6,19,"A","L",81,36,31,15,20,10,11,18,11,19,30,6,20,6,18,80,81,36,31,15,20,10,11,18,11,19,30,6,20,6,18,80,1.1,18.9,116.4,0.12,5.3,0.3,60.7,0.43,14.4,66.1,15.87,7.3,0,"2023-2024"
"MAC","BER","11_2","Regular Season","Malte  Delow",21,8,1,2,50,2,4,50,0,0,NA,1,3,4,3,0,5,0,1,1,0,5,"A","L",81,36,31,15,20,10,11,18,11,19,30,6,20,6,18,80,81,36,31,15,20,10,11,18,11,19,30,6,20,6,18,80,1.33,9.6,83.3,0.05,31.2,0.6,66.7,0,3.3,66.7,52.08,4.5,4.5,"2023-2024"
"MAC","BER","11_2","Regular Season","Tim  Schneider",16,2,1,1,100,0,3,0,0,0,NA,1,2,3,1,0,1,0,0,1,0,1,"A","L",81,36,31,15,20,10,11,18,11,19,30,6,20,6,18,80,81,36,31,15,20,10,11,18,11,19,30,6,20,6,18,80,0.5,3.8,52.6,0,26.3,1,25,0,0.2,25,26.32,2.7,4.5,"2023-2024"
"MAC","BER","11_2","Regular Season","Christ  Koumadje",17,6,2,3,66.7,0,0,NA,2,4,50,2,5,7,0,0,0,4,1,1,4,16,"A","L",81,36,31,15,20,10,11,18,11,19,30,6,20,6,18,80,81,36,31,15,20,10,11,18,11,19,30,6,20,6,18,80,0.86,2.6,230.8,0.09,0,NA,66.7,1.33,9.2,63,0,2.4,9.1,"2023-2024"
"MAC","BER","11_2","Regular Season","Johannes  Thiemann",21,11,4,7,57.1,1,1,100,0,0,NA,1,1,2,3,2,4,0,0,0,4,15,"A","L",81,36,31,15,20,10,11,18,11,19,30,6,20,6,18,80,81,36,31,15,20,10,11,18,11,19,30,6,20,6,18,80,1.38,10.6,103.8,0.1,28.3,0.8,68.8,0,8.5,68.8,37.74,4.9,4.5,"2023-2024"
"MAC","BER","11_2","Regular Season","Matteo  Spagnolo",21,8,3,6,50,0,2,0,2,2,100,0,5,5,3,0,1,0,1,2,2,9,"A","L",81,36,31,15,20,10,11,18,11,19,30,6,20,6,18,80,81,36,31,15,20,10,11,18,11,19,30,6,20,6,18,80,0.8,9.5,84.2,0.07,31.6,3,37.5,0.25,5.4,45,10.53,4,0,"2023-2024"
"MAC","BER","11_2","Regular Season","Yannick  Wetzell",20,7,3,9,33.3,0,0,NA,1,2,50,3,0,3,1,0,1,0,0,1,3,5,"A","L",81,36,31,15,20,10,11,18,11,19,30,6,20,6,18,80,81,36,31,15,20,10,11,18,11,19,30,6,20,6,18,80,0.64,7.6,92.1,0,13.2,1,33.3,0.22,2.9,35.4,13.16,4.6,13.6,"2023-2024"
"MAC","BER","11_2","Regular Season","Jonas  Mattisseck",14,3,0,1,0,1,5,20,0,0,NA,0,1,1,1,0,1,0,0,4,0,-5,"A","L",81,36,31,15,20,10,11,18,11,19,30,6,20,6,18,80,81,36,31,15,20,10,11,18,11,19,30,6,20,6,18,80,0.5,6.7,44.8,-0.05,14.9,1,25,0,-2.4,25,14.93,4.3,0,"2023-2024"
"MAC","BER","11_2","Regular Season","Kresimir  Nikic",9,3,1,2,50,0,0,NA,1,1,100,1,0,1,3,0,0,0,0,3,1,4,"A","L",81,36,31,15,20,10,11,18,11,19,30,6,20,6,18,80,81,36,31,15,20,10,11,18,11,19,30,6,20,6,18,80,1,1.4,214.3,0.02,214.3,Inf,50,0.5,3.6,61.5,0,2.3,4.5,"2023-2024"
"MAC","BER","11_2","Regular Season","Elias  Rapieque",14,0,0,0,NA,0,1,0,0,0,NA,0,0,0,2,0,3,0,0,1,1,-2,"A","L",81,36,31,15,20,10,11,18,11,19,30,6,20,6,18,80,81,36,31,15,20,10,11,18,11,19,30,6,20,6,18,80,0,3.8,0,-0.03,52.6,0.7,0,0,-2.7,0,78.95,2.4,0,"2023-2024"
"MAC","BER","11_2","Regular Season","Justin  Bean",23,11,1,1,100,3,5,60,0,0,NA,2,1,3,0,1,1,2,0,1,0,13,"A","L",81,36,31,15,20,10,11,18,11,19,30,6,20,6,18,80,81,36,31,15,20,10,11,18,11,19,30,6,20,6,18,80,1.83,4.8,229.2,0.1,0,0,91.7,0,11.1,91.7,20.83,2.6,9.1,"2023-2024"
"ASM","OLY","11_3","Regular Season","Thomas  Walkup",34,16,4,8,50,2,5,40,2,4,50,0,4,4,2,1,4,0,0,3,2,9,"A","L",77,30,24,18,16,11,12,18,5,17,22,4,12,0,23,69,77,30,24,18,16,11,12,18,5,17,22,4,12,0,23,69,0.94,18,88.9,0.07,11.1,0.5,53.8,0.31,6.9,54.2,22.22,6,0,"2023-2024"
"ASM","OLY","11_3","Regular Season","Isaiah  Canaan",31,20,0,3,0,5,8,62.5,5,6,83.3,0,0,0,4,0,1,0,1,3,5,17,"A","L",77,30,24,18,16,11,12,18,5,17,22,4,12,0,23,69,77,30,24,18,16,11,12,18,5,17,22,4,12,0,23,69,1.18,14.1,141.8,0.13,28.4,4,68.2,0.55,14.5,73.3,7.09,5.1,0,"2023-2024"
"ASM","OLY","11_3","Regular Season","Moustapha  Fall",22,8,4,5,80,0,0,NA,0,1,0,1,4,5,1,0,1,0,0,1,2,12,"A","L",77,30,24,18,16,11,12,18,5,17,22,4,12,0,23,69,77,30,24,18,16,11,12,18,5,17,22,4,12,0,23,69,1.33,5.2,153.8,0.09,19.2,1,80,0.2,6.9,73.5,19.23,3.2,10,"2023-2024"
"ASM","OLY","11_3","Regular Season","Kostas  Papanikolaou",24,0,0,0,NA,0,2,0,0,0,NA,0,1,1,3,0,3,0,0,4,1,-4,"A","L",77,30,24,18,16,11,12,18,5,17,22,4,12,0,23,69,77,30,24,18,16,11,12,18,5,17,22,4,12,0,23,69,0,4.8,0,-0.05,62.5,1,0,0,-3.6,0,62.5,2.3,0,"2023-2024"
"ASM","OLY","11_3","Regular Season","Alec  Peters",31,15,1,4,25,4,5,80,1,1,100,0,1,1,2,1,0,0,0,2,1,14,"A","L",77,30,24,18,16,11,12,18,5,17,22,4,12,0,23,69,77,30,24,18,16,11,12,18,5,17,22,4,12,0,23,69,1.5,9.1,164.8,0.13,22,Inf,77.8,0.11,12.6,79.4,0,3.3,0,"2023-2024"
"ASM","OLY","11_3","Regular Season","Michalis  Lountzis",6,1,0,0,NA,0,2,0,1,2,50,0,0,0,1,1,1,0,0,1,1,-1,"A","L",77,30,24,18,16,11,12,18,5,17,22,4,12,0,23,69,77,30,24,18,16,11,12,18,5,17,22,4,12,0,23,69,0.25,3.7,27,-0.02,27,1,0,1,-0.5,17.4,27.03,7,0,"2023-2024"
"ASM","OLY","11_3","Regular Season","Giannoulis  Larentzakis",6,1,0,0,NA,0,1,0,1,2,50,0,1,1,0,0,1,0,0,1,1,-1,"A","L",77,30,24,18,16,11,12,18,5,17,22,4,12,0,23,69,77,30,24,18,16,11,12,18,5,17,22,4,12,0,23,69,0.33,2.8,35.7,-0.02,0,0,0,2,-1.2,26.6,35.71,5.2,0,"2023-2024"
"ASM","OLY","11_3","Regular Season","Ignas  Brazdeikis",15,4,2,3,66.7,0,0,NA,0,0,NA,0,1,1,2,0,0,0,0,3,1,4,"A","L",77,30,24,18,16,11,12,18,5,17,22,4,12,0,23,69,77,30,24,18,16,11,12,18,5,17,22,4,12,0,23,69,1.33,2.9,137.9,0.03,69,Inf,66.7,0,3.2,66.7,0,2.2,0,"2023-2024"
"ASM","OLY","11_3","Regular Season","Nikola  Milutinov",18,7,3,4,75,0,0,NA,1,1,100,3,2,5,2,0,1,0,0,4,3,11,"A","L",77,30,24,18,16,11,12,18,5,17,22,4,12,0,23,69,77,30,24,18,16,11,12,18,5,17,22,4,12,0,23,69,1.4,2.3,304.3,0.06,87,2,75,0.25,6.9,78.8,43.48,3.3,30,"2023-2024"
"ASM","OLY","11_3","Regular Season","Luke  Sikma",9,2,1,2,50,0,0,NA,0,0,NA,1,1,2,1,1,0,0,1,1,0,3,"A","L",77,30,24,18,16,11,12,18,5,17,22,4,12,0,23,69,77,30,24,18,16,11,12,18,5,17,22,4,12,0,23,69,1,1,200,0.03,100,Inf,50,0,3.3,50,0,2.4,10,"2023-2024"
"ASM","OLY","11_3","Regular Season","Shaquielle  McKissic",4,3,1,1,100,0,1,0,1,1,100,0,2,2,0,0,0,0,0,0,1,5,"A","L",77,30,24,18,16,11,12,18,5,17,22,4,12,0,23,69,77,30,24,18,16,11,12,18,5,17,22,4,12,0,23,69,1,2.3,130.4,0.04,0,NA,50,0.5,2.6,61.5,0,6.6,0,"2023-2024"
"OLY","ASM","11_3","Regular Season","John  Brown III",26,7,2,4,50,0,1,0,3,3,100,0,4,4,2,2,1,0,0,3,3,11,"H","W",85,35,24,27,20,8,21,15,10,23,33,7,7,2,19,102,85,35,24,27,20,8,21,15,10,23,33,7,7,2,19,102,0.88,7,100,0.05,28.6,2,40,0.6,6.7,55.4,14.29,2.9,0,"2023-2024"
"OLY","ASM","11_3","Regular Season","Alpha  Diallo",28,5,0,2,0,1,4,25,2,4,50,2,3,5,2,2,2,0,0,2,2,5,"H","W",85,35,24,27,20,8,21,15,10,23,33,7,7,2,19,102,85,35,24,27,20,8,21,15,10,23,33,7,7,2,19,102,0.5,7.4,67.6,0.01,27,1,25,0.67,3.3,32.2,27.03,3.6,10,"2023-2024"
"OLY","ASM","11_3","Regular Season","Mouhammadou  Jaiteh",4,0,0,0,NA,0,0,NA,0,0,NA,0,1,1,0,0,0,0,0,1,0,0,"H","W",85,35,24,27,20,8,21,15,10,23,33,7,7,2,19,102,85,35,24,27,20,8,21,15,10,23,33,7,7,2,19,102,NA,0,NA,0,NA,NA,NA,NA,-0.1,NA,NA,0,0,"2023-2024"
"OLY","ASM","11_3","Regular Season","Yakuba  Ouattara",15,8,2,2,100,0,1,0,4,4,100,0,0,0,0,0,1,0,0,1,2,7,"H","W",85,35,24,27,20,8,21,15,10,23,33,7,7,2,19,102,85,35,24,27,20,8,21,15,10,23,33,7,7,2,19,102,1.14,5.5,145.5,0.03,0,0,66.7,1.33,5.3,84,18.18,3.9,0,"2023-2024"
"OLY","ASM","11_3","Regular Season","Mike  James",30,24,5,8,62.5,2,6,33.3,8,10,80,0,1,1,6,2,1,0,0,0,5,28,"H","W",85,35,24,27,20,8,21,15,10,23,33,7,7,2,19,102,85,35,24,27,20,8,21,15,10,23,33,7,7,2,19,102,1,18.6,129,0.16,32.3,6,57.1,0.71,21.7,65.2,5.38,6.6,0,"2023-2024"
"OLY","ASM","11_3","Regular Season","Elie  Okobo",24,11,2,6,33.3,2,4,50,1,2,50,1,4,5,3,0,1,0,0,2,2,11,"H","W",85,35,24,27,20,8,21,15,10,23,33,7,7,2,19,102,85,35,24,27,20,8,21,15,10,23,33,7,7,2,19,102,0.92,10.4,105.8,0.06,28.8,3,50,0.2,7.4,50.6,9.62,5.1,5,"2023-2024"
"OLY","ASM","11_3","Regular Season","Jaron  Blossomgame",15,7,3,3,100,0,2,0,1,1,100,2,3,5,0,0,0,0,0,3,1,8,"H","W",85,35,24,27,20,8,21,15,10,23,33,7,7,2,19,102,85,35,24,27,20,8,21,15,10,23,33,7,7,2,19,102,1.17,3.3,212.1,0.04,0,NA,60,0.2,5.8,64.3,0,3.7,10,"2023-2024"
"OLY","ASM","11_3","Regular Season","Petr  Cornelie",12,3,0,1,0,1,3,33.3,0,0,NA,2,1,3,1,0,0,1,0,1,1,5,"H","W",85,35,24,27,20,8,21,15,10,23,33,7,7,2,19,102,85,35,24,27,20,8,21,15,10,23,33,7,7,2,19,102,0.75,1.9,157.9,0.02,52.6,Inf,37.5,0,3.3,37.5,0,3.4,10,"2023-2024"
"OLY","ASM","11_3","Regular Season","Kemba  Walker",12,4,0,2,0,1,2,50,1,2,50,1,0,1,0,0,0,0,0,1,2,2,"H","W",85,35,24,27,20,8,21,15,10,23,33,7,7,2,19,102,85,35,24,27,20,8,21,15,10,23,33,7,7,2,19,102,0.67,3.7,108.1,0,0,NA,37.5,0.5,1.5,41,0,4.2,5,"2023-2024"
"OLY","ASM","11_3","Regular Season","Donatas  Motiejunas",17,8,2,2,100,1,1,100,1,1,100,0,2,2,0,1,1,0,0,3,4,11,"H","W",85,35,24,27,20,8,21,15,10,23,33,7,7,2,19,102,85,35,24,27,20,8,21,15,10,23,33,7,7,2,19,102,2,4.3,186,0.05,0,0,116.7,0.33,6.5,116.3,23.26,2.7,0,"2023-2024"
"OLY","ASM","11_3","Regular Season","Donta  Hall",16,8,4,5,80,0,0,NA,0,0,NA,2,4,6,1,0,0,1,0,2,1,14,"H","W",85,35,24,27,20,8,21,15,10,23,33,7,7,2,19,102,85,35,24,27,20,8,21,15,10,23,33,7,7,2,19,102,1.6,2.9,275.9,0.08,34.5,Inf,80,0,9.3,80,0,3.2,10,"2023-2024"
"PAN","PAR","11_4","Regular Season","Zach  LeDay",39,23,8,12,66.7,1,2,50,4,6,66.7,2,3,5,2,1,0,0,1,4,5,24,"H","W",92,48,21,18,30,6,14,15,9,27,36,9,14,2,23,92,92,48,21,18,30,6,14,15,9,27,36,9,14,2,23,92,1.15,14.1,163.1,0.13,14.2,Inf,67.9,0.43,19.1,69.1,0,3.8,11.1,"2023-2024"
"PAN","PAR","11_4","Regular Season","Alen  Smailagic",21,7,3,7,42.9,0,2,0,1,2,50,3,1,4,2,2,0,0,1,1,1,7,"H","W",92,48,21,18,30,6,14,15,9,27,36,9,14,2,23,92,92,48,21,18,30,6,14,15,9,27,36,9,14,2,23,92,0.64,6.6,106.1,0.04,30.3,Inf,33.3,0.22,6.9,35.4,0,4.1,16.7,"2023-2024"
"PAN","PAR","11_4","Regular Season","P.J.  Dozier",31,16,5,7,71.4,2,5,40,0,0,NA,0,7,7,4,3,4,0,0,2,2,21,"H","W",92,48,21,18,30,6,14,15,9,27,36,9,14,2,23,92,92,48,21,18,30,6,14,15,9,27,36,9,14,2,23,92,1.33,15.4,103.9,0.13,26,1,66.7,0,13.5,66.7,25.97,4.5,0,"2023-2024"
"PAN","PAR","11_4","Regular Season","Mateusz  Ponitka",7,0,0,0,NA,0,0,NA,0,0,NA,0,0,0,0,0,2,0,0,1,0,-3,"H","W",92,48,21,18,30,6,14,15,9,27,36,9,14,2,23,92,92,48,21,18,30,6,14,15,9,27,36,9,14,2,23,92,NA,1.9,0,-0.02,0,0,NA,NA,-2.4,NA,105.26,2.5,0,"2023-2024"
"PAN","PAR","11_4","Regular Season","Frank  Kaminsky",11,5,0,1,0,1,1,100,2,2,100,1,2,3,1,0,1,0,0,4,2,5,"H","W",92,48,21,18,30,6,14,15,9,27,36,9,14,2,23,92,92,48,21,18,30,6,14,15,9,27,36,9,14,2,23,92,1.25,2.8,178.6,0.02,35.7,1,75,1,3.4,86.8,35.71,3.1,5.6,"2023-2024"
"PAN","PAR","11_4","Regular Season","Tristan  Vukcevic",5,2,0,0,NA,0,2,0,2,2,100,0,2,2,1,1,0,0,0,1,1,4,"H","W",92,48,21,18,30,6,14,15,9,27,36,9,14,2,23,92,92,48,21,18,30,6,14,15,9,27,36,9,14,2,23,92,0.5,2.8,71.4,0.02,35.7,Inf,0,1,2.5,34.7,0,5.1,0,"2023-2024"
"PAN","PAR","11_4","Regular Season","Aleksa  Avramovic",10,5,1,1,100,1,2,50,0,0,NA,0,0,0,1,0,2,0,0,2,0,1,"H","W",92,48,21,18,30,6,14,15,9,27,36,9,14,2,23,92,92,48,21,18,30,6,14,15,9,27,36,9,14,2,23,92,1.67,4.8,104.2,0.01,20.8,0.5,83.3,0,1.6,83.3,41.67,4.4,0,"2023-2024"
"PAN","PAR","11_4","Regular Season","Kevin  Punter",26,13,4,7,57.1,1,5,20,2,2,100,0,2,2,3,0,2,0,1,2,2,8,"H","W",92,48,21,18,30,6,14,15,9,27,36,9,14,2,23,92,92,48,21,18,30,6,14,15,9,27,36,9,14,2,23,92,0.93,14.3,90.9,0.05,21,1.5,45.8,0.17,6.5,50.5,13.99,5,0,"2023-2024"
"PAN","PAR","11_4","Regular Season","Ognjen  Jaramaz",4,0,0,0,NA,0,0,NA,0,0,NA,0,0,0,0,0,1,0,0,1,0,-2,"H","W",92,48,21,18,30,6,14,15,9,27,36,9,14,2,23,92,92,48,21,18,30,6,14,15,9,27,36,9,14,2,23,92,NA,1,0,-0.01,0,0,NA,NA,-1.4,NA,100,2.2,0,"2023-2024"
"PAN","PAR","11_4","Regular Season","James  Nunnally",26,7,3,4,75,0,1,0,1,1,100,0,0,0,1,0,1,0,0,1,0,4,"H","W",92,48,21,18,30,6,14,15,9,27,36,9,14,2,23,92,92,48,21,18,30,6,14,15,9,27,36,9,14,2,23,92,1.17,6.2,112.9,0.03,16.1,1,60,0.2,4,64.3,16.13,2.2,0,"2023-2024"
"PAN","PAR","11_4","Regular Season","Danilo  Andjusic",25,2,1,3,33.3,0,1,0,0,0,NA,1,7,8,0,0,0,0,1,2,2,6,"H","W",92,48,21,18,30,6,14,15,9,27,36,9,14,2,23,92,92,48,21,18,30,6,14,15,9,27,36,9,14,2,23,92,0.5,2.9,69,0.03,0,NA,25,0,1.6,25,0,1.4,5.6,"2023-2024"
"PAN","PAR","11_4","Regular Season","Bruno  Caboclo",20,12,5,6,83.3,0,0,NA,2,3,66.7,2,3,5,0,2,1,2,1,2,2,17,"H","W",92,48,21,18,30,6,14,15,9,27,36,9,14,2,23,92,92,48,21,18,30,6,14,15,9,27,36,9,14,2,23,92,1.33,6.1,196.7,0.09,0,0,83.3,0.5,13.3,82,16.39,3.7,11.1,"2023-2024"
"PAR","PAN","11_4","Regular Season","Kostas  Sloukas",22,6,2,5,40,0,4,0,2,3,66.7,2,1,3,5,1,2,0,0,0,2,7,"A","L",87,49,20,26,26,5,20,20,9,22,31,11,12,5,18,100,87,49,20,26,26,5,20,20,9,22,31,11,12,5,18,100,0.5,9.9,60.6,0.03,50.5,2.5,22.2,0.33,4.3,29.1,20.2,4.8,11.1,"2023-2024"
"PAR","PAN","11_4","Regular Season","Jerian  Grant",40,14,3,4,75,1,3,33.3,5,5,100,0,3,3,5,3,3,0,0,5,2,16,"A","L",87,49,20,26,26,5,20,20,9,22,31,11,12,5,18,100,87,49,20,26,26,5,20,20,9,22,31,11,12,5,18,100,1.17,11.7,119.7,0.1,42.7,1.7,64.3,0.71,13.1,76.1,25.64,2.6,0,"2023-2024"
"PAR","PAN","11_4","Regular Season","Mathias  Lessort",33,16,7,11,63.6,0,0,NA,2,3,66.7,2,4,6,1,0,3,3,0,4,3,17,"A","L",87,49,20,26,26,5,20,20,9,22,31,11,12,5,18,100,87,49,20,26,26,5,20,20,9,22,31,11,12,5,18,100,1.14,12.8,125,0.08,7.8,0.3,63.6,0.27,11.5,64.9,23.44,4,11.1,"2023-2024"
"PAR","PAN","11_4","Regular Season","Marius  Grigonis",39,12,2,2,100,2,5,40,2,2,100,0,2,2,4,0,2,0,0,2,2,13,"A","L",87,49,20,26,26,5,20,20,9,22,31,11,12,5,18,100,87,49,20,26,26,5,20,20,9,22,31,11,12,5,18,100,1.33,9.5,126.3,0.08,42.1,2,71.4,0.29,9.3,76.1,21.05,2.2,0,"2023-2024"
"PAR","PAN","11_4","Regular Season","Konstantinos  Mitoglou",41,13,5,12,41.7,0,1,0,3,7,42.9,2,5,7,1,4,1,2,1,2,6,17,"A","L",87,49,20,26,26,5,20,20,9,22,31,11,12,5,18,100,87,49,20,26,26,5,20,20,9,22,31,11,12,5,18,100,0.65,14.5,89.7,0.07,6.9,1,38.5,0.54,11.5,40.4,6.9,3.6,11.1,"2023-2024"
"PAR","PAN","11_4","Regular Season","Luca  Vildoza",10,0,0,0,NA,0,2,0,0,0,NA,0,2,2,1,0,0,0,0,0,0,1,"A","L",87,49,20,26,26,5,20,20,9,22,31,11,12,5,18,100,87,49,20,26,26,5,20,20,9,22,31,11,12,5,18,100,0,1.9,0,0.01,52.6,Inf,0,0,-0.1,0,0,1.7,0,"2023-2024"
"PAR","PAN","11_4","Regular Season","Aleksander  Balcerowski",12,7,2,4,50,0,0,NA,3,3,100,2,1,3,0,1,0,0,0,2,4,11,"A","L",87,49,20,26,26,5,20,20,9,22,31,11,12,5,18,100,87,49,20,26,26,5,20,20,9,22,31,11,12,5,18,100,1,3.2,218.8,0.04,0,NA,50,0.75,6.9,65.8,0,3.8,11.1,"2023-2024"
"PAR","PAN","11_4","Regular Season","Kendrick  Nunn",26,19,5,11,45.5,2,5,40,3,3,100,1,4,5,3,2,1,0,1,3,3,18,"A","L",87,49,20,26,26,5,20,20,9,22,31,11,12,5,18,100,87,49,20,26,26,5,20,20,9,22,31,11,12,5,18,100,1,16.6,114.5,0.11,18.1,3,50,0.19,14.4,54.8,6.02,6.1,5.6,"2023-2024"
"PAR","PAN","11_4","Regular Season","Eleftherios  Mantzoukas",1,0,0,0,NA,0,0,NA,0,0,NA,0,0,0,0,0,0,0,0,0,0,0,"A","L",87,49,20,26,26,5,20,20,9,22,31,11,12,5,18,100,87,49,20,26,26,5,20,20,9,22,31,11,12,5,18,100,NA,0,NA,0,NA,NA,NA,NA,0,NA,NA,0,0,"2023-2024"
"FEN","RMB","11_5","Regular Season","Facundo  Campazzo",37,33,11,11,100,2,10,20,5,5,100,0,2,2,7,2,5,0,0,3,4,32,"A","L",99,49,23,24,32,5,20,15,10,27,37,4,14,1,22,103,99,49,23,24,32,5,20,15,10,27,37,4,14,1,22,103,1.27,27.1,121.8,0.19,25.8,1.4,66.7,0.24,24.8,71.1,18.45,6.3,0,"2023-2024"
"FEN","RMB","11_5","Regular Season","Gabriel  Deck",38,14,5,9,55.6,0,1,0,4,5,80,1,7,8,2,1,0,0,1,3,4,19,"A","L",99,49,23,24,32,5,20,15,10,27,37,4,14,1,22,103,99,49,23,24,32,5,20,15,10,27,37,4,14,1,22,103,0.93,10.8,129.6,0.1,18.5,Inf,50,0.5,12.6,57.4,0,2.7,5,"2023-2024"
"FEN","RMB","11_5","Regular Season","Walter  Tavares",21,7,3,4,75,0,0,NA,1,2,50,3,4,7,1,0,4,0,0,5,2,6,"A","L",99,49,23,24,32,5,20,15,10,27,37,4,14,1,22,103,99,49,23,24,32,5,20,15,10,27,37,4,14,1,22,103,1.17,5.6,125,0.02,17.9,0.2,75,0.5,3,71.7,71.43,3.5,15,"2023-2024"
"FEN","RMB","11_5","Regular Season","Sergio  Llull",31,14,2,5,40,3,7,42.9,1,1,100,0,2,2,2,0,1,0,0,2,2,10,"A","L",99,49,23,24,32,5,20,15,10,27,37,4,14,1,22,103,99,49,23,24,32,5,20,15,10,27,37,4,14,1,22,103,1.08,12.9,108.5,0.05,15.5,2,54.2,0.08,7.8,56.3,7.75,3.6,0,"2023-2024"
"FEN","RMB","11_5","Regular Season","Eli  Ndiaye",8,2,1,1,100,0,0,NA,0,0,NA,1,1,2,0,0,2,0,0,0,0,2,"A","L",99,49,23,24,32,5,20,15,10,27,37,4,14,1,22,103,99,49,23,24,32,5,20,15,10,27,37,4,14,1,22,103,2,1.9,105.3,0.01,0,0,100,0,0.7,100,105.26,3.1,5,"2023-2024"
"FEN","RMB","11_5","Regular Season","Rudy  Fernandez",22,2,0,0,NA,0,1,0,2,2,100,1,2,3,1,0,0,0,0,1,2,6,"A","L",99,49,23,24,32,5,20,15,10,27,37,4,14,1,22,103,99,49,23,24,32,5,20,15,10,27,37,4,14,1,22,103,0.67,0.8,250,0.02,125,Inf,0,2,2.9,53.2,0,0.7,5,"2023-2024"
"FEN","RMB","11_5","Regular Season","Alberto   Abalde",3,0,0,0,NA,0,0,NA,0,0,NA,0,0,0,0,0,0,0,0,0,1,1,"A","L",99,49,23,24,32,5,20,15,10,27,37,4,14,1,22,103,99,49,23,24,32,5,20,15,10,27,37,4,14,1,22,103,NA,0,NA,0,NA,NA,NA,NA,0,NA,NA,0,0,"2023-2024"
"FEN","RMB","11_5","Regular Season","Mario  Hezonja",16,3,1,3,33.3,0,2,0,1,2,50,1,2,3,0,1,0,0,0,2,1,1,"A","L",99,49,23,24,32,5,20,15,10,27,37,4,14,1,22,103,99,49,23,24,32,5,20,15,10,27,37,4,14,1,22,103,0.43,4.7,63.8,0,0,NA,20,0.4,1,25.5,0,3,5,"2023-2024"
"FEN","RMB","11_5","Regular Season","Sergio  Rodriguez",7,2,0,1,0,0,1,0,2,2,100,0,1,1,2,0,2,0,0,1,2,2,"A","L",99,49,23,24,32,5,20,15,10,27,37,4,14,1,22,103,99,49,23,24,32,5,20,15,10,27,37,4,14,1,22,103,0.5,4.7,42.6,0,42.6,1,0,1,-0.1,34.7,42.55,5.8,0,"2023-2024"
"FEN","RMB","11_5","Regular Season","Vincent  Poirier",24,11,4,7,57.1,0,0,NA,3,4,75,3,5,8,0,0,0,1,0,1,4,19,"A","L",99,49,23,24,32,5,20,15,10,27,37,4,14,1,22,103,99,49,23,24,32,5,20,15,10,27,37,4,14,1,22,103,1,5.5,200,0.09,0,NA,57.1,0.57,11.2,62.8,0,3,15,"2023-2024"
"FEN","RMB","11_5","Regular Season","Dzanan  Musa",17,11,5,8,62.5,0,1,0,1,1,100,0,1,1,0,0,0,0,0,4,1,5,"A","L",99,49,23,24,32,5,20,15,10,27,37,4,14,1,22,103,99,49,23,24,32,5,20,15,10,27,37,4,14,1,22,103,1.1,9.1,120.9,0.03,0,NA,55.6,0.11,5.4,58.3,0,4.6,0,"2023-2024"
"RMB","FEN","11_5","Regular Season","Georgios  Papagiannis",11,0,0,0,NA,0,3,0,0,0,NA,0,0,0,0,1,0,0,0,0,0,-2,"H","W",100,44,32,27,21,12,22,14,13,20,33,8,11,1,23,95,100,44,32,27,21,12,22,14,13,20,33,8,11,1,23,95,0,2.9,0,-0.01,0,NA,0,0,-1.1,0,0,2.2,0,"2023-2024"
"RMB","FEN","11_5","Regular Season","Nigel  Hayes-Davis",37,16,6,7,85.7,1,4,25,1,1,100,2,5,7,1,0,0,1,0,3,3,21,"H","W",100,44,32,27,21,12,22,14,13,20,33,8,11,1,23,95,100,44,32,27,21,12,22,14,13,20,33,8,11,1,23,95,1.33,9.1,175.8,0.12,11,Inf,68.2,0.09,14.2,69.9,0,2.5,7.7,"2023-2024"
"RMB","FEN","11_5","Regular Season","Dyshawn  Pierre",15,0,0,2,0,0,1,0,0,0,NA,2,0,2,0,0,0,0,0,3,0,-4,"H","W",100,44,32,27,21,12,22,14,13,20,33,8,11,1,23,95,100,44,32,27,21,12,22,14,13,20,33,8,11,1,23,95,0,1,0,-0.04,0,NA,0,0,-1.9,0,0,1.6,7.7,"2023-2024"
"RMB","FEN","11_5","Regular Season","Marko  Guduric",33,21,2,4,50,4,10,40,5,6,83.3,0,7,7,5,3,1,0,0,3,6,29,"H","W",100,44,32,27,21,12,22,14,13,20,33,8,11,1,23,95,100,44,32,27,21,12,22,14,13,20,33,8,11,1,23,95,1.05,16.9,124.3,0.17,29.6,5,57.1,0.43,19.6,63.1,5.92,4.3,0,"2023-2024"
"RMB","FEN","11_5","Regular Season","Nick  Calathes",21,13,3,6,50,2,4,50,1,2,50,1,0,1,1,0,3,0,0,3,1,4,"H","W",100,44,32,27,21,12,22,14,13,20,33,8,11,1,23,95,100,44,32,27,21,12,22,14,13,20,33,8,11,1,23,95,1.08,12.4,104.8,0.02,8.1,0.3,60,0.2,4.8,59.7,24.19,5.3,3.8,"2023-2024"
"RMB","FEN","11_5","Regular Season","Johnathan  Motley",29,9,1,4,25,0,0,NA,7,10,70,4,2,6,3,0,3,0,0,4,5,10,"H","W",100,44,32,27,21,12,22,14,13,20,33,8,11,1,23,95,100,44,32,27,21,12,22,14,13,20,33,8,11,1,23,95,0.64,7.1,126.8,0.02,42.3,1,25,2.5,6.3,53.6,42.25,3.2,15.4,"2023-2024"
"RMB","FEN","11_5","Regular Season","Scottie  Wilbekin",24,19,5,8,62.5,2,3,66.7,3,3,100,2,3,5,0,2,0,0,0,4,4,22,"H","W",100,44,32,27,21,12,22,14,13,20,33,8,11,1,23,95,100,44,32,27,21,12,22,14,13,20,33,8,11,1,23,95,1.36,9.9,191.9,0.13,0,NA,72.7,0.27,16.8,77.1,0,4.2,7.7,"2023-2024"
"RMB","FEN","11_5","Regular Season","Sertac  Sanli",14,3,1,6,16.7,0,3,0,1,1,100,1,2,3,2,0,1,0,0,0,1,0,"H","W",100,44,32,27,21,12,22,14,13,20,33,8,11,1,23,95,100,44,32,27,21,12,22,14,13,20,33,8,11,1,23,95,0.3,9.1,33,-0.01,22,2,11.1,0.11,-1.2,15.9,10.99,6,3.8,"2023-2024"
"RMB","FEN","11_5","Regular Season","Tyler  Dorsey",18,2,0,1,0,0,0,NA,2,2,100,1,0,1,0,0,3,0,0,1,1,-1,"H","W",100,44,32,27,21,12,22,14,13,20,33,8,11,1,23,95,100,44,32,27,21,12,22,14,13,20,33,8,11,1,23,95,0.67,3.7,54.1,-0.02,0,0,0,2,-1.4,53.2,81.08,2.2,3.8,"2023-2024"
"RMB","FEN","11_5","Regular Season","Yam  Madar",22,17,3,6,50,3,4,75,2,2,100,0,1,1,2,2,0,0,1,2,1,16,"H","W",100,44,32,27,21,12,22,14,13,20,33,8,11,1,23,95,100,44,32,27,21,12,22,14,13,20,33,8,11,1,23,95,1.42,10.4,163.5,0.12,19.2,Inf,75,0.2,15.3,78.1,0,4,0,"2023-2024"
"MIL","ZAL","11_7","Regular Season","Keenan  Evans",30,19,3,6,50,4,6,66.7,1,1,100,0,1,1,4,1,4,0,1,3,5,17,"A","W",83,37,21,9,22,11,6,16,8,16,24,6,12,1,22,82,83,37,21,9,22,11,6,16,8,16,24,6,12,1,22,82,1.46,15.8,120.3,0.1,25.3,1,75,0.08,12.3,76.4,25.32,5.9,0,"2023-2024"
"MIL","ZAL","11_7","Regular Season","Kevarrius  Hayes",34,9,3,7,42.9,1,1,100,0,0,NA,1,3,4,0,0,1,1,2,1,1,7,"A","W",83,37,21,9,22,11,6,16,8,16,24,6,12,1,22,82,83,37,21,9,22,11,6,16,8,16,24,6,12,1,22,82,1.12,7.7,116.9,0.06,0,0,56.2,0,5.9,56.2,12.99,2.9,6.2,"2023-2024"
"MIL","ZAL","11_7","Regular Season","Rolands  Smits",22,16,2,6,33.3,4,5,80,0,0,NA,0,2,2,0,2,1,0,2,4,1,9,"A","W",83,37,21,9,22,11,6,16,8,16,24,6,12,1,22,82,83,37,21,9,22,11,6,16,8,16,24,6,12,1,22,82,1.45,11.5,139.1,0.08,0,0,72.7,0,10.7,72.7,8.7,5.9,0,"2023-2024"
"MIL","ZAL","11_7","Regular Season","Arnas  Butkevicius",17,4,2,2,100,0,1,0,0,0,NA,0,3,3,2,0,1,0,0,1,1,7,"A","W",83,37,21,9,22,11,6,16,8,16,24,6,12,1,22,82,83,37,21,9,22,11,6,16,8,16,24,6,12,1,22,82,1.33,3.8,105.3,0.05,52.6,2,66.7,0,3.6,66.7,26.32,2.5,0,"2023-2024"
"MIL","ZAL","11_7","Regular Season","Edgaras  Ulanovas",35,20,6,6,100,1,4,25,5,5,100,4,2,6,5,1,0,0,0,2,5,32,"A","W",83,37,21,9,22,11,6,16,8,16,24,6,12,1,22,82,83,37,21,9,22,11,6,16,8,16,24,6,12,1,22,82,1.33,7.9,253.2,0.2,63.3,Inf,75,0.5,22.9,82,0,3.8,25,"2023-2024"
"MIL","ZAL","11_7","Regular Season","Lukas  Lekavicius",8,0,0,1,0,0,1,0,0,0,NA,0,1,1,3,0,0,0,0,2,0,0,"A","W",83,37,21,9,22,11,6,16,8,16,24,6,12,1,22,82,83,37,21,9,22,11,6,16,8,16,24,6,12,1,22,82,0,1.9,0,0,157.9,Inf,0,0,0.2,0,0,2.7,0,"2023-2024"
"MIL","ZAL","11_7","Regular Season","Dovydas  Giedraitis",21,0,0,2,0,0,0,NA,0,0,NA,0,2,2,0,1,1,0,0,3,1,-2,"A","W",83,37,21,9,22,11,6,16,8,16,24,6,12,1,22,82,83,37,21,9,22,11,6,16,8,16,24,6,12,1,22,82,0,2.9,0,-0.02,0,0,0,0,-2,0,34.48,1.5,0,"2023-2024"
"MIL","ZAL","11_7","Regular Season","Laurynas  Birutis",7,8,4,4,100,0,0,NA,0,3,0,1,0,1,0,0,1,0,0,1,4,8,"A","W",83,37,21,9,22,11,6,16,8,16,24,6,12,1,22,82,83,37,21,9,22,11,6,16,8,16,24,6,12,1,22,82,1.14,5.1,156.9,0.03,0,0,100,0.75,4.9,75.2,19.61,9.8,6.2,"2023-2024"
"MIL","ZAL","11_7","Regular Season","Tomas  Dimsa",11,5,1,2,50,1,2,50,0,0,NA,1,0,1,2,1,2,0,0,2,0,3,"A","W",83,37,21,9,22,11,6,16,8,16,24,6,12,1,22,82,83,37,21,9,22,11,6,16,8,16,24,6,12,1,22,82,1.25,4.8,104.2,0.02,41.7,1,62.5,0,3.3,62.5,41.67,5.9,6.2,"2023-2024"
"MIL","ZAL","11_7","Regular Season","Danielius  Lavrinovicius",14,2,1,1,100,0,1,0,0,0,NA,1,2,3,0,0,1,0,0,3,1,1,"A","W",83,37,21,9,22,11,6,16,8,16,24,6,12,1,22,82,83,37,21,9,22,11,6,16,8,16,24,6,12,1,22,82,1,1.9,105.3,0,0,0,50,0,0.1,50,52.63,2.3,6.2,"2023-2024"
"ZAL","MIL","11_7","Regular Season","Maodo  Lo",28,3,0,1,0,0,3,0,3,4,75,0,1,1,4,1,2,0,0,2,3,3,"H","L",70,27,26,19,16,8,14,12,9,15,24,7,11,5,19,75,70,27,26,19,16,8,14,12,9,15,24,7,11,5,19,75,0.38,7.4,40.5,0,54.1,2,0,1,1.1,26,27.03,3.1,0,"2023-2024"
"ZAL","MIL","11_7","Regular Season","Nicolo  Melli",28,4,2,3,66.7,0,1,0,0,2,0,2,3,5,3,1,0,2,0,3,3,11,"H","L",70,27,26,19,16,8,14,12,9,15,24,7,11,5,19,75,70,27,26,19,16,8,14,12,9,15,24,7,11,5,19,75,0.67,2.8,142.9,0.06,107.1,Inf,50,0.5,6.8,41,0,1.9,11.1,"2023-2024"
"ZAL","MIL","11_7","Regular Season","Shavon  Shields",32,21,5,8,62.5,3,7,42.9,2,2,100,1,2,3,0,1,0,0,0,2,5,21,"H","L",70,27,26,19,16,8,14,12,9,15,24,7,11,5,19,75,70,27,26,19,16,8,14,12,9,15,24,7,11,5,19,75,1.24,14.3,146.9,0.16,0,NA,63.3,0.13,15.2,66.1,0,5.5,5.6,"2023-2024"
"ZAL","MIL","11_7","Regular Season","Nikola  Mirotic",29,14,1,2,50,2,7,28.6,6,6,100,1,1,2,0,0,3,0,0,2,3,8,"H","L",70,27,26,19,16,8,14,12,9,15,24,7,11,5,19,75,70,27,26,19,16,8,14,12,9,15,24,7,11,5,19,75,0.93,13.1,106.9,0.05,0,0,44.4,0.67,6.1,60.1,22.9,5.6,5.6,"2023-2024"
"ZAL","MIL","11_7","Regular Season","Johannes  Voigtmann",19,4,2,3,66.7,0,1,0,0,0,NA,1,4,5,2,1,2,1,0,4,0,5,"H","L",70,27,26,19,16,8,14,12,9,15,24,7,11,5,19,75,70,27,26,19,16,8,14,12,9,15,24,7,11,5,19,75,1,4.8,83.3,0.04,41.7,1,50,0,3.4,50,41.67,3.5,5.6,"2023-2024"
"ZAL","MIL","11_7","Regular Season","Alex  Poythress",8,4,2,3,66.7,0,0,NA,0,0,NA,0,0,0,0,0,0,1,0,0,0,4,"H","L",70,27,26,19,16,8,14,12,9,15,24,7,11,5,19,75,70,27,26,19,16,8,14,12,9,15,24,7,11,5,19,75,1.33,2.9,137.9,0.04,0,NA,66.7,0,3.4,66.7,0,4.1,0,"2023-2024"
"ZAL","MIL","11_7","Regular Season","Giordano  Bortolani",4,0,0,1,0,0,0,NA,0,0,NA,0,1,1,0,0,1,0,0,0,0,-1,"H","L",70,27,26,19,16,8,14,12,9,15,24,7,11,5,19,75,70,27,26,19,16,8,14,12,9,15,24,7,11,5,19,75,0,1.9,0,-0.01,0,0,0,0,-1.4,0,52.63,5.5,0,"2023-2024"
"ZAL","MIL","11_7","Regular Season","Stefano  Tonut",16,5,1,1,100,1,2,50,0,0,NA,0,1,1,3,0,0,1,0,2,0,7,"H","L",70,27,26,19,16,8,14,12,9,15,24,7,11,5,19,75,70,27,26,19,16,8,14,12,9,15,24,7,11,5,19,75,1.67,2.9,172.4,0.07,103.4,Inf,83.3,0,6,83.3,0,2.1,0,"2023-2024"
"ZAL","MIL","11_7","Regular Season","Giampaolo  Ricci",4,0,0,0,NA,0,1,0,0,0,NA,0,0,0,0,0,0,0,0,0,0,-1,"H","L",70,27,26,19,16,8,14,12,9,15,24,7,11,5,19,75,70,27,26,19,16,8,14,12,9,15,24,7,11,5,19,75,0,1,0,-0.01,0,NA,0,0,-0.7,0,0,2.8,0,"2023-2024"
"ZAL","MIL","11_7","Regular Season","Devon  Hall",17,11,1,1,100,2,4,50,3,5,60,1,2,3,0,2,1,0,0,2,6,15,"H","L",70,27,26,19,16,8,14,12,9,15,24,7,11,5,19,75,70,27,26,19,16,8,14,12,9,15,24,7,11,5,19,75,1.1,6.9,159.4,0.09,0,0,80,1,9.4,76.4,14.49,5.3,5.6,"2023-2024"
"ZAL","MIL","11_7","Regular Season","Kyle  Hines",13,4,2,4,50,0,0,NA,0,0,NA,3,0,3,0,1,2,0,1,2,2,3,"H","L",70,27,26,19,16,8,14,12,9,15,24,7,11,5,19,75,70,27,26,19,16,8,14,12,9,15,24,7,11,5,19,75,1,2.9,137.9,0.01,0,0,50,0,2.3,50,68.97,5.1,16.7,"2023-2024"
"CRV","EFE","11_8","Regular Season","Shane  Larkin",34,21,2,4,50,3,9,33.3,8,8,100,0,0,0,5,3,2,0,0,4,4,19,"A","L",83,33,31,16,18,11,14,16,6,19,25,8,14,2,22,77,83,33,31,16,18,11,14,16,6,19,25,8,14,2,22,77,1,17.8,118,0.13,28.1,2.5,50,0.62,16.8,63.6,11.24,5.1,0,"2023-2024"
"CRV","EFE","11_8","Regular Season","Rodrigue  Beaubois",32,13,2,4,50,3,8,37.5,0,0,NA,0,1,1,2,1,1,0,0,3,0,6,"A","L",83,33,31,16,18,11,14,16,6,19,25,8,14,2,22,77,83,33,31,16,18,11,14,16,6,19,25,8,14,2,22,77,1.08,12.5,104,0.05,16,2,54.2,0,7.1,54.2,8,3.8,0,"2023-2024"
"CRV","EFE","11_8","Regular Season","Will  Clyburn",33,17,6,13,46.2,1,3,33.3,2,2,100,1,4,5,3,1,3,0,1,4,6,15,"A","L",83,33,31,16,18,11,14,16,6,19,25,8,14,2,22,77,83,33,31,16,18,11,14,16,6,19,25,8,14,2,22,77,0.94,18.1,93.9,0.08,16.6,1,46.9,0.12,9,50.4,16.57,5.7,8.3,"2023-2024"
"CRV","EFE","11_8","Regular Season","Darius  Thompson",30,9,3,6,50,0,4,0,3,4,75,1,3,4,2,0,2,0,1,2,4,6,"A","L",83,33,31,16,18,11,14,16,6,19,25,8,14,2,22,77,83,33,31,16,18,11,14,16,6,19,25,8,14,2,22,77,0.64,12.2,73.8,0.02,16.4,1,30,0.4,3,38.3,16.39,4.3,8.3,"2023-2024"
"CRV","EFE","11_8","Regular Season","Tyrique  Jones",32,7,3,3,100,0,0,NA,1,2,50,3,7,10,2,2,4,2,0,5,4,17,"A","L",83,33,31,16,18,11,14,16,6,19,25,8,14,2,22,77,83,33,31,16,18,11,14,16,6,19,25,8,14,2,22,77,1.4,4.7,148.9,0.09,42.6,0.5,100,0.67,8.7,90.2,85.11,2.3,25,"2023-2024"
"CRV","EFE","11_8","Regular Season","Justus  Hollatz",0,0,0,0,NA,0,0,NA,0,0,NA,0,0,0,0,0,0,0,0,0,0,0,"A","L",83,33,31,16,18,11,14,16,6,19,25,8,14,2,22,77,83,33,31,16,18,11,14,16,6,19,25,8,14,2,22,77,NA,0,NA,0,NA,NA,NA,NA,0,NA,NA,NA,0,"2023-2024"
"CRV","EFE","11_8","Regular Season","Ercan  Osmani",5,0,0,1,0,0,1,0,0,0,NA,0,0,0,1,0,0,0,1,0,1,-1,"A","L",83,33,31,16,18,11,14,16,6,19,25,8,14,2,22,77,83,33,31,16,18,11,14,16,6,19,25,8,14,2,22,77,0,1.9,0,-0.01,52.6,Inf,0,0,-0.7,0,0,3.8,0,"2023-2024"
"CRV","EFE","11_8","Regular Season","Mike  Daum",15,10,2,2,100,2,2,100,0,0,NA,1,1,2,0,0,1,0,0,2,0,9,"A","L",83,33,31,16,18,11,14,16,6,19,25,8,14,2,22,77,83,33,31,16,18,11,14,16,6,19,25,8,14,2,22,77,2.5,3.8,263.2,0.07,0,0,125,0,8,125,26.32,3.1,8.3,"2023-2024"
"CRV","EFE","11_8","Regular Season","Erkan  Yilmaz",17,6,0,0,NA,2,4,50,0,0,NA,0,3,3,1,1,1,0,0,2,0,6,"A","L",83,33,31,16,18,11,14,16,6,19,25,8,14,2,22,77,83,33,31,16,18,11,14,16,6,19,25,8,14,2,22,77,1.5,4.8,125,0.05,20.8,1,75,0,4.8,75,20.83,2.8,0,"2023-2024"
"EFE","CRV","11_8","Regular Season","Luka  Mitrovic",26,19,9,13,69.2,0,0,NA,1,3,33.3,3,4,7,3,0,3,0,0,3,3,20,"H","W",97,41,28,20,26,10,15,21,10,27,37,8,14,3,21,113,97,41,28,20,26,10,15,21,10,27,37,8,14,3,21,113,1.19,13.7,138.7,0.09,21.9,1,69.2,0.23,13.9,66.3,21.9,5.8,15,"2023-2024"
"EFE","CRV","11_8","Regular Season","Joel  Bolomboy",29,13,5,8,62.5,0,1,0,3,4,75,3,2,5,2,1,1,1,0,0,2,18,"H","W",97,41,28,20,26,10,15,21,10,27,37,8,14,3,21,113,97,41,28,20,26,10,15,21,10,27,37,8,14,3,21,113,1,8.4,154.8,0.08,23.8,2,55.6,0.44,13.1,60.4,11.9,3.5,15,"2023-2024"
"EFE","CRV","11_8","Regular Season","Nemanja  Nedovic",26,23,3,6,50,4,7,57.1,5,5,100,0,2,2,3,1,3,1,1,2,4,22,"H","W",97,41,28,20,26,10,15,21,10,27,37,8,14,3,21,113,97,41,28,20,26,10,15,21,10,27,37,8,14,3,21,113,1.28,17.5,131.4,0.11,17.1,1,69.2,0.38,17.3,75.7,17.14,6.1,0,"2023-2024"
"EFE","CRV","11_8","Regular Season","Rokas  Giedraitis",16,2,1,3,33.3,0,4,0,0,0,NA,1,4,5,0,1,1,0,0,2,1,0,"H","W",97,41,28,20,26,10,15,21,10,27,37,8,14,3,21,113,97,41,28,20,26,10,15,21,10,27,37,8,14,3,21,113,0.29,6.7,29.9,-0.01,0,0,14.3,0,-1.4,14.3,14.93,4.4,5,"2023-2024"
"EFE","CRV","11_8","Regular Season","Yago Mateus dos Santos",25,15,1,1,100,3,4,75,4,4,100,0,4,4,5,0,1,0,0,0,6,28,"H","W",97,41,28,20,26,10,15,21,10,27,37,8,14,3,21,113,97,41,28,20,26,10,15,21,10,27,37,8,14,3,21,113,1.67,7.4,202.7,0.13,67.6,5,110,0.8,16.8,110.9,13.51,2.7,0,"2023-2024"
"EFE","CRV","11_8","Regular Season","Stefan  Lazarevic",10,2,1,1,100,0,0,NA,0,0,NA,0,4,4,0,0,0,0,0,1,0,5,"H","W",97,41,28,20,26,10,15,21,10,27,37,8,14,3,21,113,97,41,28,20,26,10,15,21,10,27,37,8,14,3,21,113,2,1,200,0.03,0,NA,100,0,2.5,100,0,0.9,0,"2023-2024"
"EFE","CRV","11_8","Regular Season","Milos  Teodosic",18,9,1,1,100,2,6,33.3,1,2,50,1,2,3,4,0,3,0,0,3,2,7,"H","W",97,41,28,20,26,10,15,21,10,27,37,8,14,3,21,113,97,41,28,20,26,10,15,21,10,27,37,8,14,3,21,113,1,9.5,94.7,0.03,42.1,1.3,57.1,0.29,4.8,57.1,31.58,5.3,5,"2023-2024"
"EFE","CRV","11_8","Regular Season","Dejan  Davidovac",14,2,1,1,100,0,1,0,0,0,NA,0,2,2,1,1,0,0,0,2,2,5,"H","W",97,41,28,20,26,10,15,21,10,27,37,8,14,3,21,113,97,41,28,20,26,10,15,21,10,27,37,8,14,3,21,113,1,1.9,105.3,0.02,52.6,Inf,50,0,2.5,50,0,1.2,0,"2023-2024"
"EFE","CRV","11_8","Regular Season","Branko  Lazic",12,0,0,0,NA,0,1,0,0,0,NA,0,0,0,0,0,0,1,0,4,1,-3,"H","W",97,41,28,20,26,10,15,21,10,27,37,8,14,3,21,113,97,41,28,20,26,10,15,21,10,27,37,8,14,3,21,113,0,1,0,-0.03,0,NA,0,0,-1.6,0,0,0.7,0,"2023-2024"
"EFE","CRV","11_8","Regular Season","Shabazz  Napier",14,7,2,4,50,1,4,25,0,0,NA,0,2,2,2,2,1,0,1,1,0,5,"H","W",97,41,28,20,26,10,15,21,10,27,37,8,14,3,21,113,97,41,28,20,26,10,15,21,10,27,37,8,14,3,21,113,0.88,8.6,81.4,0.03,23.3,2,43.8,0,5.2,43.8,11.63,5.6,0,"2023-2024"
"EFE","CRV","11_8","Regular Season","Mike  Tobey",11,5,2,3,66.7,0,0,NA,1,2,50,2,1,3,1,2,1,0,0,3,1,6,"H","W",97,41,28,20,26,10,15,21,10,27,37,8,14,3,21,113,97,41,28,20,26,10,15,21,10,27,37,8,14,3,21,113,1,2.8,178.6,0.02,35.7,1,66.7,0.67,5.5,64.4,35.71,3.9,10,"2023-2024"
"BAR","VIL","11_6","Regular Season","Paris  Lee",23,5,1,4,25,1,1,100,0,0,NA,0,1,1,7,4,1,0,0,2,0,11,"A","L",92,41,25,11,22,13,9,23,9,16,25,11,11,1,17,108,92,41,25,11,22,13,9,23,9,16,25,11,11,1,17,108,1,5.8,86.2,0.06,120.7,7,50,0,9.7,50,17.24,2.6,0,"2023-2024"
"BAR","VIL","11_6","Regular Season","Joffrey  Lauvergne",30,17,6,12,50,1,2,50,2,2,100,1,4,5,3,0,2,0,1,0,3,18,"A","L",92,41,25,11,22,13,9,23,9,16,25,11,11,1,17,108,92,41,25,11,22,13,9,23,9,16,25,11,11,1,17,108,1.06,15.2,111.8,0.09,19.7,1.5,53.6,0.14,12,57.1,13.16,5.5,5.6,"2023-2024"
"BAR","VIL","11_6","Regular Season","Timothe  Luwawu-Cabarrot",30,20,2,4,50,5,10,50,1,2,50,2,2,4,4,2,2,0,0,4,5,21,"A","L",92,41,25,11,22,13,9,23,9,16,25,11,11,1,17,108,92,41,25,11,22,13,9,23,9,16,25,11,11,1,17,108,1.25,14.3,139.9,0.09,28,2,67.9,0.14,15.8,67.2,13.99,5.5,11.1,"2023-2024"
"BAR","VIL","11_6","Regular Season","Youssoupha  Fall",21,15,6,8,75,0,0,NA,3,4,75,4,3,7,1,0,2,1,0,2,3,20,"A","L",92,41,25,11,22,13,9,23,9,16,25,11,11,1,17,108,92,41,25,11,22,13,9,23,9,16,25,11,11,1,17,108,1.25,7.4,202.7,0.08,13.5,0.5,75,0.5,13.7,76.8,27.03,5.5,22.2,"2023-2024"
"BAR","VIL","11_6","Regular Season","David  Lighty",25,0,0,1,0,0,1,0,0,0,NA,0,0,0,1,1,1,0,0,3,0,-4,"A","L",92,41,25,11,22,13,9,23,9,16,25,11,11,1,17,108,92,41,25,11,22,13,9,23,9,16,25,11,11,1,17,108,0,2.9,0,-0.02,34.5,1,0,0,-1.9,0,34.48,1.2,0,"2023-2024"
"BAR","VIL","11_6","Regular Season","Mike  Scott",24,15,2,4,50,3,6,50,2,2,100,1,3,4,3,1,0,0,1,2,4,19,"A","L",92,41,25,11,22,13,9,23,9,16,25,11,11,1,17,108,92,41,25,11,22,13,9,23,9,16,25,11,11,1,17,108,1.25,9.5,157.9,0.09,31.6,Inf,65,0.2,13.9,68.9,0,4.4,5.6,"2023-2024"
"BAR","VIL","11_6","Regular Season","Edwin  Jackson",20,4,2,4,50,0,1,0,0,0,NA,0,3,3,1,1,0,0,1,1,2,6,"A","L",92,41,25,11,22,13,9,23,9,16,25,11,11,1,17,108,92,41,25,11,22,13,9,23,9,16,25,11,11,1,17,108,0.8,4.8,83.3,0.03,20.8,Inf,40,0,3.5,40,0,2.4,0,"2023-2024"
"BAR","VIL","11_6","Regular Season","Nando  de Colo",20,16,3,4,75,3,4,75,1,1,100,0,0,0,3,2,2,0,0,1,3,19,"A","L",92,41,25,11,22,13,9,23,9,16,25,11,11,1,17,108,92,41,25,11,22,13,9,23,9,16,25,11,11,1,17,108,1.78,10,160,0.09,30,1.5,93.8,0.12,14.5,94.8,20,5.1,0,"2023-2024"
"BAR","VIL","11_6","Regular Season","John  Egbunu",5,0,0,0,NA,0,0,NA,0,0,NA,1,0,1,0,0,1,0,0,2,0,-2,"A","L",92,41,25,11,22,13,9,23,9,16,25,11,11,1,17,108,92,41,25,11,22,13,9,23,9,16,25,11,11,1,17,108,NA,0,NA,-0.01,NA,0,NA,NA,-1.1,NA,Inf,2,5.6,"2023-2024"
"BAR","VIL","11_6","Regular Season","Mbaye  Ndiaye",0,0,0,0,NA,0,0,NA,0,0,NA,0,0,0,0,0,0,0,0,0,0,0,"A","L",92,41,25,11,22,13,9,23,9,16,25,11,11,1,17,108,92,41,25,11,22,13,9,23,9,16,25,11,11,1,17,108,NA,0,NA,0,NA,NA,NA,NA,0,NA,NA,NA,0,"2023-2024"
"BAR","VIL","11_6","Regular Season","Noam  Yaacov",1,0,0,0,NA,0,0,NA,0,0,NA,0,0,0,0,0,0,0,0,0,0,0,"A","L",92,41,25,11,22,13,9,23,9,16,25,11,11,1,17,108,92,41,25,11,22,13,9,23,9,16,25,11,11,1,17,108,NA,0,NA,0,NA,NA,NA,NA,0,NA,NA,0,0,"2023-2024"
"VIL","BAR","11_6","Regular Season","Jan  Vesely",25,14,5,6,83.3,0,0,NA,4,5,80,1,2,3,2,1,1,1,0,3,4,19,"H","W",101,29,26,12,20,17,10,26,1,20,21,4,14,3,20,117,101,29,26,12,20,17,10,26,1,20,21,4,14,3,20,117,1.27,7.9,177.2,0.07,25.3,2,83.3,0.83,13.6,85.4,12.66,4,50,"2023-2024"
"VIL","BAR","11_6","Regular Season","Tomas  Satoransky",28,12,2,2,100,2,4,50,2,2,100,0,3,3,5,0,1,0,0,3,2,16,"H","W",101,29,26,12,20,17,10,26,1,20,21,4,14,3,20,117,101,29,26,12,20,17,10,26,1,20,21,4,14,3,20,117,1.5,7.6,157.9,0.07,65.8,5,83.3,0.33,11.6,87.2,13.16,3,0,"2023-2024"
"VIL","BAR","11_6","Regular Season","Nicolas  Laprovittola",26,28,1,3,33.3,8,10,80,2,3,66.7,0,2,2,9,0,3,0,1,2,3,31,"H","W",101,29,26,12,20,17,10,26,1,20,21,4,14,3,20,117,101,29,26,12,20,17,10,26,1,20,21,4,14,3,20,117,1.75,16.6,168.7,0.15,54.2,3,100,0.23,25.2,97.8,18.07,7.2,0,"2023-2024"
"VIL","BAR","11_6","Regular Season","Jabari  Parker",20,13,1,3,33.3,3,3,100,2,2,100,0,6,6,1,2,2,1,0,2,2,19,"H","W",101,29,26,12,20,17,10,26,1,20,21,4,14,3,20,117,101,29,26,12,20,17,10,26,1,20,21,4,14,3,20,117,1.62,8.5,152.9,0.08,11.8,0.5,91.7,0.33,12.8,94.5,23.53,4.8,0,"2023-2024"
"VIL","BAR","11_6","Regular Season","Joel  Parra",10,0,0,0,NA,0,0,NA,0,0,NA,0,1,1,1,0,0,0,0,0,0,2,"H","W",101,29,26,12,20,17,10,26,1,20,21,4,14,3,20,117,101,29,26,12,20,17,10,26,1,20,21,4,14,3,20,117,NA,0,NA,0.01,Inf,Inf,NA,NA,1,NA,NA,0,0,"2023-2024"
"VIL","BAR","11_6","Regular Season","Oscar  da Silva",21,10,2,4,50,2,2,100,0,0,NA,0,1,1,0,0,0,0,0,1,0,8,"H","W",101,29,26,12,20,17,10,26,1,20,21,4,14,3,20,117,101,29,26,12,20,17,10,26,1,20,21,4,14,3,20,117,1.67,5.8,172.4,0.04,0,NA,83.3,0,7.3,83.3,0,3.1,0,"2023-2024"
"VIL","BAR","11_6","Regular Season","Oriol  Pauli",2,0,0,0,NA,0,1,0,0,0,NA,0,0,0,0,0,0,0,0,0,0,-1,"H","W",101,29,26,12,20,17,10,26,1,20,21,4,14,3,20,117,101,29,26,12,20,17,10,26,1,20,21,4,14,3,20,117,0,1,0,-0.01,0,NA,0,0,-0.7,0,0,5.4,0,"2023-2024"
"VIL","BAR","11_6","Regular Season","Dario  Brizuela",6,0,0,1,0,0,0,NA,0,0,NA,0,2,2,2,0,1,0,0,1,1,2,"H","W",101,29,26,12,20,17,10,26,1,20,21,4,14,3,20,117,101,29,26,12,20,17,10,26,1,20,21,4,14,3,20,117,0,1.9,0,0.01,105.3,2,0,0,-0.1,0,52.63,3.6,0,"2023-2024"
"VIL","BAR","11_6","Regular Season","Nikola  Kalinic",27,6,0,0,NA,2,5,40,0,0,NA,0,2,2,3,1,3,0,0,3,3,6,"H","W",101,29,26,12,20,17,10,26,1,20,21,4,14,3,20,117,101,29,26,12,20,17,10,26,1,20,21,4,14,3,20,117,1.2,7.7,77.9,0.02,39,1,60,0,2.8,60,38.96,3.2,0,"2023-2024"
"VIL","BAR","11_6","Regular Season","Willy  Hernangomez",14,12,6,7,85.7,0,0,NA,0,0,NA,0,0,0,1,0,1,0,0,2,1,10,"H","W",101,29,26,12,20,17,10,26,1,20,21,4,14,3,20,117,101,29,26,12,20,17,10,26,1,20,21,4,14,3,20,117,1.71,7.7,155.8,0.05,13,1,85.7,0,8.4,85.7,12.99,6.2,0,"2023-2024"
"VIL","BAR","11_6","Regular Season","Alejandro  Abrines",12,2,1,1,100,0,0,NA,0,0,NA,0,1,1,0,0,0,1,0,3,1,2,"H","W",101,29,26,12,20,17,10,26,1,20,21,4,14,3,20,117,101,29,26,12,20,17,10,26,1,20,21,4,14,3,20,117,2,1,200,0,0,NA,100,0,1.5,100,0,0.9,0,"2023-2024"
"VIL","BAR","11_6","Regular Season","Rokas  Jokubaitis",10,4,2,2,100,0,1,0,0,0,NA,0,0,0,2,0,2,0,0,0,0,3,"H","W",101,29,26,12,20,17,10,26,1,20,21,4,14,3,20,117,101,29,26,12,20,17,10,26,1,20,21,4,14,3,20,117,1.33,4.8,83.3,0.02,41.7,1,66.7,0,2.1,66.7,41.67,5.4,0,"2023-2024"
"BAS","VAL","11_9","Regular Season","Nate  Reuvers",12,5,1,1,100,1,3,33.3,0,0,NA,1,1,2,3,0,0,0,0,3,0,5,"H","L",84,43,26,31,23,5,23,16,14,18,32,11,7,0,26,77,84,43,26,31,23,5,23,16,14,18,32,11,7,0,26,77,1.25,2.9,172.4,0.04,103.4,Inf,62.5,0,4.9,62.5,0,3,3.6,"2023-2024"
"BAS","VAL","11_9","Regular Season","Xabi  Lopez-Arostegui",20,9,2,5,40,1,4,25,2,2,100,4,0,4,1,3,2,0,1,3,1,6,"H","L",84,43,26,31,23,5,23,16,14,18,32,11,7,0,26,77,84,43,26,31,23,5,23,16,14,18,32,11,7,0,26,77,0.82,7.6,118.4,0.04,13.2,0.5,38.9,0.22,7.2,45.5,26.32,5.3,14.3,"2023-2024"
"BAS","VAL","11_9","Regular Season","Chris  Jones",27,13,5,6,83.3,0,2,0,3,4,75,0,0,0,3,2,1,0,0,2,2,13,"H","L",84,43,26,31,23,5,23,16,14,18,32,11,7,0,26,77,84,43,26,31,23,5,23,16,14,18,32,11,7,0,26,77,1.08,10.3,126.2,0.1,29.1,3,62.5,0.5,11.3,66.6,9.71,3.6,0,"2023-2024"
"BAS","VAL","11_9","Regular Season","Boubacar  Toure",16,3,1,2,50,0,0,NA,1,2,50,2,4,6,0,1,1,0,0,3,1,5,"H","L",84,43,26,31,23,5,23,16,14,18,32,11,7,0,26,77,84,43,26,31,23,5,23,16,14,18,32,11,7,0,26,77,0.75,1.8,166.7,0.03,0,0,50,1,3,52.1,55.56,2.2,7.1,"2023-2024"
"BAS","VAL","11_9","Regular Season","Semi  Ojeleye",31,16,4,8,50,2,4,50,2,2,100,0,2,2,1,1,0,0,0,2,1,13,"H","L",84,43,26,31,23,5,23,16,14,18,32,11,7,0,26,77,84,43,26,31,23,5,23,16,14,18,32,11,7,0,26,77,1.14,12.4,129,0.11,8.1,Inf,58.3,0.17,11.5,62.1,0,3.7,0,"2023-2024"
"BAS","VAL","11_9","Regular Season","Jared  Harper",24,12,2,5,40,1,6,16.7,5,6,83.3,0,2,2,4,1,1,0,0,2,4,11,"H","L",84,43,26,31,23,5,23,16,14,18,32,11,7,0,26,77,84,43,26,31,23,5,23,16,14,18,32,11,7,0,26,77,0.71,14.1,85.1,0.06,28.4,4,31.8,0.55,7.7,44,7.09,5.4,0,"2023-2024"
"BAS","VAL","11_9","Regular Season","Victor  Claver",8,4,0,0,NA,0,1,0,4,4,100,4,0,4,1,0,0,0,0,2,2,8,"H","L",84,43,26,31,23,5,23,16,14,18,32,11,7,0,26,77,84,43,26,31,23,5,23,16,14,18,32,11,7,0,26,77,0.8,-1.2,-333.3,0.04,-83.3,Inf,0,4,6,72.5,0,3.1,14.3,"2023-2024"
"BAS","VAL","11_9","Regular Season","Josep  Puerto",2,0,0,0,NA,0,1,0,0,0,NA,0,1,1,0,1,1,0,0,0,0,0,"H","L",84,43,26,31,23,5,23,16,14,18,32,11,7,0,26,77,84,43,26,31,23,5,23,16,14,18,32,11,7,0,26,77,0,1.9,0,0,0,0,0,0,-0.4,0,52.63,8.9,0,"2023-2024"
"BAS","VAL","11_9","Regular Season","Damien  Inglis",23,8,4,9,44.4,0,0,NA,0,3,0,1,5,6,1,2,1,0,2,2,4,8,"H","L",84,43,26,31,23,5,23,16,14,18,32,11,7,0,26,77,84,43,26,31,23,5,23,16,14,18,32,11,7,0,26,77,0.67,9.9,80.8,0.05,10.1,1,44.4,0.33,5.2,38.8,10.1,4.4,3.6,"2023-2024"
"BAS","VAL","11_9","Regular Season","Kassius  Robertson",13,1,0,0,NA,0,4,0,1,2,50,1,1,2,1,0,0,0,0,3,1,-3,"H","L",84,43,26,31,23,5,23,16,14,18,32,11,7,0,26,77,84,43,26,31,23,5,23,16,14,18,32,11,7,0,26,77,0.17,3.7,27,-0.04,27,Inf,0,0.5,-1.7,10.2,0,3.4,3.6,"2023-2024"
"BAS","VAL","11_9","Regular Season","Brandon  Davies",22,13,4,7,57.1,0,1,0,5,6,83.3,1,2,3,1,0,0,0,1,4,4,11,"H","L",84,43,26,31,23,5,23,16,14,18,32,11,7,0,26,77,84,43,26,31,23,5,23,16,14,18,32,11,7,0,26,77,0.93,9.3,139.8,0.07,10.8,Inf,50,0.75,9,61.1,0,4.3,3.6,"2023-2024"
"VAL","BAS","11_9","Regular Season","Tadas  Sedekerskis",37,9,4,6,66.7,0,0,NA,1,2,50,1,4,5,1,1,1,0,0,2,4,14,"A","W",98,34,27,28,23,11,19,25,8,29,37,5,16,4,21,121,98,34,27,28,23,11,19,25,8,29,37,5,16,4,21,121,1.12,6.6,136.4,0.05,15.2,1,66.7,0.33,7.8,65.4,15.15,1.9,6.2,"2023-2024"
"VAL","BAS","11_9","Regular Season","Vanja  Marinkovic",25,14,1,3,33.3,3,8,37.5,3,6,50,0,4,4,1,0,0,0,0,3,4,10,"A","W",98,34,27,28,23,11,19,25,8,29,37,5,16,4,21,121,98,34,27,28,23,11,19,25,8,29,37,5,16,4,21,121,0.82,13.1,106.9,0.03,7.6,Inf,50,0.55,7.4,51.3,0,4.9,0,"2023-2024"
"VAL","BAS","11_9","Regular Season","Codi  Miller-McIntyre",30,11,5,8,62.5,0,1,0,1,2,50,0,4,4,10,1,3,0,0,2,2,18,"A","W",98,34,27,28,23,11,19,25,8,29,37,5,16,4,21,121,98,34,27,28,23,11,19,25,8,29,37,5,16,4,21,121,1,12.4,88.7,0.09,80.6,3.3,55.6,0.22,11.7,55.7,24.19,3.8,0,"2023-2024"
"VAL","BAS","11_9","Regular Season","Daniel  Diez",9,3,0,0,NA,1,1,100,0,0,NA,1,0,1,0,0,1,0,0,1,0,2,"A","W",98,34,27,28,23,11,19,25,8,29,37,5,16,4,21,121,98,34,27,28,23,11,19,25,8,29,37,5,16,4,21,121,3,1,300,0.01,0,0,150,0,2,150,100,2,6.2,"2023-2024"
"VAL","BAS","11_9","Regular Season","Maik  Kotsar",23,9,4,6,66.7,0,0,NA,1,2,50,3,3,6,6,1,1,1,0,1,2,20,"A","W",98,34,27,28,23,11,19,25,8,29,37,5,16,4,21,121,98,34,27,28,23,11,19,25,8,29,37,5,16,4,21,121,1.12,4.7,191.5,0.09,127.7,6,66.7,0.33,13.5,65.4,21.28,3.1,18.8,"2023-2024"
"VAL","BAS","11_9","Regular Season","Markus  Howard",21,24,0,0,NA,6,14,42.9,6,6,100,0,5,5,1,0,3,0,0,3,3,19,"A","W",98,34,27,28,23,11,19,25,8,29,37,5,16,4,21,121,98,34,27,28,23,11,19,25,8,29,37,5,16,4,21,121,1.2,18.9,127,0.09,5.3,0.3,64.3,0.43,14.6,72.1,15.87,8.4,0,"2023-2024"
"VAL","BAS","11_9","Regular Season","Nico  Mannion",7,0,0,0,NA,0,1,0,0,0,NA,0,2,2,2,1,0,0,0,1,0,3,"A","W",98,34,27,28,23,11,19,25,8,29,37,5,16,4,21,121,98,34,27,28,23,11,19,25,8,29,37,5,16,4,21,121,0,1,0,0.02,200,Inf,0,0,1.9,0,0,1.3,0,"2023-2024"
"VAL","BAS","11_9","Regular Season","Sander  Raieste",0,0,0,0,NA,0,0,NA,0,0,NA,0,0,0,0,0,0,0,0,0,0,0,"A","W",98,34,27,28,23,11,19,25,8,29,37,5,16,4,21,121,98,34,27,28,23,11,19,25,8,29,37,5,16,4,21,121,NA,0,NA,0,NA,NA,NA,NA,0,NA,NA,NA,0,"2023-2024"
"VAL","BAS","11_9","Regular Season","Christopher  Chiozza",2,0,0,0,NA,0,0,NA,0,0,NA,0,0,0,1,0,0,0,0,1,0,0,"A","W",98,34,27,28,23,11,19,25,8,29,37,5,16,4,21,121,98,34,27,28,23,11,19,25,8,29,37,5,16,4,21,121,NA,0,NA,0,Inf,Inf,NA,NA,0.3,NA,NA,0,0,"2023-2024"
"VAL","BAS","11_9","Regular Season","Khalifa  Diop",2,0,0,0,NA,0,0,NA,0,0,NA,0,0,0,0,0,1,0,0,2,0,-3,"A","W",98,34,27,28,23,11,19,25,8,29,37,5,16,4,21,121,98,34,27,28,23,11,19,25,8,29,37,5,16,4,21,121,NA,1,0,-0.02,0,0,NA,NA,-1.8,NA,100,4.5,0,"2023-2024"
"VAL","BAS","11_9","Regular Season","Matthew  Costello",15,9,4,4,100,0,1,0,1,2,50,1,2,3,2,0,1,1,0,3,2,11,"A","W",98,34,27,28,23,11,19,25,8,29,37,5,16,4,21,121,98,34,27,28,23,11,19,25,8,29,37,5,16,4,21,121,1.29,5.6,160.7,0.04,35.7,2,80,0.4,7.9,76.5,17.86,4.1,6.2,"2023-2024"
"VAL","BAS","11_9","Regular Season","Chima  Moneke",28,19,5,7,71.4,1,1,100,6,8,75,2,5,7,1,1,5,2,0,2,8,27,"A","W",98,34,27,28,23,11,19,25,8,29,37,5,16,4,21,121,98,34,27,28,23,11,19,25,8,29,37,5,16,4,21,121,1.19,13.9,136.7,0.09,7.2,0.2,81.2,1,15.2,82.5,35.97,5.3,12.5,"2023-2024"
"BER","ZAL","12_1","Regular Season","Keenan  Evans",26,8,1,5,20,1,4,25,3,4,75,0,2,2,2,0,4,0,1,2,7,4,"A","L",62,24,21,16,12,8,14,12,5,27,32,7,21,4,22,62,62,24,21,16,12,8,14,12,5,27,32,7,21,4,22,62,0.62,14.2,56.3,-0.02,14.1,0.5,27.8,0.44,-0.7,37.2,28.17,6.2,0,"2023-2024"
"BER","ZAL","12_1","Regular Season","Kevarrius  Hayes",28,4,1,3,33.3,0,0,NA,2,2,100,1,2,3,1,1,0,3,1,3,1,7,"A","L",62,24,21,16,12,8,14,12,5,27,32,7,21,4,22,62,62,24,21,16,12,8,14,12,5,27,32,7,21,4,22,62,0.8,2.8,142.9,0.06,35.7,Inf,33.3,0.67,6.2,51.5,0,1.5,10,"2023-2024"
"BER","ZAL","12_1","Regular Season","Dovydas  Giedraitis",24,15,2,3,66.7,3,5,60,2,2,100,1,4,5,0,4,2,0,0,3,2,18,"A","L",62,24,21,16,12,8,14,12,5,27,32,7,21,4,22,62,62,24,21,16,12,8,14,12,5,27,32,7,21,4,22,62,1.5,9.5,157.9,0.18,0,0,81.2,0.25,14.1,84.5,21.05,5,10,"2023-2024"
"BER","ZAL","12_1","Regular Season","Rolands  Smits",25,4,2,2,100,0,3,0,0,0,NA,0,7,7,3,0,4,0,0,3,0,4,"A","L",62,24,21,16,12,8,14,12,5,27,32,7,21,4,22,62,62,24,21,16,12,8,14,12,5,27,32,7,21,4,22,62,0.8,8.6,46.5,0.05,34.9,0.8,40,0,0.3,40,46.51,3.9,0,"2023-2024"
"BER","ZAL","12_1","Regular Season","Edgaras  Ulanovas",30,8,1,2,50,1,3,33.3,3,3,100,0,2,2,3,0,3,0,0,2,2,7,"A","L",62,24,21,16,12,8,14,12,5,27,32,7,21,4,22,62,62,24,21,16,12,8,14,12,5,27,32,7,21,4,22,62,1,8.9,89.9,0.06,33.7,1,50,0.6,4.2,63.3,33.71,3.4,0,"2023-2024"
"BER","ZAL","12_1","Regular Season","Lukas  Lekavicius",11,0,0,0,NA,0,2,0,0,0,NA,0,1,1,1,0,1,0,0,0,1,0,"A","L",62,24,21,16,12,8,14,12,5,27,32,7,21,4,22,62,62,24,21,16,12,8,14,12,5,27,32,7,21,4,22,62,0,2.9,0,-0.01,34.5,1,0,0,-1.4,0,34.48,3,0,"2023-2024"
"BER","ZAL","12_1","Regular Season","Nedas  Montvila",0,0,0,0,NA,0,0,NA,0,0,NA,0,0,0,0,0,0,0,0,0,0,0,"A","L",62,24,21,16,12,8,14,12,5,27,32,7,21,4,22,62,62,24,21,16,12,8,14,12,5,27,32,7,21,4,22,62,NA,0,NA,0,NA,NA,NA,NA,0,NA,NA,NA,0,"2023-2024"
"BER","ZAL","12_1","Regular Season","Laurynas  Birutis",9,2,0,1,0,0,0,NA,2,2,100,2,1,3,1,0,1,0,0,2,1,3,"A","L",62,24,21,16,12,8,14,12,5,27,32,7,21,4,22,62,62,24,21,16,12,8,14,12,5,27,32,7,21,4,22,62,0.67,0.8,250,0.01,125,1,0,2,1.9,53.2,125,3.5,20,"2023-2024"
"BER","ZAL","12_1","Regular Season","Edmond  Sumner",10,4,1,2,50,0,0,NA,2,3,66.7,0,1,1,0,2,3,0,0,1,1,2,"A","L",62,24,21,16,12,8,14,12,5,27,32,7,21,4,22,62,62,24,21,16,12,8,14,12,5,27,32,7,21,4,22,62,0.8,6.1,65.6,0.01,0,0,50,1.5,1.5,60.2,49.18,6.9,0,"2023-2024"
"BER","ZAL","12_1","Regular Season","Tomas  Dimsa",20,11,4,6,66.7,1,2,50,0,0,NA,0,2,2,1,0,0,0,0,3,1,9,"A","L",62,24,21,16,12,8,14,12,5,27,32,7,21,4,22,62,62,24,21,16,12,8,14,12,5,27,32,7,21,4,22,62,1.38,7.7,142.9,0.09,13,Inf,68.8,0,7.5,68.8,0,4.4,0,"2023-2024"
"BER","ZAL","12_1","Regular Season","Danielius  Lavrinovicius",16,6,0,0,NA,2,2,100,0,0,NA,1,5,6,0,0,3,1,0,3,1,8,"A","L",62,24,21,16,12,8,14,12,5,27,32,7,21,4,22,62,62,24,21,16,12,8,14,12,5,27,32,7,21,4,22,62,3,3.8,157.9,0.07,0,0,150,0,4.1,150,78.95,3.4,10,"2023-2024"
"ZAL","BER","12_1","Regular Season","Matteo  Spagnolo",21,6,3,4,75,0,0,NA,0,0,NA,0,2,2,3,0,4,0,0,2,1,5,"H","W",64,38,27,17,15,7,13,9,12,16,28,11,12,2,17,56,64,38,27,17,15,7,13,9,12,16,28,11,12,2,17,56,1.5,7.7,77.9,0.06,39,0.8,75,0,2.3,75,51.95,3.6,0,"2023-2024"
"ZAL","BER","12_1","Regular Season","Yannick  Wetzell",29,9,4,11,36.4,0,1,0,1,2,50,4,2,6,0,1,2,1,1,3,2,4,"H","W",64,38,27,17,15,7,13,9,12,16,28,11,12,2,17,56,64,38,27,17,15,7,13,9,12,16,28,11,12,2,17,56,0.64,10.4,86.5,0.01,0,0,33.3,0.17,3.7,34.9,19.23,4.9,16.7,"2023-2024"
"ZAL","BER","12_1","Regular Season","Jonas  Mattisseck",24,8,1,2,50,2,5,40,0,0,NA,1,1,2,1,2,0,0,0,3,1,7,"H","W",64,38,27,17,15,7,13,9,12,16,28,11,12,2,17,56,64,38,27,17,15,7,13,9,12,16,28,11,12,2,17,56,1.14,5.8,137.9,0.09,17.2,Inf,57.1,0,6.8,57.1,0,2.8,4.2,"2023-2024"
"ZAL","BER","12_1","Regular Season","Johannes  Thiemann",32,16,3,9,33.3,0,3,0,10,11,90.9,3,3,6,2,1,2,0,2,4,10,17,"H","W",64,38,27,17,15,7,13,9,12,16,28,11,12,2,17,56,64,38,27,17,15,7,13,9,12,16,28,11,12,2,17,56,0.7,15.2,105.3,0.12,13.2,1,25,0.92,10.2,47.5,13.16,5.6,12.5,"2023-2024"
"ZAL","BER","12_1","Regular Season","Justin  Bean",18,3,0,4,0,1,3,33.3,0,0,NA,1,4,5,0,1,0,0,0,2,0,1,"H","W",64,38,27,17,15,7,13,9,12,16,28,11,12,2,17,56,64,38,27,17,15,7,13,9,12,16,28,11,12,2,17,56,0.43,5.8,51.7,0.01,0,NA,21.4,0,0.6,21.4,0,3.7,4.2,"2023-2024"
"ZAL","BER","12_1","Regular Season","Gabriele  Procida",18,8,1,3,33.3,2,6,33.3,0,0,NA,0,0,0,0,1,2,0,0,0,2,3,"H","W",64,38,27,17,15,7,13,9,12,16,28,11,12,2,17,56,64,38,27,17,15,7,13,9,12,16,28,11,12,2,17,56,0.89,10.6,75.5,0.02,0,0,44.4,0,1.9,44.4,18.87,5.8,0,"2023-2024"
"ZAL","BER","12_1","Regular Season","Malte  Delow",19,6,1,2,50,1,6,16.7,1,2,50,1,1,2,2,3,1,0,1,1,1,4,"H","W",64,38,27,17,15,7,13,9,12,16,28,11,12,2,17,56,64,38,27,17,15,7,13,9,12,16,28,11,12,2,17,56,0.6,8.5,70.6,0.06,23.5,2,31.2,0.25,4.8,33.8,11.76,4.9,4.2,"2023-2024"
"ZAL","BER","12_1","Regular Season","Tim  Schneider",22,5,1,2,50,1,3,33.3,0,0,NA,1,2,3,1,1,0,1,0,0,2,10,"H","W",64,38,27,17,15,7,13,9,12,16,28,11,12,2,17,56,64,38,27,17,15,7,13,9,12,16,28,11,12,2,17,56,1,3.8,131.6,0.11,26.3,Inf,50,0,6,50,0,2.2,4.2,"2023-2024"
"ZAL","BER","12_1","Regular Season","Christ  Koumadje",16,3,1,1,100,0,0,NA,1,2,50,1,1,2,0,1,1,0,0,2,3,5,"H","W",64,38,27,17,15,7,13,9,12,16,28,11,12,2,17,56,64,38,27,17,15,7,13,9,12,16,28,11,12,2,17,56,1,1.8,166.7,0.02,0,0,100,2,2.5,79.8,55.56,1.7,4.2,"2023-2024"
"EFE","PAN","12_2","Regular Season","Jerian  Grant",33,12,2,5,40,2,2,100,2,2,100,0,3,3,3,2,0,0,0,4,2,15,"A","L",68,32,20,11,17,8,10,14,3,24,27,6,16,3,18,68,68,32,20,11,17,8,10,14,3,24,27,6,16,3,18,68,1.33,7.6,157.9,0.12,39.5,Inf,71.4,0.29,12.1,76.1,0,2.6,0,"2023-2024"
"EFE","PAN","12_2","Regular Season","Kendrick  Nunn",29,13,4,6,66.7,1,2,50,2,2,100,0,5,5,2,1,6,0,1,3,3,11,"A","L",68,32,20,11,17,8,10,14,3,24,27,6,16,3,18,68,68,32,20,11,17,8,10,14,3,24,27,6,16,3,18,68,1.3,14.3,90.9,0.08,14,0.3,68.8,0.25,6.1,73.2,41.96,5.6,0,"2023-2024"
"EFE","PAN","12_2","Regular Season","Mathias  Lessort",32,13,5,8,62.5,0,0,NA,3,4,75,1,3,4,0,2,2,2,1,4,5,15,"A","L",68,32,20,11,17,8,10,14,3,24,27,6,16,3,18,68,68,32,20,11,17,8,10,14,3,24,27,6,16,3,18,68,1.08,10.3,126.2,0.09,0,0,62.5,0.5,10.4,66.6,19.42,4,16.7,"2023-2024"
"EFE","PAN","12_2","Regular Season","Marius  Grigonis",21,4,2,3,66.7,0,1,0,0,0,NA,2,1,3,0,0,1,0,0,1,0,3,"A","L",68,32,20,11,17,8,10,14,3,24,27,6,16,3,18,68,68,32,20,11,17,8,10,14,3,24,27,6,16,3,18,68,1,2.9,137.9,0.02,0,0,50,0,2.3,50,34.48,2.6,33.3,"2023-2024"
"EFE","PAN","12_2","Regular Season","Konstantinos  Mitoglou",34,9,2,3,66.7,1,6,16.7,2,2,100,0,5,5,1,0,2,1,0,2,1,7,"A","L",68,32,20,11,17,8,10,14,3,24,27,6,16,3,18,68,68,32,20,11,17,8,10,14,3,24,27,6,16,3,18,68,0.82,11.4,78.9,0.05,8.8,0.5,38.9,0.22,4,45.5,17.54,3.8,0,"2023-2024"
"EFE","PAN","12_2","Regular Season","Luca  Vildoza",6,5,1,2,50,1,3,33.3,0,0,NA,0,0,0,0,0,0,0,1,0,1,2,"A","L",68,32,20,11,17,8,10,14,3,24,27,6,16,3,18,68,68,32,20,11,17,8,10,14,3,24,27,6,16,3,18,68,1,4.8,104.2,0.02,0,NA,50,0,2.3,50,0,9.2,0,"2023-2024"
"EFE","PAN","12_2","Regular Season","Kyle  Guy",2,0,0,0,NA,0,0,NA,0,0,NA,0,1,1,0,0,0,0,0,0,0,1,"A","L",68,32,20,11,17,8,10,14,3,24,27,6,16,3,18,68,68,32,20,11,17,8,10,14,3,24,27,6,16,3,18,68,NA,0,NA,0.01,NA,NA,NA,NA,0.3,NA,NA,0,0,"2023-2024"
"EFE","PAN","12_2","Regular Season","Aleksander  Balcerowski",4,3,1,1,100,0,0,NA,1,1,100,0,0,0,0,0,1,0,0,1,2,3,"A","L",68,32,20,11,17,8,10,14,3,24,27,6,16,3,18,68,68,32,20,11,17,8,10,14,3,24,27,6,16,3,18,68,1.5,2.3,130.4,0.01,0,0,100,1,1.3,104.2,43.48,6.7,0,"2023-2024"
"EFE","PAN","12_2","Regular Season","Kostas  Sloukas",28,9,0,4,0,3,6,50,0,0,NA,0,2,2,8,0,4,0,1,3,2,6,"A","L",68,32,20,11,17,8,10,14,3,24,27,6,16,3,18,68,68,32,20,11,17,8,10,14,3,24,27,6,16,3,18,68,0.9,13.4,67.2,0.05,59.7,2,45,0,4.2,45,29.85,5.5,0,"2023-2024"
"EFE","PAN","12_2","Regular Season","Kostas  Antetokounmpo",9,0,0,0,NA,0,0,NA,0,0,NA,0,4,4,0,1,0,0,0,0,0,5,"A","L",68,32,20,11,17,8,10,14,3,24,27,6,16,3,18,68,68,32,20,11,17,8,10,14,3,24,27,6,16,3,18,68,NA,0,NA,0.05,NA,NA,NA,NA,2.2,NA,NA,0,0,"2023-2024"
"EFE","PAN","12_2","Regular Season","Eleftherios  Mantzoukas",2,0,0,0,NA,0,0,NA,0,0,NA,0,0,0,0,0,0,0,0,0,0,0,"A","L",68,32,20,11,17,8,10,14,3,24,27,6,16,3,18,68,68,32,20,11,17,8,10,14,3,24,27,6,16,3,18,68,NA,0,NA,0,NA,NA,NA,NA,0,NA,NA,0,0,"2023-2024"
"PAN","EFE","12_2","Regular Season","Shane  Larkin",34,20,4,6,66.7,2,7,28.6,6,7,85.7,0,1,1,3,1,3,0,0,1,6,19,"H","W",71,42,29,16,21,5,14,17,17,20,37,6,9,4,16,77,71,42,29,16,21,5,14,17,17,20,37,6,9,4,16,77,1,18.3,109.3,0.12,16.4,1,53.8,0.54,12.9,62.2,16.39,5.2,0,"2023-2024"
"PAN","EFE","12_2","Regular Season","Darius  Thompson",29,7,3,9,33.3,0,4,0,1,2,50,0,2,2,6,0,3,1,0,4,2,0,"H","W",71,42,29,16,21,5,14,17,17,20,37,6,9,4,16,77,71,42,29,16,21,5,14,17,17,20,37,6,9,4,16,77,0.47,16.2,43.2,-0.02,37,2,23.1,0.15,-0.4,25.2,18.52,5.3,0,"2023-2024"
"PAN","EFE","12_2","Regular Season","Mike  Daum",21,8,3,3,100,0,5,0,2,2,100,1,3,4,0,0,1,0,0,1,1,6,"H","W",71,42,29,16,21,5,14,17,17,20,37,6,9,4,16,77,71,42,29,16,21,5,14,17,17,20,37,6,9,4,16,77,0.8,8.5,94.1,0.04,0,0,37.5,0.25,3.8,45,11.76,4.3,2.9,"2023-2024"
"PAN","EFE","12_2","Regular Season","Erkan  Yilmaz",13,2,1,2,50,0,1,0,0,0,NA,2,1,3,2,0,0,1,0,1,1,6,"H","W",71,42,29,16,21,5,14,17,17,20,37,6,9,4,16,77,71,42,29,16,21,5,14,17,17,20,37,6,9,4,16,77,0.67,1,200,0.03,200,Inf,33.3,0,3.7,33.3,0,2.1,5.9,"2023-2024"
"PAN","EFE","12_2","Regular Season","Tyrique  Jones",31,21,8,13,61.5,0,0,NA,5,5,100,8,6,14,2,4,2,1,1,3,5,36,"H","W",71,42,29,16,21,5,14,17,17,20,37,6,9,4,16,77,71,42,29,16,21,5,14,17,17,20,37,6,9,4,16,77,1.17,8.8,238.6,0.26,22.7,1,61.5,0.38,25.4,69.1,22.73,5.1,23.5,"2023-2024"
"PAN","EFE","12_2","Regular Season","Erten  Gazi",16,2,1,2,50,0,3,0,0,0,NA,1,0,1,0,0,0,0,1,2,1,-3,"H","W",71,42,29,16,21,5,14,17,17,20,37,6,9,4,16,77,71,42,29,16,21,5,14,17,17,20,37,6,9,4,16,77,0.4,3.8,52.6,-0.03,0,NA,20,0,-1.2,20,0,2.9,2.9,"2023-2024"
"PAN","EFE","12_2","Regular Season","Justus  Hollatz",21,3,0,3,0,1,5,20,0,0,NA,1,3,4,2,1,0,0,0,3,1,1,"H","W",71,42,29,16,21,5,14,17,17,20,37,6,9,4,16,77,71,42,29,16,21,5,14,17,17,20,37,6,9,4,16,77,0.38,6.7,44.8,0,29.9,Inf,18.8,0,0.6,18.8,0,3.5,2.9,"2023-2024"
"PAN","EFE","12_2","Regular Season","Ercan  Osmani",23,6,0,2,0,2,4,50,0,0,NA,2,3,5,1,0,0,0,1,0,0,7,"H","W",71,42,29,16,21,5,14,17,17,20,37,6,9,4,16,77,71,42,29,16,21,5,14,17,17,20,37,6,9,4,16,77,1,3.8,157.9,0.07,26.3,Inf,50,0,5.6,50,0,2.4,5.9,"2023-2024"
"PAN","EFE","12_2","Regular Season","Daniel  Oturu",11,2,1,2,50,0,0,NA,0,0,NA,2,1,3,1,0,0,1,0,1,0,5,"H","W",71,42,29,16,21,5,14,17,17,20,37,6,9,4,16,77,71,42,29,16,21,5,14,17,17,20,37,6,9,4,16,77,1,0,Inf,0.03,Inf,Inf,50,0,3.7,50,NA,1.7,5.9,"2023-2024"
"BAY","MIL","12_3","Regular Season","Maodo  Lo",25,3,0,3,0,1,3,33.3,0,0,NA,0,2,2,3,1,0,0,0,0,2,6,"A","L",84,33,36,8,17,14,8,15,2,17,19,9,5,1,17,82,84,33,36,8,17,14,8,15,2,17,19,9,5,1,17,82,0.5,5.8,51.7,0.03,51.7,Inf,25,0,2.9,25,0,2.5,0,"2023-2024"
"BAY","MIL","12_3","Regular Season","Alex  Poythress",18,4,1,1,100,0,0,NA,2,2,100,0,4,4,0,1,1,0,0,3,2,7,"A","L",84,33,36,8,17,14,8,15,2,17,19,9,5,1,17,82,84,33,36,8,17,14,8,15,2,17,19,9,5,1,17,82,1.33,2.8,142.9,0.04,0,0,100,2,3.7,106.4,35.71,1.7,0,"2023-2024"
"BAY","MIL","12_3","Regular Season","Stefano  Tonut",23,9,3,5,60,1,4,25,0,0,NA,0,1,1,1,1,0,0,2,3,0,2,"A","L",84,33,36,8,17,14,8,15,2,17,19,9,5,1,17,82,84,33,36,8,17,14,8,15,2,17,19,9,5,1,17,82,1,8.6,104.7,0.03,11.6,Inf,50,0,5.1,50,0,4,0,"2023-2024"
"BAY","MIL","12_3","Regular Season","Nicolo  Melli",30,10,2,4,50,2,3,66.7,0,0,NA,0,3,3,2,0,0,0,0,1,3,14,"A","L",84,33,36,8,17,14,8,15,2,17,19,9,5,1,17,82,84,33,36,8,17,14,8,15,2,17,19,9,5,1,17,82,1.43,6.7,149.3,0.08,29.9,Inf,71.4,0,8.6,71.4,0,2.4,0,"2023-2024"
"BAY","MIL","12_3","Regular Season","Shavon  Shields",35,26,3,5,60,5,11,45.5,5,5,100,0,1,1,2,1,0,0,0,2,7,27,"A","L",84,33,36,8,17,14,8,15,2,17,19,9,5,1,17,82,84,33,36,8,17,14,8,15,2,17,19,9,5,1,17,82,1.24,17.5,148.6,0.15,11.4,Inf,65.6,0.31,19.9,71.4,0,5.4,0,"2023-2024"
"BAY","MIL","12_3","Regular Season","Giordano  Bortolani",3,2,1,1,100,0,0,NA,0,0,NA,0,0,0,0,0,0,0,0,0,0,2,"A","L",84,33,36,8,17,14,8,15,2,17,19,9,5,1,17,82,84,33,36,8,17,14,8,15,2,17,19,9,5,1,17,82,2,1,200,0.02,0,NA,100,0,1.7,100,0,3.4,0,"2023-2024"
"BAY","MIL","12_3","Regular Season","Giampaolo  Ricci",0,0,0,0,NA,0,0,NA,0,0,NA,0,0,0,0,0,0,0,0,0,0,0,"A","L",84,33,36,8,17,14,8,15,2,17,19,9,5,1,17,82,84,33,36,8,17,14,8,15,2,17,19,9,5,1,17,82,NA,0,NA,0,NA,NA,NA,NA,0,NA,NA,NA,0,"2023-2024"
"BAY","MIL","12_3","Regular Season","Diego  Flaccadori",18,5,1,2,50,1,3,33.3,0,0,NA,0,0,0,2,0,2,0,0,3,0,-1,"A","L",84,33,36,8,17,14,8,15,2,17,19,9,5,1,17,82,84,33,36,8,17,14,8,15,2,17,19,9,5,1,17,82,1,6.7,74.6,-0.01,29.9,1,50,0,0.5,50,29.85,4,0,"2023-2024"
"BAY","MIL","12_3","Regular Season","Devon  Hall",29,10,2,7,28.6,2,6,33.3,0,0,NA,1,2,3,1,3,1,0,2,2,1,4,"A","L",84,33,36,8,17,14,8,15,2,17,19,9,5,1,17,82,84,33,36,8,17,14,8,15,2,17,19,9,5,1,17,82,0.77,12.5,80,0.03,8,1,38.5,0,5.7,38.5,8,5,25,"2023-2024"
"BAY","MIL","12_3","Regular Season","Kyle  Hines",18,5,2,3,66.7,0,0,NA,1,1,100,0,3,3,1,1,0,1,0,3,2,9,"A","L",84,33,36,8,17,14,8,15,2,17,19,9,5,1,17,82,84,33,36,8,17,14,8,15,2,17,19,9,5,1,17,82,1.25,3.3,151.5,0.05,30.3,Inf,66.7,0.33,5.8,72.7,0,2,0,"2023-2024"
"BAY","MIL","12_3","Regular Season","Johannes  Voigtmann",24,10,2,2,100,2,6,33.3,0,0,NA,1,1,2,3,1,1,0,0,0,1,12,"A","L",84,33,36,8,17,14,8,15,2,17,19,9,5,1,17,82,84,33,36,8,17,14,8,15,2,17,19,9,5,1,17,82,1.25,7.7,129.9,0.08,39,3,62.5,0,9.1,62.5,12.99,3.9,25,"2023-2024"
"MIL","BAY","12_3","Regular Season","Carsen  Edwards",36,32,7,11,63.6,5,10,50,3,3,100,1,0,1,2,1,3,0,0,1,5,28,"H","W",91,36,30,10,23,12,9,13,10,29,39,3,15,4,18,101,91,36,30,10,23,12,9,13,10,29,39,3,15,4,18,101,1.33,23.3,137.3,0.14,8.6,0.7,69,0.14,21.8,71.7,12.88,6.6,5,"2023-2024"
"MIL","BAY","12_3","Regular Season","Nelson  Weidemann",4,0,0,0,NA,0,0,NA,0,0,NA,1,0,1,1,0,1,0,0,1,0,0,"H","W",91,36,30,10,23,12,9,13,10,29,39,3,15,4,18,101,91,36,30,10,23,12,9,13,10,29,39,3,15,4,18,101,NA,0,NA,0,Inf,1,NA,NA,0,NA,Inf,2.3,5,"2023-2024"
"MIL","BAY","12_3","Regular Season","Isaac  Bonga",31,5,2,2,100,0,4,0,1,2,50,3,3,6,2,0,0,0,0,3,2,7,"H","W",91,36,30,10,23,12,9,13,10,29,39,3,15,4,18,101,91,36,30,10,23,12,9,13,10,29,39,3,15,4,18,101,0.62,3.7,135.1,0.02,54.1,Inf,33.3,0.33,4.4,36.3,0,2.1,15,"2023-2024"
"MIL","BAY","12_3","Regular Season","Serge  Ibaka",35,20,5,8,62.5,3,4,75,1,1,100,2,10,12,1,0,2,1,0,2,2,28,"H","W",91,36,30,10,23,12,9,13,10,29,39,3,15,4,18,101,91,36,30,10,23,12,9,13,10,29,39,3,15,4,18,101,1.54,11.9,168.1,0.16,8.4,0.5,79.2,0.08,17.8,80.4,16.81,3.9,10,"2023-2024"
"MIL","BAY","12_3","Regular Season","Devin   Booker",34,5,1,4,25,1,2,50,0,0,NA,0,9,9,1,0,1,0,0,2,1,9,"H","W",91,36,30,10,23,12,9,13,10,29,39,3,15,4,18,101,91,36,30,10,23,12,9,13,10,29,39,3,15,4,18,101,0.83,6.7,74.6,0.05,14.9,1,41.7,0,3.2,41.7,14.93,1.9,0,"2023-2024"
"MIL","BAY","12_3","Regular Season","Nick  Weiler-Babb",31,14,3,3,100,2,4,50,2,2,100,1,2,3,2,1,1,1,0,3,1,16,"H","W",91,36,30,10,23,12,9,13,10,29,39,3,15,4,18,101,91,36,30,10,23,12,9,13,10,29,39,3,15,4,18,101,1.56,7.6,184.2,0.09,26.3,2,85.7,0.29,13.3,88.8,13.16,2.7,5,"2023-2024"
"MIL","BAY","12_3","Regular Season","Sylvain  Francisco",21,11,3,4,75,1,5,20,2,2,100,0,1,1,4,1,6,0,1,0,5,10,"H","W",91,36,30,10,23,12,9,13,10,29,39,3,15,4,18,101,91,36,30,10,23,12,9,13,10,29,39,3,15,4,18,101,1,15.2,72.4,0.04,26.3,0.7,50,0.22,4.4,55.7,39.47,7.1,0,"2023-2024"
"MIL","BAY","12_3","Regular Season","Niels  Giffey",15,2,1,2,50,0,0,NA,0,0,NA,1,1,2,0,0,0,1,0,4,1,1,"H","W",91,36,30,10,23,12,9,13,10,29,39,3,15,4,18,101,91,36,30,10,23,12,9,13,10,29,39,3,15,4,18,101,1,1,200,-0.01,0,NA,50,0,1.1,50,0,1.2,5,"2023-2024"
"MIL","BAY","12_3","Regular Season","Dino  Radoncic",7,2,1,1,100,0,1,0,0,0,NA,1,2,3,0,0,0,1,0,0,0,5,"H","W",91,36,30,10,23,12,9,13,10,29,39,3,15,4,18,101,91,36,30,10,23,12,9,13,10,29,39,3,15,4,18,101,1,1,200,0.03,0,NA,50,0,3,50,0,2.7,5,"2023-2024"
"MIL","BAY","12_3","Regular Season","Danko   Brankovic",6,0,0,0,NA,0,0,NA,0,0,NA,0,0,0,0,0,1,0,0,1,0,-2,"H","W",91,36,30,10,23,12,9,13,10,29,39,3,15,4,18,101,91,36,30,10,23,12,9,13,10,29,39,3,15,4,18,101,NA,1,0,-0.01,0,0,NA,NA,-1.4,NA,100,1.6,0,"2023-2024"
"MIL","BAY","12_3","Regular Season","Freddie  Gillespie",5,0,0,1,0,0,0,NA,0,0,NA,0,1,1,0,0,0,0,0,1,0,-1,"H","W",91,36,30,10,23,12,9,13,10,29,39,3,15,4,18,101,91,36,30,10,23,12,9,13,10,29,39,3,15,4,18,101,0,1,0,-0.01,0,NA,0,0,-0.8,0,0,1.9,0,"2023-2024"
"OLY","RMB","12_4","Regular Season","Fabien  Causeur",11,0,0,0,NA,0,1,0,0,0,NA,0,0,0,2,0,0,0,0,3,1,-1,"A","W",77,30,22,16,16,10,15,17,8,25,33,6,13,5,22,97,77,30,22,16,16,10,15,17,8,25,33,6,13,5,22,97,0,1,0,-0.01,200,Inf,0,0,-0.5,0,0,1,0,"2023-2024"
"OLY","RMB","12_4","Regular Season","Facundo  Campazzo",28,9,1,2,50,2,2,100,1,2,50,0,0,0,9,1,3,0,0,3,4,15,"A","W",77,30,22,16,16,10,15,17,8,25,33,6,13,5,22,97,77,30,22,16,16,10,15,17,8,25,33,6,13,5,22,97,1.5,7.6,118.4,0.08,118.4,3,100,0.5,10.1,92.2,39.47,3.1,0,"2023-2024"
"OLY","RMB","12_4","Regular Season","Walter  Tavares",22,11,5,5,100,0,0,NA,1,1,100,2,1,3,3,0,0,2,0,3,2,18,"A","W",77,30,22,16,16,10,15,17,8,25,33,6,13,5,22,97,77,30,22,16,16,10,15,17,8,25,33,6,13,5,22,97,1.83,3.3,333.3,0.1,90.9,Inf,100,0.2,13.5,101.1,0,2.7,12.5,"2023-2024"
"OLY","RMB","12_4","Regular Season","Eli  Ndiaye",10,5,1,1,100,1,2,50,0,0,NA,0,2,2,0,1,0,0,0,3,2,6,"A","W",77,30,22,16,16,10,15,17,8,25,33,6,13,5,22,97,77,30,22,16,16,10,15,17,8,25,33,6,13,5,22,97,1.67,2.9,172.4,0.03,0,NA,83.3,0,4.1,83.3,0,3.3,0,"2023-2024"
"OLY","RMB","12_4","Regular Season","Dzanan  Musa",25,23,2,4,50,5,7,71.4,4,4,100,1,2,3,1,0,3,0,0,1,2,21,"A","W",77,30,22,16,16,10,15,17,8,25,33,6,13,5,22,97,77,30,22,16,16,10,15,17,8,25,33,6,13,5,22,97,1.53,14.2,162,0.13,7,0.3,86.4,0.36,16.7,90.1,21.13,7,6.2,"2023-2024"
"OLY","RMB","12_4","Regular Season","Mario  Hezonja",29,18,4,7,57.1,2,6,33.3,4,4,100,0,10,10,0,1,2,1,0,3,3,21,"A","W",77,30,22,16,16,10,15,17,8,25,33,6,13,5,22,97,77,30,22,16,16,10,15,17,8,25,33,6,13,5,22,97,1.06,16.1,111.8,0.13,0,0,53.8,0.31,12.8,61,12.42,6.4,0,"2023-2024"
"OLY","RMB","12_4","Regular Season","Carlos  Alocen",7,0,0,3,0,0,1,0,0,0,NA,0,0,0,0,0,0,0,0,0,0,-4,"A","W",77,30,22,16,16,10,15,17,8,25,33,6,13,5,22,97,77,30,22,16,16,10,15,17,8,25,33,6,13,5,22,97,0,3.8,0,-0.03,0,NA,0,0,-2.8,0,0,6.3,0,"2023-2024"
"OLY","RMB","12_4","Regular Season","Gabriel  Deck",27,5,1,2,50,0,1,0,3,3,100,3,6,9,1,1,2,0,0,2,3,13,"A","W",77,30,22,16,16,10,15,17,8,25,33,6,13,5,22,97,77,30,22,16,16,10,15,17,8,25,33,6,13,5,22,97,0.83,3.2,156.2,0.06,31.2,0.5,33.3,1,6.1,57.9,62.5,2.6,18.8,"2023-2024"
"OLY","RMB","12_4","Regular Season","Vincent  Poirier",17,0,0,1,0,0,0,NA,0,0,NA,2,3,5,0,2,1,2,0,2,0,5,"A","W",77,30,22,16,16,10,15,17,8,25,33,6,13,5,22,97,77,30,22,16,16,10,15,17,8,25,33,6,13,5,22,97,0,0,NA,0.02,NA,0,0,0,3.2,0,Inf,1.3,12.5,"2023-2024"
"OLY","RMB","12_4","Regular Season","Sergio  Llull",22,6,2,5,40,0,2,0,2,2,100,0,1,1,1,0,2,0,0,2,4,3,"A","W",77,30,22,16,16,10,15,17,8,25,33,6,13,5,22,97,77,30,22,16,16,10,15,17,8,25,33,6,13,5,22,97,0.67,9.5,63.2,-0.01,10.5,0.5,28.6,0.29,0.1,38.1,21.05,5,0,"2023-2024"
"RMB","OLY","12_4","Regular Season","Thomas  Walkup",32,17,4,7,57.1,3,10,30,0,0,NA,0,3,3,4,0,1,0,0,5,0,8,"H","L",71,32,33,22,14,9,16,15,11,18,29,6,6,0,21,63,71,32,33,22,14,9,16,15,11,18,29,6,6,0,21,63,1,17.3,98.3,0.1,23.1,4,50,0,8.6,50,5.78,5.6,0,"2023-2024"
"RMB","OLY","12_4","Regular Season","Isaiah  Canaan",14,7,0,1,0,1,3,33.3,4,5,80,0,0,0,2,0,0,0,1,3,3,4,"H","L",71,32,33,22,14,9,16,15,11,18,29,6,6,0,21,63,71,32,33,22,14,9,16,15,11,18,29,6,6,0,21,63,0.78,6,116.7,0.02,33.3,Inf,37.5,1.25,4.4,56.5,0,4.4,0,"2023-2024"
"RMB","OLY","12_4","Regular Season","Moustapha  Fall",25,10,4,6,66.7,0,0,NA,2,2,100,1,2,3,1,1,0,0,0,2,2,13,"H","L",71,32,33,22,14,9,16,15,11,18,29,6,6,0,21,63,71,32,33,22,14,9,16,15,11,18,29,6,6,0,21,63,1.25,5.6,178.6,0.13,17.9,Inf,66.7,0.33,9.6,72.7,0,2.7,4.5,"2023-2024"
"RMB","OLY","12_4","Regular Season","Kostas  Papanikolaou",29,8,1,1,100,1,5,20,3,4,75,1,4,5,2,1,1,0,0,1,3,12,"H","L",71,32,33,22,14,9,16,15,11,18,29,6,6,0,21,63,71,32,33,22,14,9,16,15,11,18,29,6,6,0,21,63,0.8,7.4,108.1,0.1,27,2,41.7,0.67,7.1,51.5,13.51,3,4.5,"2023-2024"
"RMB","OLY","12_4","Regular Season","Alec  Peters",26,8,2,2,100,1,3,33.3,1,1,100,3,4,7,3,2,2,0,0,2,2,16,"H","L",71,32,33,22,14,9,16,15,11,18,29,6,6,0,21,63,71,32,33,22,14,9,16,15,11,18,29,6,6,0,21,63,1.33,4.3,186,0.15,69.8,1.5,70,0.2,10.3,73.5,46.51,2.8,13.6,"2023-2024"
"RMB","OLY","12_4","Regular Season","Michalis  Lountzis",11,1,0,0,NA,0,0,NA,1,2,50,0,1,1,1,0,0,0,0,2,1,1,"H","L",71,32,33,22,14,9,16,15,11,18,29,6,6,0,21,63,71,32,33,22,14,9,16,15,11,18,29,6,6,0,21,63,0.5,0.8,125,0,125,Inf,NA,Inf,0.8,56.8,0,0.8,0,"2023-2024"
"RMB","OLY","12_4","Regular Season","Giannoulis  Larentzakis",17,9,0,3,0,2,4,50,3,4,75,0,1,1,2,0,0,0,0,2,6,10,"H","L",71,32,33,22,14,9,16,15,11,18,29,6,6,0,21,63,71,32,33,22,14,9,16,15,11,18,29,6,6,0,21,63,0.82,8.4,107.1,0.05,23.8,Inf,42.9,0.57,5.4,51.4,0,5.1,0,"2023-2024"
"RMB","OLY","12_4","Regular Season","Ignas  Brazdeikis",7,2,1,3,33.3,0,1,0,0,0,NA,1,0,1,0,1,0,0,1,1,0,-1,"H","L",71,32,33,22,14,9,16,15,11,18,29,6,6,0,21,63,71,32,33,22,14,9,16,15,11,18,29,6,6,0,21,63,0.5,2.9,69,-0.01,0,NA,25,0,0.9,25,0,5.7,4.5,"2023-2024"
"RMB","OLY","12_4","Regular Season","Nikola  Milutinov",15,4,2,6,33.3,0,0,NA,0,0,NA,3,1,4,0,0,0,0,1,1,2,4,"H","L",71,32,33,22,14,9,16,15,11,18,29,6,6,0,21,63,71,32,33,22,14,9,16,15,11,18,29,6,6,0,21,63,0.67,2.9,137.9,0.02,0,NA,33.3,0,2.6,33.3,0,4,13.6,"2023-2024"
"RMB","OLY","12_4","Regular Season","Luke  Sikma",6,0,0,1,0,0,0,NA,0,0,NA,1,2,3,0,0,1,0,0,2,1,0,"H","L",71,32,33,22,14,9,16,15,11,18,29,6,6,0,21,63,71,32,33,22,14,9,16,15,11,18,29,6,6,0,21,63,0,1,0,-0.02,0,0,0,0,-1.2,0,100,3.3,4.5,"2023-2024"
"RMB","OLY","12_4","Regular Season","Shaquielle  McKissic",17,5,0,2,0,1,7,14.3,2,4,50,1,0,1,0,1,1,0,2,0,2,-4,"H","L",71,32,33,22,14,9,16,15,11,18,29,6,6,0,21,63,71,32,33,22,14,9,16,15,11,18,29,6,6,0,21,63,0.38,10.3,48.5,-0.06,0,0,16.7,0.44,-1,23.2,9.71,6.9,4.5,"2023-2024"
"ASM","PAR","12_5","Regular Season","Zach  LeDay",36,3,0,2,0,1,3,33.3,0,0,NA,1,4,5,1,0,2,0,0,4,3,2,"H","W",89,33,25,29,21,8,23,16,7,26,33,3,16,2,24,96,89,33,25,29,21,8,23,16,7,26,33,3,16,2,24,96,0.6,5.8,51.7,-0.01,17.2,0.5,30,0,-1.1,30,34.48,1.8,7.1,"2023-2024"
"ASM","PAR","12_5","Regular Season","Kevin  Punter",39,25,4,9,44.4,3,8,37.5,8,9,88.9,0,3,3,4,0,4,0,0,2,7,22,"H","W",89,33,25,29,21,8,23,16,7,26,33,3,16,2,24,96,89,33,25,29,21,8,23,16,7,26,33,3,16,2,24,96,0.96,24,104.2,0.12,16.7,1,50,0.53,14.4,59.6,16.67,5.9,0,"2023-2024"
"ASM","PAR","12_5","Regular Season","Alen  Smailagic",21,4,1,3,33.3,0,1,0,2,2,100,1,2,3,0,2,2,2,0,4,4,6,"H","W",89,33,25,29,21,8,23,16,7,26,33,3,16,2,24,96,89,33,25,29,21,8,23,16,7,26,33,3,16,2,24,96,0.67,5.6,71.4,0,0,0,25,0.5,2.7,41,35.71,3,7.1,"2023-2024"
"ASM","PAR","12_5","Regular Season","P.J.  Dozier",37,15,5,6,83.3,1,2,50,2,4,50,1,4,5,7,1,4,0,0,0,3,23,"H","W",89,33,25,29,21,8,23,16,7,26,33,3,16,2,24,96,89,33,25,29,21,8,23,16,7,26,33,3,16,2,24,96,1.25,12.2,123,0.15,57.4,1.8,81.2,0.5,14.8,76.8,32.79,3.4,7.1,"2023-2024"
"ASM","PAR","12_5","Regular Season","Bruno  Caboclo",18,13,5,5,100,0,0,NA,3,5,60,4,2,6,0,0,2,0,0,5,3,13,"H","W",89,33,25,29,21,8,23,16,7,26,33,3,16,2,24,96,89,33,25,29,21,8,23,16,7,26,33,3,16,2,24,96,1.3,5,260,0.06,0,0,100,1,10.1,90.3,40,4.7,28.6,"2023-2024"
"ASM","PAR","12_5","Regular Season","Tristan  Vukcevic",8,2,0,0,NA,0,1,0,2,2,100,0,4,4,0,0,1,0,0,2,1,3,"H","W",89,33,25,29,21,8,23,16,7,26,33,3,16,2,24,96,89,33,25,29,21,8,23,16,7,26,33,3,16,2,24,96,0.67,2.8,71.4,0.02,0,0,0,2,0.7,53.2,35.71,3.3,0,"2023-2024"
"ASM","PAR","12_5","Regular Season","Aleksa  Avramovic",7,2,1,1,100,0,2,0,0,0,NA,0,0,0,1,0,0,0,0,1,0,0,"H","W",89,33,25,29,21,8,23,16,7,26,33,3,16,2,24,96,89,33,25,29,21,8,23,16,7,26,33,3,16,2,24,96,0.67,2.9,69,0,34.5,Inf,33.3,0,0.6,33.3,0,4,0,"2023-2024"
"ASM","PAR","12_5","Regular Season","Balsa  Koprivica",6,0,0,0,NA,0,0,NA,0,0,NA,0,2,2,1,0,0,0,0,0,0,3,"H","W",89,33,25,29,21,8,23,16,7,26,33,3,16,2,24,96,89,33,25,29,21,8,23,16,7,26,33,3,16,2,24,96,NA,0,NA,0.02,Inf,Inf,NA,NA,1.3,NA,NA,0,0,"2023-2024"
"ASM","PAR","12_5","Regular Season","James  Nunnally",39,23,4,6,66.7,3,5,60,6,7,85.7,0,5,5,2,0,1,0,0,4,5,25,"H","W",89,33,25,29,21,8,23,16,7,26,33,3,16,2,24,96,89,33,25,29,21,8,23,16,7,26,33,3,16,2,24,96,1.28,14.5,158.6,0.16,13.8,2,77.3,0.64,18,81.7,6.9,3.6,0,"2023-2024"
"ASM","PAR","12_5","Regular Season","Danilo  Andjusic",9,2,1,1,100,0,3,0,0,0,NA,0,0,0,0,0,0,0,0,1,2,0,"H","W",89,33,25,29,21,8,23,16,7,26,33,3,16,2,24,96,89,33,25,29,21,8,23,16,7,26,33,3,16,2,24,96,0.5,3.8,52.6,-0.02,0,NA,25,0,-0.8,25,0,4.1,0,"2023-2024"
"ASM","PAR","12_5","Regular Season","Mateusz  Ponitka",5,0,0,0,NA,0,0,NA,0,0,NA,0,0,0,0,0,0,0,0,1,0,-1,"H","W",89,33,25,29,21,8,23,16,7,26,33,3,16,2,24,96,89,33,25,29,21,8,23,16,7,26,33,3,16,2,24,96,NA,0,NA,-0.01,NA,NA,NA,NA,-0.4,NA,NA,0,0,"2023-2024"
"PAR","ASM","12_5","Regular Season","John  Brown III",35,10,4,9,44.4,0,0,NA,2,4,50,6,1,7,1,2,0,0,0,3,3,13,"A","L",85,44,26,19,22,9,14,17,12,22,34,6,11,0,29,80,85,44,26,19,22,9,14,17,12,22,34,6,11,0,29,80,0.77,4.6,217.4,0.07,21.7,Inf,44.4,0.44,10.5,46.5,0,2.8,25,"2023-2024"
"PAR","ASM","12_5","Regular Season","Jordan  Loyd",24,6,2,4,50,0,3,0,2,2,100,1,1,2,1,0,1,0,0,4,3,2,"A","L",85,44,26,19,22,9,14,17,12,22,34,6,11,0,29,80,85,44,26,19,22,9,14,17,12,22,34,6,11,0,29,80,0.67,7.6,78.9,-0.01,13.2,1,28.6,0.29,1,38.1,13.16,3.3,4.2,"2023-2024"
"PAR","ASM","12_5","Regular Season","Donatas  Motiejunas",22,23,6,7,85.7,3,4,75,2,2,100,0,2,2,0,0,3,0,0,4,4,20,"A","L",85,44,26,19,22,9,14,17,12,22,34,6,11,0,29,80,85,44,26,19,22,9,14,17,12,22,34,6,11,0,29,80,1.77,14.3,160.8,0.15,0,0,95.5,0.18,14.9,96.8,20.98,6.1,0,"2023-2024"
"PAR","ASM","12_5","Regular Season","Yakuba  Ouattara",4,0,0,0,NA,0,1,0,0,0,NA,0,0,0,0,1,0,0,0,1,0,-1,"A","L",85,44,26,19,22,9,14,17,12,22,34,6,11,0,29,80,85,44,26,19,22,9,14,17,12,22,34,6,11,0,29,80,0,1,0,-0.01,0,NA,0,0,-0.1,0,0,2.2,0,"2023-2024"
"PAR","ASM","12_5","Regular Season","Mike  James",39,16,1,6,16.7,3,9,33.3,5,6,83.3,1,7,8,8,2,2,0,2,5,5,18,"A","L",85,44,26,19,22,9,14,17,12,22,34,6,11,0,29,80,85,44,26,19,22,9,14,17,12,22,34,6,11,0,29,80,0.76,17.9,89.4,0.14,44.7,4,36.7,0.4,13.1,45.4,11.17,4.5,4.2,"2023-2024"
"PAR","ASM","12_5","Regular Season","Elie  Okobo",23,9,2,5,40,1,3,33.3,2,2,100,0,3,3,7,1,2,0,0,3,2,12,"A","L",85,44,26,19,22,9,14,17,12,22,34,6,11,0,29,80,85,44,26,19,22,9,14,17,12,22,34,6,11,0,29,80,0.9,10.4,86.5,0.1,67.3,3.5,43.8,0.25,8.2,50.7,19.23,4.2,0,"2023-2024"
"PAR","ASM","12_5","Regular Season","Jaron  Blossomgame",20,4,2,3,66.7,0,1,0,0,0,NA,1,3,4,0,0,0,0,0,2,2,6,"A","L",85,44,26,19,22,9,14,17,12,22,34,6,11,0,29,80,85,44,26,19,22,9,14,17,12,22,34,6,11,0,29,80,1,2.9,137.9,0.03,0,NA,50,0,2.8,50,0,1.8,4.2,"2023-2024"
"PAR","ASM","12_5","Regular Season","Alpha  Diallo",36,10,3,6,50,1,2,50,1,3,33.3,1,4,5,0,0,0,0,0,4,4,9,"A","L",85,44,26,19,22,9,14,17,12,22,34,6,11,0,29,80,85,44,26,19,22,9,14,17,12,22,34,6,11,0,29,80,0.91,8,125,0.04,0,NA,56.2,0.38,5.5,53.6,0,2.3,4.2,"2023-2024"
"PAR","ASM","12_5","Regular Season","Petr  Cornelie",3,0,0,2,0,0,1,0,0,0,NA,1,0,1,0,0,0,0,0,1,0,-3,"A","L",85,44,26,19,22,9,14,17,12,22,34,6,11,0,29,80,85,44,26,19,22,9,14,17,12,22,34,6,11,0,29,80,0,1.9,0,-0.03,0,NA,0,0,-1.8,0,0,9,4.2,"2023-2024"
"PAR","ASM","12_5","Regular Season","Kemba  Walker",6,3,0,0,NA,1,2,50,0,0,NA,0,0,0,0,0,2,0,0,0,1,1,"A","L",85,44,26,19,22,9,14,17,12,22,34,6,11,0,29,80,85,44,26,19,22,9,14,17,12,22,34,6,11,0,29,80,1.5,3.8,78.9,0,0,0,75,0,0,75,52.63,6,0,"2023-2024"
"PAR","ASM","12_5","Regular Season","Donta  Hall",14,4,2,2,100,0,0,NA,0,0,NA,1,1,2,0,0,1,0,0,2,0,3,"A","L",85,44,26,19,22,9,14,17,12,22,34,6,11,0,29,80,85,44,26,19,22,9,14,17,12,22,34,6,11,0,29,80,2,1.9,210.5,0.02,0,0,100,0,2.6,100,52.63,1.9,4.2,"2023-2024"
"CRV","VAL","12_6","Regular Season","Jared  Harper",23,8,3,5,60,0,6,0,2,3,66.7,0,1,1,5,1,0,0,0,4,4,6,"H","W",85,35,30,23,20,9,18,19,6,20,26,12,7,1,27,91,85,35,30,23,20,9,18,19,6,20,26,12,7,1,27,91,0.57,11.8,67.8,0.02,42.4,Inf,27.3,0.27,4.3,32.5,0,5.2,0,"2023-2024"
"CRV","VAL","12_6","Regular Season","Josep  Puerto",19,5,1,1,100,1,3,33.3,0,0,NA,1,2,3,2,1,0,0,0,4,0,5,"H","W",85,35,30,23,20,9,18,19,6,20,26,12,7,1,27,91,85,35,30,23,20,9,18,19,6,20,26,12,7,1,27,91,1.25,2.9,172.4,0.03,69,Inf,62.5,0,5.1,62.5,0,2.1,8.3,"2023-2024"
"CRV","VAL","12_6","Regular Season","Damien  Inglis",13,0,0,1,0,0,2,0,0,0,NA,0,2,2,2,2,0,0,0,2,1,2,"H","W",85,35,30,23,20,9,18,19,6,20,26,12,7,1,27,91,85,35,30,23,20,9,18,19,6,20,26,12,7,1,27,91,0,2.9,0,0.01,69,Inf,0,0,1.1,0,0,2.2,0,"2023-2024"
"CRV","VAL","12_6","Regular Season","Stefan  Jovic",22,8,1,2,50,2,4,50,0,0,NA,0,1,1,1,4,2,0,0,2,2,9,"H","W",85,35,30,23,20,9,18,19,6,20,26,12,7,1,27,91,85,35,30,23,20,9,18,19,6,20,26,12,7,1,27,91,1.33,7.7,103.9,0.05,13,0.5,66.7,0,7.2,66.7,25.97,3.5,0,"2023-2024"
"CRV","VAL","12_6","Regular Season","Brandon  Davies",29,21,8,13,61.5,0,1,0,5,6,83.3,1,4,5,1,1,2,1,1,3,3,19,"H","W",85,35,30,23,20,9,18,19,6,20,26,12,7,1,27,91,85,35,30,23,20,9,18,19,6,20,26,12,7,1,27,91,1.05,16.9,124.3,0.12,5.9,0.5,57.1,0.43,15.1,63.1,11.83,6.3,8.3,"2023-2024"
"CRV","VAL","12_6","Regular Season","Victor  Claver",25,10,0,0,NA,3,5,60,1,2,50,0,2,2,2,0,1,0,0,3,2,9,"H","W",85,35,30,23,20,9,18,19,6,20,26,12,7,1,27,91,85,35,30,23,20,9,18,19,6,20,26,12,7,1,27,91,1.43,6.6,151.5,0.05,30.3,2,90,0.4,7.1,85,15.15,2.7,0,"2023-2024"
"CRV","VAL","12_6","Regular Season","Xabi  Lopez-Arostegui",12,4,1,2,50,0,1,0,2,2,100,0,1,1,2,0,1,0,0,1,1,4,"H","W",85,35,30,23,20,9,18,19,6,20,26,12,7,1,27,91,85,35,30,23,20,9,18,19,6,20,26,12,7,1,27,91,0.8,4.7,85.1,0.02,42.6,2,33.3,0.67,2.6,51.5,21.28,4,0,"2023-2024"
"CRV","VAL","12_6","Regular Season","Chris  Jones",24,10,2,5,40,1,2,50,3,4,75,0,2,2,4,1,1,0,0,4,2,9,"H","W",85,35,30,23,20,9,18,19,6,20,26,12,7,1,27,91,85,35,30,23,20,9,18,19,6,20,26,12,7,1,27,91,0.91,9.4,106.4,0.05,42.6,4,50,0.57,7.7,57.1,10.64,4,0,"2023-2024"
"CRV","VAL","12_6","Regular Season","Boubacar  Toure",11,2,1,1,100,0,0,NA,0,0,NA,2,1,3,0,0,0,0,0,2,1,4,"H","W",85,35,30,23,20,9,18,19,6,20,26,12,7,1,27,91,85,35,30,23,20,9,18,19,6,20,26,12,7,1,27,91,2,-1,-200,0.02,0,NA,100,0,2.6,100,0,0.9,16.7,"2023-2024"
"CRV","VAL","12_6","Regular Season","Semi  Ojeleye",21,17,3,5,60,2,6,33.3,5,6,83.3,2,4,6,0,2,0,0,0,2,8,24,"H","W",85,35,30,23,20,9,18,19,6,20,26,12,7,1,27,91,85,35,30,23,20,9,18,19,6,20,26,12,7,1,27,91,1,11.2,151.8,0.12,0,NA,54.5,0.55,14.7,62.3,0,6.3,16.7,"2023-2024"
"VAL","CRV","12_6","Regular Season","Luka  Mitrovic",22,6,2,4,50,0,0,NA,2,4,50,1,2,3,3,0,0,0,1,5,2,4,"A","L",81,24,26,31,18,7,24,19,5,32,37,4,16,1,24,96,81,24,26,31,18,7,24,19,5,32,37,4,16,1,24,96,0.75,4.6,130.4,0.02,65.2,Inf,50,1,4.6,52.1,0,2.6,10,"2023-2024"
"VAL","CRV","12_6","Regular Season","Joel  Bolomboy",26,12,4,5,80,0,0,NA,4,4,100,2,5,7,0,0,1,1,0,2,2,18,"A","L",81,24,26,31,18,7,24,19,5,32,37,4,16,1,24,96,81,24,26,31,18,7,24,19,5,32,37,4,16,1,24,96,1.33,5.5,218.2,0.11,0,0,80,0.8,11.9,88.8,18.18,3,20,"2023-2024"
"VAL","CRV","12_6","Regular Season","Nemanja  Nedovic",18,14,5,7,71.4,1,3,33.3,1,2,50,0,0,0,0,0,5,0,0,3,3,4,"A","L",81,24,26,31,18,7,24,19,5,32,37,4,16,1,24,96,81,24,26,31,18,7,24,19,5,32,37,4,16,1,24,96,1.17,15.2,92.1,0.01,0,0,65,0.2,2.8,64.3,32.89,8.9,0,"2023-2024"
"VAL","CRV","12_6","Regular Season","Rokas  Giedraitis",22,5,0,0,NA,1,5,20,2,4,50,0,2,2,3,1,0,0,0,2,3,6,"A","L",81,24,26,31,18,7,24,19,5,32,37,4,16,1,24,96,81,24,26,31,18,7,24,19,5,32,37,4,16,1,24,96,0.56,6.5,76.9,0.02,46.2,Inf,30,0.8,4,37,0,3.1,0,"2023-2024"
"VAL","CRV","12_6","Regular Season","Yago Mateus dos Santos",10,1,0,0,NA,0,0,NA,1,2,50,0,1,1,2,0,2,0,0,0,3,4,"A","L",81,24,26,31,18,7,24,19,5,32,37,4,16,1,24,96,81,24,26,31,18,7,24,19,5,32,37,4,16,1,24,96,0.5,2.8,35.7,0.01,71.4,1,NA,Inf,0.3,56.8,71.43,2.9,0,"2023-2024"
"VAL","CRV","12_6","Regular Season","Stefan  Lazarevic",7,0,0,0,NA,0,0,NA,0,0,NA,0,1,1,0,0,0,0,0,1,1,1,"A","L",81,24,26,31,18,7,24,19,5,32,37,4,16,1,24,96,81,24,26,31,18,7,24,19,5,32,37,4,16,1,24,96,NA,0,NA,0,NA,NA,NA,NA,-0.1,NA,NA,0,0,"2023-2024"
"VAL","CRV","12_6","Regular Season","Milos  Teodosic",21,11,1,2,50,1,5,20,6,6,100,0,5,5,9,1,3,0,0,2,4,20,"A","L",81,24,26,31,18,7,24,19,5,32,37,4,16,1,24,96,81,24,26,31,18,7,24,19,5,32,37,4,16,1,24,96,0.85,12.1,90.9,0.12,74.4,3,35.7,0.86,11.9,57.1,24.79,6,0,"2023-2024"
"VAL","CRV","12_6","Regular Season","Dejan  Davidovac",27,5,1,1,100,1,3,33.3,0,0,NA,0,6,6,1,1,0,0,0,3,1,9,"A","L",81,24,26,31,18,7,24,19,5,32,37,4,16,1,24,96,81,24,26,31,18,7,24,19,5,32,37,4,16,1,24,96,1.25,3.8,131.6,0.06,26.3,Inf,62.5,0,5.3,62.5,0,1.5,0,"2023-2024"
"VAL","CRV","12_6","Regular Season","Branko  Lazic",13,6,0,0,NA,0,1,0,6,6,100,0,2,2,0,1,2,0,0,3,6,9,"A","L",81,24,26,31,18,7,24,19,5,32,37,4,16,1,24,96,81,24,26,31,18,7,24,19,5,32,37,4,16,1,24,96,0.86,5.4,111.1,0.02,0,0,0,6,3.7,82.4,37.04,4.4,0,"2023-2024"
"VAL","CRV","12_6","Regular Season","Marko  Simonovic",1,0,0,0,NA,0,0,NA,0,0,NA,0,0,0,0,0,1,0,0,0,0,-1,"A","L",81,24,26,31,18,7,24,19,5,32,37,4,16,1,24,96,81,24,26,31,18,7,24,19,5,32,37,4,16,1,24,96,NA,1,0,-0.01,0,0,NA,NA,-1,NA,100,10,0,"2023-2024"
"VAL","CRV","12_6","Regular Season","Shabazz  Napier",18,14,3,3,100,2,6,33.3,2,3,66.7,2,2,4,1,0,1,0,0,1,2,14,"A","L",81,24,26,31,18,7,24,19,5,32,37,4,16,1,24,96,81,24,26,31,18,7,24,19,5,32,37,4,16,1,24,96,1.17,8.9,157.3,0.08,11.2,1,66.7,0.33,10.6,67.8,11.24,6.3,20,"2023-2024"
"VAL","CRV","12_6","Regular Season","Mike  Tobey",14,7,2,2,100,1,3,33.3,0,0,NA,0,6,6,0,0,1,0,0,2,0,8,"A","L",81,24,26,31,18,7,24,19,5,32,37,4,16,1,24,96,81,24,26,31,18,7,24,19,5,32,37,4,16,1,24,96,1.4,5.8,120.7,0.06,0,0,70,0,4.7,70,17.24,4.3,0,"2023-2024"
"MAC","VIL","12_7","Regular Season","Paris  Lee",29,10,2,5,40,1,2,50,3,4,75,0,1,1,6,3,2,0,1,1,3,14,"H","L",91,43,26,23,25,7,20,19,10,20,30,9,8,1,20,102,91,43,26,23,25,7,20,19,10,20,30,9,8,1,20,102,0.91,10.3,97.1,0.08,58.3,3,50,0.57,11,57.1,19.42,3.4,0,"2023-2024"
"MAC","VIL","12_7","Regular Season","Joffrey  Lauvergne",28,23,8,12,66.7,1,2,50,4,4,100,6,3,9,1,0,1,0,0,4,5,28,"H","L",91,43,26,23,25,7,20,19,10,20,30,9,8,1,20,102,91,43,26,23,25,7,20,19,10,20,30,9,8,1,20,102,1.28,10.3,223.3,0.13,9.7,1,67.9,0.29,20,73,9.71,5.5,30,"2023-2024"
"MAC","VIL","12_7","Regular Season","Timothe  Luwawu-Cabarrot",31,19,6,9,66.7,1,5,20,4,4,100,1,2,3,3,0,0,0,0,3,2,17,"H","L",91,43,26,23,25,7,20,19,10,20,30,9,8,1,20,102,91,43,26,23,25,7,20,19,10,20,30,9,8,1,20,102,1.06,14.2,133.8,0.09,21.1,Inf,53.6,0.29,14.2,60.3,0,4.7,5,"2023-2024"
"MAC","VIL","12_7","Regular Season","Youssoupha  Fall",16,2,1,3,33.3,0,0,NA,0,0,NA,0,5,5,1,0,1,0,0,4,2,3,"H","L",91,43,26,23,25,7,20,19,10,20,30,9,8,1,20,102,91,43,26,23,25,7,20,19,10,20,30,9,8,1,20,102,0.67,3.8,52.6,0.01,26.3,1,33.3,0,-0.1,33.3,26.32,2.3,0,"2023-2024"
"MAC","VIL","12_7","Regular Season","David  Lighty",12,0,0,0,NA,0,1,0,0,0,NA,0,3,3,0,1,1,0,0,2,0,0,"H","L",91,43,26,23,25,7,20,19,10,20,30,9,8,1,20,102,91,43,26,23,25,7,20,19,10,20,30,9,8,1,20,102,0,1.9,0,0,0,0,0,0,-0.6,0,52.63,1.5,0,"2023-2024"
"MAC","VIL","12_7","Regular Season","Mike  Scott",27,6,3,4,75,0,5,0,0,0,NA,1,5,6,3,3,1,0,0,2,0,9,"H","L",91,43,26,23,25,7,20,19,10,20,30,9,8,1,20,102,91,43,26,23,25,7,20,19,10,20,30,9,8,1,20,102,0.67,8.6,69.8,0.06,34.9,3,33.3,0,6.4,33.3,11.63,3.4,5,"2023-2024"
"MAC","VIL","12_7","Regular Season","Edwin  Jackson",23,7,1,3,33.3,1,1,100,2,2,100,0,0,0,0,2,0,1,0,2,2,8,"H","L",91,43,26,23,25,7,20,19,10,20,30,9,8,1,20,102,91,43,26,23,25,7,20,19,10,20,30,9,8,1,20,102,1.17,4.7,148.9,0.04,0,NA,62.5,0.5,6.9,71.7,0,1.9,0,"2023-2024"
"MAC","VIL","12_7","Regular Season","Nando  de Colo",23,22,3,5,60,3,10,30,7,9,77.8,0,1,1,4,0,1,0,1,2,7,19,"H","L",91,43,26,23,25,7,20,19,10,20,30,9,8,1,20,102,91,43,26,23,25,7,20,19,10,20,30,9,8,1,20,102,0.92,19.2,114.6,0.08,20.8,4,50,0.6,14.4,58,5.21,8,0,"2023-2024"
"MAC","VIL","12_7","Regular Season","John  Egbunu",8,2,1,1,100,0,0,NA,0,0,NA,2,0,2,1,0,1,0,0,0,1,5,"H","L",91,43,26,23,25,7,20,19,10,20,30,9,8,1,20,102,91,43,26,23,25,7,20,19,10,20,30,9,8,1,20,102,2,0,Inf,0.02,Inf,1,100,0,2.8,100,Inf,2.3,10,"2023-2024"
"MAC","VIL","12_7","Regular Season","Noam  Yaacov",1,0,0,1,0,0,0,NA,0,0,NA,0,0,0,0,0,0,0,1,0,1,-1,"H","L",91,43,26,23,25,7,20,19,10,20,30,9,8,1,20,102,91,43,26,23,25,7,20,19,10,20,30,9,8,1,20,102,0,1,0,-0.01,0,NA,0,0,-0.7,0,0,9.2,0,"2023-2024"
"VIL","MAC","12_7","Regular Season","Lorenzo  Brown",28,16,2,4,50,2,6,33.3,6,7,85.7,1,5,6,4,0,4,0,0,2,4,17,"A","W",94,46,27,19,28,8,14,19,14,26,40,4,10,3,23,104,94,46,27,19,28,8,14,19,14,26,40,4,10,3,23,104,0.94,15.4,103.9,0.08,26,1,50,0.7,10.4,61.2,25.97,5.3,3.6,"2023-2024"
"VIL","MAC","12_7","Regular Season","Wade  Baldwin IV",34,21,7,8,87.5,2,6,33.3,1,2,50,1,2,3,8,1,2,1,0,3,4,27,"A","W",94,46,27,19,28,8,14,19,14,26,40,4,10,3,23,104,94,46,27,19,28,8,14,19,14,26,40,4,10,3,23,104,1.31,15.2,138.2,0.14,52.6,4,71.4,0.14,19.8,70.6,13.16,4.3,3.6,"2023-2024"
"VIL","MAC","12_7","Regular Season","Jake  Cohen",9,0,0,0,NA,0,2,0,0,0,NA,0,1,1,0,1,0,0,0,1,2,1,"A","W",94,46,27,19,28,8,14,19,14,26,40,4,10,3,23,104,94,46,27,19,28,8,14,19,14,26,40,4,10,3,23,104,0,1.9,0,-0.01,0,NA,0,0,-0.5,0,0,1.9,0,"2023-2024"
"VIL","MAC","12_7","Regular Season","Josh  Nebo",18,9,3,6,50,0,0,NA,3,4,75,5,2,7,0,0,0,0,0,3,3,12,"A","W",94,46,27,19,28,8,14,19,14,26,40,4,10,3,23,104,94,46,27,19,28,8,14,19,14,26,40,4,10,3,23,104,0.9,2.6,346.2,0.04,0,NA,50,0.67,8.5,58,0,3.8,17.9,"2023-2024"
"VIL","MAC","12_7","Regular Season","Bonzie  Colson",29,15,6,7,85.7,1,4,25,0,0,NA,1,4,5,1,0,1,0,0,2,0,14,"A","W",94,46,27,19,28,8,14,19,14,26,40,4,10,3,23,104,94,46,27,19,28,8,14,19,14,26,40,4,10,3,23,104,1.36,10.6,141.5,0.09,9.4,1,68.2,0,10.9,68.2,9.43,3.6,3.6,"2023-2024"
"VIL","MAC","12_7","Regular Season","Antonius  Cleveland",9,3,1,4,25,0,1,0,1,1,100,2,1,3,0,0,0,0,0,3,1,0,"A","W",94,46,27,19,28,8,14,19,14,26,40,4,10,3,23,104,94,46,27,19,28,8,14,19,14,26,40,4,10,3,23,104,0.5,3.3,90.9,-0.01,0,NA,20,0.2,0.4,27.6,0,5.3,7.1,"2023-2024"
"VIL","MAC","12_7","Regular Season","James  Webb III",4,0,0,0,NA,0,0,NA,0,0,NA,0,0,0,0,0,0,1,0,2,0,-1,"A","W",94,46,27,19,28,8,14,19,14,26,40,4,10,3,23,104,94,46,27,19,28,8,14,19,14,26,40,4,10,3,23,104,NA,0,NA,-0.01,NA,NA,NA,NA,-0.1,NA,NA,0,0,"2023-2024"
"VIL","MAC","12_7","Regular Season","Rafael  Menco",5,2,1,3,33.3,0,2,0,0,0,NA,0,0,0,0,0,0,0,0,0,0,-2,"A","W",94,46,27,19,28,8,14,19,14,26,40,4,10,3,23,104,94,46,27,19,28,8,14,19,14,26,40,4,10,3,23,104,0.4,4.8,41.7,-0.01,0,NA,20,0,-1.1,20,0,8.8,0,"2023-2024"
"VIL","MAC","12_7","Regular Season","Roman  Sorkin",26,15,7,8,87.5,0,2,0,1,1,100,3,5,8,0,0,1,0,0,1,3,21,"A","W",94,46,27,19,28,8,14,19,14,26,40,4,10,3,23,104,94,46,27,19,28,8,14,19,14,26,40,4,10,3,23,104,1.36,8.1,185.2,0.11,0,0,70,0.1,13,71.8,12.35,3.9,10.7,"2023-2024"
"VIL","MAC","12_7","Regular Season","Jasiel  Rivero",22,4,1,6,16.7,0,0,NA,2,4,50,1,4,5,1,1,0,1,1,4,2,2,"A","W",94,46,27,19,28,8,14,19,14,26,40,4,10,3,23,104,94,46,27,19,28,8,14,19,14,26,40,4,10,3,23,104,0.4,6.5,61.5,0,15.4,Inf,16.7,0.67,2.1,25.8,0,3.1,3.6,"2023-2024"
"VIL","MAC","12_7","Regular Season","Tamir  Blatt",15,9,0,0,NA,3,4,75,0,0,NA,0,2,2,5,1,2,0,0,2,1,13,"A","W",94,46,27,19,28,8,14,19,14,26,40,4,10,3,23,104,94,46,27,19,28,8,14,19,14,26,40,4,10,3,23,104,2.25,5.8,155.2,0.08,86.2,2.5,112.5,0,9.7,112.5,34.48,3.5,0,"2023-2024"
"BAR","BOL","12_8","Regular Season","Isaia  Cordinier",21,10,2,4,50,2,2,100,0,0,NA,0,5,5,4,1,1,1,0,2,1,17,"H","W",80,40,25,20,17,11,13,17,12,22,34,9,13,2,18,88,80,40,25,20,17,11,13,17,12,22,34,9,13,2,18,88,1.67,6.7,149.3,0.13,59.7,4,83.3,0,11.6,83.3,14.93,3.1,0,"2023-2024"
"BAR","BOL","12_8","Regular Season","Marco  Belinelli",22,8,0,4,0,1,3,33.3,5,6,83.3,0,1,1,3,1,3,0,0,1,4,6,"H","W",80,40,25,20,17,11,13,17,12,22,34,9,13,2,18,88,80,40,25,20,17,11,13,17,12,22,34,9,13,2,18,88,0.62,12.1,66.1,0.02,24.8,1,21.4,0.86,3.1,41.5,24.79,5.3,0,"2023-2024"
"BAR","BOL","12_8","Regular Season","Tornike  Shengelia",32,14,2,8,25,2,5,40,4,6,66.7,2,7,9,2,1,5,0,1,1,7,15,"H","W",80,40,25,20,17,11,13,17,12,22,34,9,13,2,18,88,80,40,25,20,17,11,13,17,12,22,34,9,13,2,18,88,0.74,17.9,78.2,0.07,11.2,0.4,38.5,0.46,6.2,44.8,27.93,5.9,8.3,"2023-2024"
"BAR","BOL","12_8","Regular Season","Daniel  Hackett",32,14,3,7,42.9,2,5,40,2,2,100,3,1,4,6,2,0,0,1,3,5,20,"H","W",80,40,25,20,17,11,13,17,12,22,34,9,13,2,18,88,80,40,25,20,17,11,13,17,12,22,34,9,13,2,18,88,1,9.5,147.4,0.12,63.2,Inf,50,0.17,15,54.3,0,3.7,12.5,"2023-2024"
"BAR","BOL","12_8","Regular Season","Bryant  Dunston",20,1,0,0,NA,0,0,NA,1,2,50,1,1,2,0,1,1,0,0,4,1,-1,"H","W",80,40,25,20,17,11,13,17,12,22,34,9,13,2,18,88,80,40,25,20,17,11,13,17,12,22,34,9,13,2,18,88,0.5,0.8,125,-0.02,0,0,NA,Inf,0,56.8,125,0.9,4.2,"2023-2024"
"BAR","BOL","12_8","Regular Season","Gabriel  Lundberg",19,21,4,4,100,4,7,57.1,1,2,50,1,0,1,2,1,1,0,0,0,1,21,"H","W",80,40,25,20,17,11,13,17,12,22,34,9,13,2,18,88,80,40,25,20,17,11,13,17,12,22,34,9,13,2,18,88,1.62,11.4,184.2,0.16,17.5,2,90.9,0.18,18.2,88.4,8.77,6.2,4.2,"2023-2024"
"BAR","BOL","12_8","Regular Season","Jaleen  Smith",4,0,0,0,NA,0,0,NA,0,0,NA,0,0,0,0,0,1,0,0,2,0,-3,"H","W",80,40,25,20,17,11,13,17,12,22,34,9,13,2,18,88,80,40,25,20,17,11,13,17,12,22,34,9,13,2,18,88,NA,1,0,-0.03,0,0,NA,NA,-1.8,NA,100,2.3,0,"2023-2024"
"BAR","BOL","12_8","Regular Season","Ognjen  Dobric",18,2,1,4,25,0,1,0,0,0,NA,0,5,5,0,0,0,0,0,1,1,3,"H","W",80,40,25,20,17,11,13,17,12,22,34,9,13,2,18,88,80,40,25,20,17,11,13,17,12,22,34,9,13,2,18,88,0.4,4.8,41.7,0.02,0,NA,20,0,0,20,0,2.6,0,"2023-2024"
"BAR","BOL","12_8","Regular Season","Bruno  Mascolo",4,2,1,3,33.3,0,0,NA,0,0,NA,1,0,1,0,0,0,0,0,1,0,0,"H","W",80,40,25,20,17,11,13,17,12,22,34,9,13,2,18,88,80,40,25,20,17,11,13,17,12,22,34,9,13,2,18,88,0.67,1.9,105.3,0,0,NA,33.3,0,0.6,33.3,0,6.9,4.2,"2023-2024"
"BAR","BOL","12_8","Regular Season","Devontae  Cacok",4,0,0,0,NA,0,0,NA,0,0,NA,0,0,0,0,0,0,1,0,1,1,1,"H","W",80,40,25,20,17,11,13,17,12,22,34,9,13,2,18,88,80,40,25,20,17,11,13,17,12,22,34,9,13,2,18,88,NA,0,NA,0,NA,NA,NA,NA,0.3,NA,NA,0,0,"2023-2024"
"BAR","BOL","12_8","Regular Season","Jordan  Mickey",21,8,4,6,66.7,0,1,0,0,2,0,4,2,6,0,1,1,0,0,2,2,9,"H","W",80,40,25,20,17,11,13,17,12,22,34,9,13,2,18,88,80,40,25,20,17,11,13,17,12,22,34,9,13,2,18,88,0.89,4.7,170.2,0.04,0,0,57.1,0.29,6.5,50.8,21.28,3.9,16.7,"2023-2024"
"BAR","BOL","12_8","Regular Season","Awudu  Abass",2,0,0,0,NA,0,1,0,0,0,NA,0,0,0,0,1,0,0,0,0,0,0,"H","W",80,40,25,20,17,11,13,17,12,22,34,9,13,2,18,88,80,40,25,20,17,11,13,17,12,22,34,9,13,2,18,88,0,1,0,0,0,NA,0,0,0.3,0,0,4.6,0,"2023-2024"
"BOL","BAR","12_8","Regular Season","Oscar  da Silva",19,3,1,2,50,0,2,0,1,2,50,0,5,5,0,1,0,0,1,2,1,3,"A","L",75,38,20,12,23,7,8,20,7,24,31,5,17,2,23,76,75,38,20,12,23,7,8,20,7,24,31,5,17,2,23,76,0.5,4.7,63.8,0.03,0,NA,25,0.5,1.9,30.7,0,2.6,0,"2023-2024"
"BOL","BAR","12_8","Regular Season","Jan  Vesely",24,13,6,9,66.7,0,0,NA,1,2,50,2,4,6,1,1,2,1,0,2,3,17,"A","L",75,38,20,12,23,7,8,20,7,24,31,5,17,2,23,76,75,38,20,12,23,7,8,20,7,24,31,5,17,2,23,76,1.18,9.5,136.8,0.11,10.5,0.5,66.7,0.22,10.9,65.8,21.05,4.9,14.3,"2023-2024"
"BOL","BAR","12_8","Regular Season","Nikola  Kalinic",26,7,2,3,66.7,1,1,100,0,0,NA,0,2,2,1,0,2,0,0,2,0,5,"A","L",75,38,20,12,23,7,8,20,7,24,31,5,17,2,23,76,75,38,20,12,23,7,8,20,7,24,31,5,17,2,23,76,1.75,5.8,120.7,0.04,17.2,0.5,87.5,0,3.9,87.5,34.48,2.3,0,"2023-2024"
"BOL","BAR","12_8","Regular Season","Tomas  Satoransky",27,9,3,4,75,1,4,25,0,0,NA,0,5,5,5,0,3,0,0,4,1,9,"A","L",75,38,20,12,23,7,8,20,7,24,31,5,17,2,23,76,75,38,20,12,23,7,8,20,7,24,31,5,17,2,23,76,1.12,10.6,84.9,0.07,47.2,1.7,56.2,0,5.4,56.2,28.3,4.1,0,"2023-2024"
"BOL","BAR","12_8","Regular Season","Nicolas  Laprovittola",26,9,1,4,25,2,4,50,1,2,50,0,0,0,8,0,3,0,0,2,3,9,"A","L",75,38,20,12,23,7,8,20,7,24,31,5,17,2,23,76,75,38,20,12,23,7,8,20,7,24,31,5,17,2,23,76,0.9,11.4,78.9,0.05,70.2,2.7,50,0.25,6,50.7,26.32,4.6,0,"2023-2024"
"BOL","BAR","12_8","Regular Season","Oriol  Pauli",0,0,0,0,NA,0,0,NA,0,0,NA,0,0,0,0,0,0,0,0,0,0,0,"A","L",75,38,20,12,23,7,8,20,7,24,31,5,17,2,23,76,75,38,20,12,23,7,8,20,7,24,31,5,17,2,23,76,NA,0,NA,0,NA,NA,NA,NA,0,NA,NA,NA,0,"2023-2024"
"BOL","BAR","12_8","Regular Season","Dario  Brizuela",13,9,4,7,57.1,0,1,0,1,1,100,0,0,0,1,0,0,0,0,0,0,6,"A","L",75,38,20,12,23,7,8,20,7,24,31,5,17,2,23,76,75,38,20,12,23,7,8,20,7,24,31,5,17,2,23,76,1,8.1,111.1,0.05,12.3,Inf,50,0.12,5.7,53.3,0,6.5,0,"2023-2024"
"BOL","BAR","12_8","Regular Season","Willy  Hernangomez",16,15,6,8,75,0,1,0,3,3,100,2,3,5,0,1,2,1,0,3,4,18,"A","L",75,38,20,12,23,7,8,20,7,24,31,5,17,2,23,76,75,38,20,12,23,7,8,20,7,24,31,5,17,2,23,76,1.25,9.9,151.5,0.11,0,0,66.7,0.33,11.9,72.7,20.2,7.7,14.3,"2023-2024"
"BOL","BAR","12_8","Regular Season","Alejandro  Abrines",16,6,0,0,NA,2,4,50,0,0,NA,1,3,4,0,2,1,0,0,5,2,6,"A","L",75,38,20,12,23,7,8,20,7,24,31,5,17,2,23,76,75,38,20,12,23,7,8,20,7,24,31,5,17,2,23,76,1.5,3.8,157.9,0.03,0,0,75,0,4.6,75,26.32,3.1,7.1,"2023-2024"
"BOL","BAR","12_8","Regular Season","Jabari  Parker",19,4,0,1,0,1,3,33.3,1,2,50,2,2,4,0,0,1,0,1,3,2,1,"A","L",75,38,20,12,23,7,8,20,7,24,31,5,17,2,23,76,75,38,20,12,23,7,8,20,7,24,31,5,17,2,23,76,0.67,3.7,108.1,-0.01,0,0,37.5,0.5,1,41,27.03,3.1,14.3,"2023-2024"
"BOL","BAR","12_8","Regular Season","Rokas  Jokubaitis",12,0,0,0,NA,0,0,NA,0,0,NA,0,0,0,4,0,3,0,0,0,1,2,"A","L",75,38,20,12,23,7,8,20,7,24,31,5,17,2,23,76,75,38,20,12,23,7,8,20,7,24,31,5,17,2,23,76,NA,2.9,0,0.01,137.9,1.3,NA,NA,-0.2,NA,103.45,2.5,0,"2023-2024"
"BAS","FEN","12_9","Regular Season","Johnathan  Motley",24,11,4,5,80,0,0,NA,3,4,75,1,1,2,1,0,3,0,0,4,3,8,"A","L",79,38,22,11,22,9,8,19,8,20,28,6,12,0,15,89,79,38,22,11,22,9,8,19,8,20,28,6,12,0,15,89,1.22,8.4,131,0.03,11.9,0.3,80,0.8,5.8,81.4,35.71,4.2,6.2,"2023-2024"
"BAS","FEN","12_9","Regular Season","Nigel  Hayes-Davis",36,19,3,7,42.9,4,7,57.1,1,1,100,1,3,4,6,2,0,0,1,1,1,23,"A","L",79,38,22,11,22,9,8,19,8,20,28,6,12,0,15,89,79,38,22,11,22,9,8,19,8,20,28,6,12,0,15,89,1.27,12.9,147.3,0.16,46.5,Inf,64.3,0.07,19.4,65.8,0,4.2,6.2,"2023-2024"
"BAS","FEN","12_9","Regular Season","Dyshawn  Pierre",28,7,3,4,75,0,2,0,1,2,50,1,4,5,0,1,1,0,0,2,4,10,"A","L",79,38,22,11,22,9,8,19,8,20,28,6,12,0,15,89,79,38,22,11,22,9,8,19,8,20,28,6,12,0,15,89,0.88,6.6,106.1,0.04,0,0,50,0.33,4.7,50.9,15.15,2.9,6.2,"2023-2024"
"BAS","FEN","12_9","Regular Season","Marko  Guduric",26,14,3,3,100,2,4,50,2,2,100,1,3,4,3,0,2,0,0,2,1,16,"A","L",79,38,22,11,22,9,8,19,8,20,28,6,12,0,15,89,79,38,22,11,22,9,8,19,8,20,28,6,12,0,15,89,1.56,8.5,164.7,0.11,35.3,1.5,85.7,0.29,12,88.8,23.53,4,6.2,"2023-2024"
"BAS","FEN","12_9","Regular Season","Nick  Calathes",14,3,0,3,0,1,3,33.3,0,0,NA,0,4,4,4,1,3,0,0,0,1,5,"A","L",79,38,22,11,22,9,8,19,8,20,28,6,12,0,15,89,79,38,22,11,22,9,8,19,8,20,28,6,12,0,15,89,0.5,8.6,34.9,0.03,46.5,1.3,25,0,1.2,25,34.88,6.7,0,"2023-2024"
"BAS","FEN","12_9","Regular Season","Scottie  Wilbekin",10,7,2,3,66.7,1,2,50,0,0,NA,0,1,1,1,0,2,0,0,3,1,3,"A","L",79,38,22,11,22,9,8,19,8,20,28,6,12,0,15,89,79,38,22,11,22,9,8,19,8,20,28,6,12,0,15,89,1.4,6.7,104.5,0.01,14.9,0.5,70,0,2.5,70,29.85,7.3,0,"2023-2024"
"BAS","FEN","12_9","Regular Season","Sertac  Sanli",16,3,1,5,20,0,1,0,1,2,50,3,1,4,0,0,0,0,0,2,4,3,"A","L",79,38,22,11,22,9,8,19,8,20,28,6,12,0,15,89,79,38,22,11,22,9,8,19,8,20,28,6,12,0,15,89,0.38,3.7,81.1,-0.02,0,NA,16.7,0.33,0.4,21.8,0,4.5,18.8,"2023-2024"
"BAS","FEN","12_9","Regular Season","Tyler  Dorsey",18,9,3,4,75,1,1,100,0,0,NA,0,2,2,1,0,1,0,0,0,3,13,"A","L",79,38,22,11,22,9,8,19,8,20,28,6,12,0,15,89,79,38,22,11,22,9,8,19,8,20,28,6,12,0,15,89,1.8,5.8,155.2,0.07,17.2,1,90,0,7.4,90,17.24,3.5,0,"2023-2024"
"BAS","FEN","12_9","Regular Season","Yam  Madar",23,6,3,4,75,0,2,0,0,0,NA,1,1,2,2,1,0,0,1,1,0,6,"A","L",79,38,22,11,22,9,8,19,8,20,28,6,12,0,15,89,79,38,22,11,22,9,8,19,8,20,28,6,12,0,15,89,1,4.8,125,0.05,41.7,Inf,50,0,6,50,0,2.7,6.2,"2023-2024"
"BAS","FEN","12_9","Regular Season","Nathan  Sestina",3,0,0,0,NA,0,0,NA,0,0,NA,0,0,0,1,1,0,0,0,0,0,2,"A","L",79,38,22,11,22,9,8,19,8,20,28,6,12,0,15,89,79,38,22,11,22,9,8,19,8,20,28,6,12,0,15,89,NA,0,NA,0.01,Inf,Inf,NA,NA,1.7,NA,NA,0,0,"2023-2024"
"FEN","BAS","12_9","Regular Season","Tadas  Sedekerskis",20,2,1,3,33.3,0,0,NA,0,0,NA,3,1,4,1,1,0,0,0,3,0,3,"H","W",80,39,29,11,21,10,8,14,16,17,33,7,12,2,18,81,80,39,29,11,21,10,8,14,16,17,33,7,12,2,18,81,0.67,0,Inf,0.01,Inf,Inf,33.3,0,3.2,33.3,NA,1.4,9.4,"2023-2024"
"FEN","BAS","12_9","Regular Season","Vanja  Marinkovic",23,13,1,2,50,3,7,42.9,2,2,100,2,2,4,1,0,1,0,0,2,3,13,"H","W",80,39,29,11,21,10,8,14,16,17,33,7,12,2,18,81,80,39,29,11,21,10,8,14,16,17,33,7,12,2,18,81,1.18,8.5,152.9,0.08,11.8,1,61.1,0.22,9.2,65.8,11.76,4.5,6.2,"2023-2024"
"FEN","BAS","12_9","Regular Season","Codi  Miller-McIntyre",31,11,4,7,57.1,1,3,33.3,0,0,NA,2,4,6,4,2,2,0,0,2,3,17,"H","W",80,39,29,11,21,10,8,14,16,17,33,7,12,2,18,81,80,39,29,11,21,10,8,14,16,17,33,7,12,2,18,81,1.1,9.6,114.6,0.11,41.7,2,55,0,10.6,55,20.83,3.7,6.2,"2023-2024"
"FEN","BAS","12_9","Regular Season","Daniel  Diez",5,0,0,0,NA,0,1,0,0,0,NA,1,0,1,0,0,0,0,0,0,0,0,"H","W",80,39,29,11,21,10,8,14,16,17,33,7,12,2,18,81,80,39,29,11,21,10,8,14,16,17,33,7,12,2,18,81,0,0,NA,0,NA,NA,0,0,0,0,NA,1.9,3.1,"2023-2024"
"FEN","BAS","12_9","Regular Season","Maik  Kotsar",29,15,6,8,75,0,0,NA,3,4,75,5,5,10,1,1,2,1,0,2,3,24,"H","W",80,39,29,11,21,10,8,14,16,17,33,7,12,2,18,81,80,39,29,11,21,10,8,14,16,17,33,7,12,2,18,81,1.25,6.5,230.8,0.16,15.4,0.5,75,0.5,16,76.8,30.77,3.8,15.6,"2023-2024"
"FEN","BAS","12_9","Regular Season","Markus  Howard",27,28,7,12,58.3,4,13,30.8,2,3,66.7,2,0,2,2,1,3,0,0,1,4,18,"H","W",80,39,29,11,21,10,8,14,16,17,33,7,12,2,18,81,80,39,29,11,21,10,8,14,16,17,33,7,12,2,18,81,1,26.2,106.9,0.11,7.6,0.7,52,0.12,14.9,53.2,11.45,10.2,6.2,"2023-2024"
"FEN","BAS","12_9","Regular Season","Nico  Mannion",8,3,0,3,0,1,2,50,0,0,NA,0,0,0,1,0,0,0,0,0,0,0,"H","W",80,39,29,11,21,10,8,14,16,17,33,7,12,2,18,81,80,39,29,11,21,10,8,14,16,17,33,7,12,2,18,81,0.6,4.8,62.5,0,20.8,Inf,30,0,0.6,30,0,5.9,0,"2023-2024"
"FEN","BAS","12_9","Regular Season","Nikos  Rogkavopoulos",17,5,1,1,100,1,1,100,0,0,NA,1,3,4,0,1,0,0,0,4,0,6,"H","W",80,39,29,11,21,10,8,14,16,17,33,7,12,2,18,81,80,39,29,11,21,10,8,14,16,17,33,7,12,2,18,81,2.5,1,500,0.05,0,NA,125,0,5.4,125,0,1.1,3.1,"2023-2024"
"FEN","BAS","12_9","Regular Season","Khalifa  Diop",11,0,0,1,0,0,0,NA,0,0,NA,0,0,0,0,0,2,0,0,1,0,-4,"H","W",80,39,29,11,21,10,8,14,16,17,33,7,12,2,18,81,80,39,29,11,21,10,8,14,16,17,33,7,12,2,18,81,0,2.9,0,-0.04,0,0,0,0,-3.1,0,68.97,2.6,0,"2023-2024"
"FEN","BAS","12_9","Regular Season","Chima  Moneke",27,3,1,2,50,0,2,0,1,2,50,0,2,2,4,1,2,1,0,3,2,4,"H","W",80,39,29,11,21,10,8,14,16,17,33,7,12,2,18,81,80,39,29,11,21,10,8,14,16,17,33,7,12,2,18,81,0.5,6.6,45.5,0.01,60.6,2,25,0.5,2.1,30.7,30.3,2.4,0,"2023-2024"
"BER","EFE","13_1","Regular Season","Shane  Larkin",32,32,4,5,80,5,9,55.6,9,9,100,1,3,4,4,3,4,0,0,2,9,41,"A","W",97,35,25,24,21,11,22,22,8,15,23,8,14,1,17,110,97,35,25,24,21,11,22,22,8,15,23,8,14,1,17,110,1.39,20.1,159.2,0.18,19.9,1,82.1,0.64,28.4,89.1,19.9,6.5,6.2,"2023-2024"
"BER","EFE","13_1","Regular Season","Darius  Thompson",35,13,4,7,57.1,0,3,0,5,5,100,1,1,2,8,1,1,0,0,2,4,19,"A","W",97,35,25,24,21,11,22,22,8,15,23,8,14,1,17,110,97,35,25,24,21,11,22,22,8,15,23,8,14,1,17,110,0.87,11.7,111.1,0.08,68.4,8,40,0.5,13.4,53.3,8.55,3.6,6.2,"2023-2024"
"BER","EFE","13_1","Regular Season","Justus  Hollatz",36,9,3,5,60,0,3,0,3,4,75,1,2,3,8,0,0,0,0,1,2,15,"A","W",97,35,25,24,21,11,22,22,8,15,23,8,14,1,17,110,97,35,25,24,21,11,22,22,8,15,23,8,14,1,17,110,0.75,8.4,107.1,0.07,95.2,Inf,37.5,0.5,10.7,46.1,0,2.6,6.2,"2023-2024"
"BER","EFE","13_1","Regular Season","Ercan  Osmani",17,3,0,0,NA,1,2,50,0,0,NA,1,5,6,0,3,2,0,0,3,0,6,"A","W",97,35,25,24,21,11,22,22,8,15,23,8,14,1,17,110,97,35,25,24,21,11,22,22,8,15,23,8,14,1,17,110,1.5,2.9,103.4,0.03,0,0,75,0,4,75,68.97,2.2,6.2,"2023-2024"
"BER","EFE","13_1","Regular Season","Tyrique  Jones",24,13,5,8,62.5,0,0,NA,3,4,75,2,1,3,1,1,2,1,0,4,3,12,"A","W",97,35,25,24,21,11,22,22,8,15,23,8,14,1,17,110,97,35,25,24,21,11,22,22,8,15,23,8,14,1,17,110,1.08,9.4,138.3,0.04,10.6,0.5,62.5,0.5,9.5,66.6,21.28,4.6,12.5,"2023-2024"
"BER","EFE","13_1","Regular Season","Erten  Gazi",14,0,0,0,NA,0,1,0,0,0,NA,0,0,0,1,0,3,0,0,1,1,-3,"A","W",97,35,25,24,21,11,22,22,8,15,23,8,14,1,17,110,97,35,25,24,21,11,22,22,8,15,23,8,14,1,17,110,0,3.8,0,-0.02,26.3,0.3,0,0,-3.4,0,78.95,2.7,0,"2023-2024"
"BER","EFE","13_1","Regular Season","Daniel  Oturu",18,10,5,9,55.6,0,0,NA,0,0,NA,2,2,4,0,0,1,0,0,3,0,6,"A","W",97,35,25,24,21,11,22,22,8,15,23,8,14,1,17,110,97,35,25,24,21,11,22,22,8,15,23,8,14,1,17,110,1.11,7.7,129.9,0.03,0,0,55.6,0,5.5,55.6,12.99,5.3,12.5,"2023-2024"
"BER","EFE","13_1","Regular Season","Mike  Daum",23,17,0,1,0,5,7,71.4,2,2,100,0,1,1,0,0,1,0,0,1,1,14,"A","W",97,35,25,24,21,11,22,22,8,15,23,8,14,1,17,110,97,35,25,24,21,11,22,22,8,15,23,8,14,1,17,110,1.7,9.5,178.9,0.08,0,0,93.8,0.25,12.3,95.7,10.53,4.1,0,"2023-2024"
"EFE","BER","13_1","Regular Season","Matteo  Spagnolo",22,12,3,4,75,2,4,50,0,0,NA,0,1,1,5,0,2,0,0,0,1,14,"H","L",89,36,25,10,22,12,9,14,12,16,28,4,18,0,20,85,89,36,25,10,22,12,9,14,12,16,28,4,18,0,20,85,1.5,9.6,125,0.1,52.1,2.5,75,0,10.2,75,20.83,4.4,0,"2023-2024"
"EFE","BER","13_1","Regular Season","Yannick  Wetzell",15,2,1,2,50,0,0,NA,0,0,NA,3,1,4,1,0,5,0,1,5,0,-5,"H","L",89,36,25,10,22,12,9,14,12,16,28,4,18,0,20,85,89,36,25,10,22,12,9,14,12,16,28,4,18,0,20,85,1,3.8,52.6,-0.04,26.3,0.2,50,0,-2.9,50,131.58,4.5,12.5,"2023-2024"
"EFE","BER","13_1","Regular Season","Jonas  Mattisseck",20,3,0,0,NA,1,2,50,0,0,NA,0,0,0,2,1,1,0,0,2,4,6,"H","L",89,36,25,10,22,12,9,14,12,16,28,4,18,0,20,85,89,36,25,10,22,12,9,14,12,16,28,4,18,0,20,85,1.5,2.9,103.4,0.02,69,2,75,0,2.6,75,34.48,1.4,0,"2023-2024"
"EFE","BER","13_1","Regular Season","Johannes  Thiemann",29,31,10,12,83.3,2,3,66.7,5,5,100,3,3,6,3,2,3,0,0,0,4,40,"H","L",89,36,25,10,22,12,9,14,12,16,28,4,18,0,20,85,89,36,25,10,22,12,9,14,12,16,28,4,18,0,20,85,1.55,16.5,187.9,0.27,18.2,1,86.7,0.33,29.4,90.1,18.18,6.7,12.5,"2023-2024"
"EFE","BER","13_1","Regular Season","Justin  Bean",26,4,2,3,66.7,0,2,0,0,0,NA,1,5,6,1,0,1,0,0,1,0,6,"H","L",89,36,25,10,22,12,9,14,12,16,28,4,18,0,20,85,89,36,25,10,22,12,9,14,12,16,28,4,18,0,20,85,0.8,4.8,83.3,0.04,20.8,1,40,0,2.8,40,20.83,2.2,4.2,"2023-2024"
"EFE","BER","13_1","Regular Season","Gabriele  Procida",25,16,1,4,25,4,6,66.7,2,2,100,1,1,2,0,0,2,0,0,0,3,14,"H","L",89,36,25,10,22,12,9,14,12,16,28,4,18,0,20,85,89,36,25,10,22,12,9,14,12,16,28,4,18,0,20,85,1.33,11.4,140.4,0.08,0,0,70,0.2,10,73.5,17.54,4.9,4.2,"2023-2024"
"EFE","BER","13_1","Regular Season","Malte  Delow",20,5,1,3,33.3,1,3,33.3,0,0,NA,0,1,1,2,1,2,0,0,3,1,1,"H","L",89,36,25,10,22,12,9,14,12,16,28,4,18,0,20,85,89,36,25,10,22,12,9,14,12,16,28,4,18,0,20,85,0.83,7.7,64.9,0,26,1,41.7,0,1.1,41.7,25.97,3.8,0,"2023-2024"
"EFE","BER","13_1","Regular Season","Tim  Schneider",23,12,3,4,75,2,5,40,0,0,NA,4,3,7,0,0,0,0,0,4,1,12,"H","L",89,36,25,10,22,12,9,14,12,16,28,4,18,0,20,85,89,36,25,10,22,12,9,14,12,16,28,4,18,0,20,85,1.33,4.8,250,0.07,0,NA,66.7,0,9.8,66.7,0,3.8,16.7,"2023-2024"
"EFE","BER","13_1","Regular Season","Kresimir  Nikic",9,4,1,2,50,0,0,NA,2,3,66.7,0,1,1,0,0,1,0,0,3,3,2,"H","L",89,36,25,10,22,12,9,14,12,16,28,4,18,0,20,85,89,36,25,10,22,12,9,14,12,16,28,4,18,0,20,85,0.8,4.1,97.6,-0.01,0,0,50,1.5,0.7,60.2,24.39,4.6,0,"2023-2024"
"EFE","BER","13_1","Regular Season","Christ  Koumadje",11,0,0,2,0,0,0,NA,0,0,NA,0,0,0,0,0,1,0,0,2,0,-5,"H","L",89,36,25,10,22,12,9,14,12,16,28,4,18,0,20,85,89,36,25,10,22,12,9,14,12,16,28,4,18,0,20,85,0,2.9,0,-0.04,0,0,0,0,-3.2,0,34.48,2.6,0,"2023-2024"
"EFE","BER","13_1","Regular Season","Elias  Rapieque",0,0,0,0,NA,0,0,NA,0,0,NA,0,0,0,0,0,0,0,0,0,0,0,"H","L",89,36,25,10,22,12,9,14,12,16,28,4,18,0,20,85,89,36,25,10,22,12,9,14,12,16,28,4,18,0,20,85,NA,0,NA,0,NA,NA,NA,NA,0,NA,NA,NA,0,"2023-2024"
"PAN","RMB","13_2","Regular Season","Facundo  Campazzo",32,8,4,5,80,0,2,0,0,0,NA,0,6,6,6,1,4,0,0,3,2,13,"A","W",90,36,26,6,23,13,5,21,7,27,34,6,12,5,20,108,90,36,26,6,23,13,5,21,7,27,34,6,12,5,20,108,1.14,10.6,75.5,0.06,56.6,1.5,57.1,0,6.5,57.1,37.74,3.6,0,"2023-2024"
"PAN","RMB","13_2","Regular Season","Gabriel  Deck",30,16,4,8,50,2,3,66.7,2,2,100,0,5,5,3,0,1,0,2,2,2,16,"A","W",90,36,26,6,23,13,5,21,7,27,34,6,12,5,20,108,90,36,26,6,23,13,5,21,7,27,34,6,12,5,20,108,1.23,12.4,129,0.09,24.2,3,63.6,0.18,12.5,67.3,8.06,4.5,0,"2023-2024"
"PAN","RMB","13_2","Regular Season","Walter  Tavares",23,10,5,5,100,0,0,NA,0,0,NA,4,5,9,2,1,1,2,0,3,2,22,"A","W",90,36,26,6,23,13,5,21,7,27,34,6,12,5,20,108,90,36,26,6,23,13,5,21,7,27,34,6,12,5,20,108,2,1.9,526.3,0.09,105.3,2,100,0,14.4,100,52.63,2.7,28.6,"2023-2024"
"PAN","RMB","13_2","Regular Season","Eli  Ndiaye",6,2,1,1,100,0,1,0,0,0,NA,0,1,1,2,0,2,0,0,1,0,1,"A","W",90,36,26,6,23,13,5,21,7,27,34,6,12,5,20,108,90,36,26,6,23,13,5,21,7,27,34,6,12,5,20,108,1,3.8,52.6,0.01,52.6,1,50,0,0.3,50,52.63,7,0,"2023-2024"
"PAN","RMB","13_2","Regular Season","Dzanan  Musa",20,14,1,2,50,4,9,44.4,0,0,NA,0,2,2,3,0,1,0,0,1,1,12,"A","W",90,36,26,6,23,13,5,21,7,27,34,6,12,5,20,108,90,36,26,6,23,13,5,21,7,27,34,6,12,5,20,108,1.27,11.5,121.7,0.06,26.1,3,63.6,0,9.6,63.6,8.7,6.3,0,"2023-2024"
"PAN","RMB","13_2","Regular Season","Fabien  Causeur",18,5,1,2,50,1,3,33.3,0,0,NA,1,3,4,0,0,1,0,0,1,1,5,"A","W",90,36,26,6,23,13,5,21,7,27,34,6,12,5,20,108,90,36,26,6,23,13,5,21,7,27,34,6,12,5,20,108,1,4.8,104.2,0.02,0,0,50,0,2.5,50,20.83,3.5,7.1,"2023-2024"
"PAN","RMB","13_2","Regular Season","Rudy  Fernandez",15,3,0,0,NA,1,1,100,0,0,NA,0,1,1,0,0,0,0,0,4,0,0,"A","W",90,36,26,6,23,13,5,21,7,27,34,6,12,5,20,108,90,36,26,6,23,13,5,21,7,27,34,6,12,5,20,108,3,1,300,0,0,NA,150,0,1.4,150,0,0.7,0,"2023-2024"
"PAN","RMB","13_2","Regular Season","Mario  Hezonja",23,19,5,8,62.5,2,3,66.7,3,4,75,1,0,1,2,4,0,0,0,0,2,23,"A","W",90,36,26,6,23,13,5,21,7,27,34,6,12,5,20,108,90,36,26,6,23,13,5,21,7,27,34,6,12,5,20,108,1.27,11.3,168.1,0.11,17.7,Inf,72.7,0.36,19.8,74.5,0,5.8,7.1,"2023-2024"
"PAN","RMB","13_2","Regular Season","Vincent  Poirier",16,2,1,2,50,0,0,NA,0,0,NA,1,1,2,1,0,0,3,0,3,1,5,"A","W",90,36,26,6,23,13,5,21,7,27,34,6,12,5,20,108,90,36,26,6,23,13,5,21,7,27,34,6,12,5,20,108,1,1,200,0.01,100,Inf,50,0,3.6,50,0,1.3,7.1,"2023-2024"
"PAN","RMB","13_2","Regular Season","Sergio  Llull",15,11,1,3,33.3,3,4,75,0,0,NA,0,3,3,2,0,2,0,0,2,2,11,"A","W",90,36,26,6,23,13,5,21,7,27,34,6,12,5,20,108,90,36,26,6,23,13,5,21,7,27,34,6,12,5,20,108,1.57,8.6,127.9,0.05,23.3,1,78.6,0,7.2,78.6,23.26,6.3,0,"2023-2024"
"RMB","PAN","13_2","Regular Season","Luca  Vildoza",32,4,2,6,33.3,0,5,0,0,0,NA,0,1,1,4,2,1,0,0,2,2,1,"H","L",78,45,23,14,23,7,11,12,11,14,25,7,9,2,13,75,78,45,23,14,23,7,11,12,11,14,25,7,9,2,13,75,0.36,11.5,34.8,-0.01,34.8,4,18.2,0,0.4,18.2,8.7,3.6,0,"2023-2024"
"RMB","PAN","13_2","Regular Season","Aleksander  Balcerowski",10,3,1,1,100,0,2,0,1,1,100,1,1,2,0,1,0,0,0,1,2,5,"H","L",78,45,23,14,23,7,11,12,11,14,25,7,9,2,13,75,78,45,23,14,23,7,11,12,11,14,25,7,9,2,13,75,0.75,2.3,130.4,0.02,0,NA,33.3,0.33,2.9,43.6,0,3.3,4.5,"2023-2024"
"RMB","PAN","13_2","Regular Season","Kendrick  Nunn",32,24,6,12,50,3,6,50,3,3,100,0,3,3,4,0,3,1,2,2,3,19,"H","L",78,45,23,14,23,7,11,12,11,14,25,7,9,2,13,75,78,45,23,14,23,7,11,12,11,14,25,7,9,2,13,75,1.14,21.4,112.1,0.16,18.7,1.3,58.3,0.17,15.6,62.1,14.02,6.7,0,"2023-2024"
"RMB","PAN","13_2","Regular Season","Marius  Grigonis",24,3,0,0,NA,1,4,25,0,0,NA,0,4,4,1,1,0,0,0,3,0,3,"H","L",78,45,23,14,23,7,11,12,11,14,25,7,9,2,13,75,78,45,23,14,23,7,11,12,11,14,25,7,9,2,13,75,0.75,3.8,78.9,0.03,26.3,Inf,37.5,0,2.3,37.5,0,1.6,0,"2023-2024"
"RMB","PAN","13_2","Regular Season","Konstantinos  Mitoglou",28,15,7,12,58.3,0,1,0,1,3,33.3,7,2,9,2,1,1,0,1,1,3,19,"H","L",78,45,23,14,23,7,11,12,11,14,25,7,9,2,13,75,78,45,23,14,23,7,11,12,11,14,25,7,9,2,13,75,0.94,8,187.5,0.12,25,2,53.8,0.23,14.4,52.4,12.5,5.3,31.8,"2023-2024"
"RMB","PAN","13_2","Regular Season","Kostas  Sloukas",13,6,0,1,0,2,3,66.7,0,0,NA,0,0,0,1,1,4,0,1,0,1,2,"H","L",78,45,23,14,23,7,11,12,11,14,25,7,9,2,13,75,78,45,23,14,23,7,11,12,11,14,25,7,9,2,13,75,1.5,7.7,77.9,0.02,13,0.2,75,0,1.7,75,51.95,5.9,0,"2023-2024"
"RMB","PAN","13_2","Regular Season","Jerian  Grant",18,5,1,2,50,1,2,50,0,0,NA,1,0,1,0,1,0,0,0,0,1,6,"H","L",78,45,23,14,23,7,11,12,11,14,25,7,9,2,13,75,78,45,23,14,23,7,11,12,11,14,25,7,9,2,13,75,1.25,2.9,172.4,0.04,0,NA,62.5,0,4.7,62.5,0,2.1,4.5,"2023-2024"
"RMB","PAN","13_2","Regular Season","Mathias  Lessort",30,18,6,11,54.5,0,0,NA,6,7,85.7,2,2,4,0,0,0,1,1,3,7,20,"H","L",78,45,23,14,23,7,11,12,11,14,25,7,9,2,13,75,78,45,23,14,23,7,11,12,11,14,25,7,9,2,13,75,1,11.6,155.2,0.11,0,NA,54.5,0.64,13.8,63.9,0,4.5,9.1,"2023-2024"
"RMB","PAN","13_2","Regular Season","Eleftherios  Mantzoukas",12,0,0,0,NA,0,0,NA,0,0,NA,0,1,1,0,0,0,0,0,1,0,0,"H","L",78,45,23,14,23,7,11,12,11,14,25,7,9,2,13,75,78,45,23,14,23,7,11,12,11,14,25,7,9,2,13,75,NA,0,NA,0,NA,NA,NA,NA,-0.1,NA,NA,0,0,"2023-2024"
"MIL","PAR","13_3","Regular Season","Zach  LeDay",35,15,3,7,42.9,1,2,50,6,6,100,1,2,3,1,0,1,0,0,2,6,17,"H","W",82,31,21,16,19,10,14,13,3,19,22,4,8,4,23,91,82,31,21,16,19,10,14,13,3,19,22,4,8,4,23,91,1,11.2,133.9,0.08,8.9,1,50,0.67,10.5,64.4,8.93,4.3,16.7,"2023-2024"
"MIL","PAR","13_3","Regular Season","Aleksa  Avramovic",5,0,0,0,NA,0,1,0,0,0,NA,0,0,0,2,0,0,0,0,1,1,1,"H","W",82,31,21,16,19,10,14,13,3,19,22,4,8,4,23,91,82,31,21,16,19,10,14,13,3,19,22,4,8,4,23,91,0,1,0,0,200,Inf,0,0,0.3,0,0,2.4,0,"2023-2024"
"MIL","PAR","13_3","Regular Season","Alen  Smailagic",25,9,4,4,100,0,0,NA,1,2,50,0,6,6,0,0,0,2,0,5,1,12,"H","W",82,31,21,16,19,10,14,13,3,19,22,4,8,4,23,91,82,31,21,16,19,10,14,13,3,19,22,4,8,4,23,91,1.5,4.7,191.5,0.08,0,NA,100,0.5,8.6,92.2,0,2.3,0,"2023-2024"
"MIL","PAR","13_3","Regular Season","Mateusz  Ponitka",8,2,1,1,100,0,0,NA,0,0,NA,0,0,0,0,1,2,0,0,0,1,2,"H","W",82,31,21,16,19,10,14,13,3,19,22,4,8,4,23,91,82,31,21,16,19,10,14,13,3,19,22,4,8,4,23,91,2,2.9,69,0.01,0,0,100,0,0.7,100,68.97,4.5,0,"2023-2024"
"MIL","PAR","13_3","Regular Season","Bruno  Caboclo",23,16,2,3,66.7,3,3,100,3,4,75,2,3,5,0,0,4,0,0,4,4,15,"H","W",82,31,21,16,19,10,14,13,3,19,22,4,8,4,23,91,82,31,21,16,19,10,14,13,3,19,22,4,8,4,23,91,1.6,9.4,170.2,0.08,0,0,108.3,0.67,10.1,103.1,42.55,6.1,33.3,"2023-2024"
"MIL","PAR","13_3","Regular Season","Kevin  Punter",29,19,3,4,75,3,5,60,4,4,100,0,0,0,3,2,1,0,0,1,3,22,"H","W",82,31,21,16,19,10,14,13,3,19,22,4,8,4,23,91,82,31,21,16,19,10,14,13,3,19,22,4,8,4,23,91,1.46,11.3,168.1,0.15,26.5,3,83.3,0.44,17.8,88.3,8.85,4.8,0,"2023-2024"
"MIL","PAR","13_3","Regular Season","Ognjen  Jaramaz",11,0,0,1,0,0,1,0,0,0,NA,0,2,2,2,0,0,0,0,3,0,-1,"H","W",82,31,21,16,19,10,14,13,3,19,22,4,8,4,23,91,82,31,21,16,19,10,14,13,3,19,22,4,8,4,23,91,0,1.9,0,-0.01,105.3,Inf,0,0,-0.6,0,0,2.2,0,"2023-2024"
"MIL","PAR","13_3","Regular Season","James  Nunnally",29,10,2,4,50,2,5,40,0,0,NA,0,3,3,1,0,0,1,0,3,1,8,"H","W",82,31,21,16,19,10,14,13,3,19,22,4,8,4,23,91,82,31,21,16,19,10,14,13,3,19,22,4,8,4,23,91,1.11,8.6,116.3,0.05,11.6,Inf,55.6,0,6.4,55.6,0,3.7,0,"2023-2024"
"MIL","PAR","13_3","Regular Season","Danilo  Andjusic",12,3,0,1,0,1,2,50,0,0,NA,0,1,1,0,0,0,0,0,2,2,2,"H","W",82,31,21,16,19,10,14,13,3,19,22,4,8,4,23,91,82,31,21,16,19,10,14,13,3,19,22,4,8,4,23,91,1,2.9,103.4,0,0,NA,50,0,0.8,50,0,3,0,"2023-2024"
"MIL","PAR","13_3","Regular Season","P.J.  Dozier",21,8,4,6,66.7,0,2,0,0,0,NA,0,2,2,4,1,0,1,0,2,3,13,"H","W",82,31,21,16,19,10,14,13,3,19,22,4,8,4,23,91,82,31,21,16,19,10,14,13,3,19,22,4,8,4,23,91,1,7.7,103.9,0.07,51.9,Inf,50,0,8.3,50,0,4.5,0,"2023-2024"
"PAR","MIL","13_3","Regular Season","Maodo  Lo",25,12,2,2,100,2,7,28.6,2,2,100,1,3,4,5,0,3,0,1,3,4,13,"A","L",69,23,31,19,13,9,16,16,8,18,26,4,11,0,22,66,69,23,31,19,13,9,16,16,8,18,26,4,11,0,22,66,1.09,11.4,105.3,0.11,43.9,1.7,55.6,0.22,8.2,60.7,26.32,5.6,6.2,"2023-2024"
"PAR","MIL","13_3","Regular Season","Alex  Poythress",3,0,0,0,NA,0,0,NA,0,0,NA,0,0,0,0,0,1,0,0,3,0,-4,"A","L",69,23,31,19,13,9,16,16,8,18,26,4,11,0,22,66,69,23,31,19,13,9,16,16,8,18,26,4,11,0,22,66,NA,1,0,-0.05,0,0,NA,NA,-2.2,NA,100,3.6,0,"2023-2024"
"PAR","MIL","13_3","Regular Season","Nicolo  Melli",30,9,2,4,50,1,3,33.3,2,4,50,2,4,6,4,1,0,0,0,2,4,16,"A","L",69,23,31,19,13,9,16,16,8,18,26,4,11,0,22,66,69,23,31,19,13,9,16,16,8,18,26,4,11,0,22,66,0.82,6.5,138.5,0.13,61.5,Inf,50,0.57,10.1,51.4,0,3.2,12.5,"2023-2024"
"PAR","MIL","13_3","Regular Season","Devon  Hall",23,5,1,2,50,1,4,25,0,0,NA,1,4,5,0,1,1,0,0,2,2,6,"A","L",69,23,31,19,13,9,16,16,8,18,26,4,11,0,22,66,69,23,31,19,13,9,16,16,8,18,26,4,11,0,22,66,0.83,5.8,86.2,0.04,0,0,41.7,0,2.7,41.7,17.24,3.3,6.2,"2023-2024"
"PAR","MIL","13_3","Regular Season","Shavon  Shields",33,19,0,2,0,5,10,50,4,4,100,1,2,3,2,1,2,0,1,2,6,19,"A","L",69,23,31,19,13,9,16,16,8,18,26,4,11,0,22,66,69,23,31,19,13,9,16,16,8,18,26,4,11,0,22,66,1.19,14.2,133.8,0.16,14.1,1,62.5,0.33,13.5,69,14.08,5.2,6.2,"2023-2024"
"PAR","MIL","13_3","Regular Season","Stefano  Tonut",21,8,4,4,100,0,1,0,0,0,NA,0,2,2,1,0,1,0,0,2,0,7,"A","L",69,23,31,19,13,9,16,16,8,18,26,4,11,0,22,66,69,23,31,19,13,9,16,16,8,18,26,4,11,0,22,66,1.6,5.8,137.9,0.08,17.2,1,80,0,5.6,80,17.24,3.1,0,"2023-2024"
"PAR","MIL","13_3","Regular Season","Ismael  Kamagate",2,0,0,0,NA,0,0,NA,0,0,NA,0,0,0,0,0,1,0,0,1,1,-1,"A","L",69,23,31,19,13,9,16,16,8,18,26,4,11,0,22,66,69,23,31,19,13,9,16,16,8,18,26,4,11,0,22,66,NA,1,0,-0.02,0,0,NA,NA,-1.4,NA,100,5.5,0,"2023-2024"
"PAR","MIL","13_3","Regular Season","Giampaolo  Ricci",4,0,0,1,0,0,0,NA,0,0,NA,2,0,2,0,0,0,0,0,0,0,1,"A","L",69,23,31,19,13,9,16,16,8,18,26,4,11,0,22,66,69,23,31,19,13,9,16,16,8,18,26,4,11,0,22,66,0,-1,0,0,0,NA,0,0,0.7,0,0,2.7,12.5,"2023-2024"
"PAR","MIL","13_3","Regular Season","Diego  Flaccadori",14,6,1,2,50,0,3,0,4,4,100,0,1,1,0,0,0,0,0,4,2,1,"A","L",69,23,31,19,13,9,16,16,8,18,26,4,11,0,22,66,69,23,31,19,13,9,16,16,8,18,26,4,11,0,22,66,0.67,6.5,92.3,-0.01,0,NA,20,0.8,1.6,44.4,0,5.3,0,"2023-2024"
"PAR","MIL","13_3","Regular Season","Kyle  Hines",25,5,2,4,50,0,0,NA,1,2,50,0,1,1,1,0,1,0,2,3,2,0,"A","L",69,23,31,19,13,9,16,16,8,18,26,4,11,0,22,66,69,23,31,19,13,9,16,16,8,18,26,4,11,0,22,66,0.83,5.6,89.3,0,17.9,1,50,0.5,1.4,51.2,17.86,2.6,0,"2023-2024"
"PAR","MIL","13_3","Regular Season","Johannes  Voigtmann",18,5,1,2,50,0,3,0,3,3,100,1,1,2,3,1,1,0,0,0,2,8,"A","L",69,23,31,19,13,9,16,16,8,18,26,4,11,0,22,66,69,23,31,19,13,9,16,16,8,18,26,4,11,0,22,66,0.62,6.1,82,0.06,49.2,3,20,0.6,5,39.6,16.39,4.4,6.2,"2023-2024"
"BAR","FEN","13_4","Regular Season","Johnathan  Motley",28,15,5,10,50,0,0,NA,5,6,83.3,3,1,4,0,0,1,0,0,3,4,13,"A","L",81,43,20,10,21,10,9,13,10,16,26,3,9,4,20,83,81,43,20,10,21,10,9,13,10,16,26,3,9,4,20,83,0.94,10.2,147.1,0.06,0,0,50,0.6,9.8,59.3,9.8,5.1,15,"2023-2024"
"BAR","FEN","13_4","Regular Season","Nigel  Hayes-Davis",39,18,5,8,62.5,2,4,50,2,2,100,1,0,1,0,1,2,2,0,3,4,16,"A","L",81,43,20,10,21,10,9,13,10,16,26,3,9,4,20,83,81,43,20,10,21,10,9,13,10,16,26,3,9,4,20,83,1.29,13.3,135.3,0.09,0,0,66.7,0.17,12.3,69.9,15.04,4,5,"2023-2024"
"BAR","FEN","13_4","Regular Season","Dyshawn  Pierre",31,5,1,1,100,1,1,100,0,0,NA,3,3,6,2,0,1,0,0,1,0,11,"A","L",81,43,20,10,21,10,9,13,10,16,26,3,9,4,20,83,81,43,20,10,21,10,9,13,10,16,26,3,9,4,20,83,2.5,0,Inf,0.08,Inf,2,125,0,7.4,125,Inf,1,15,"2023-2024"
"BAR","FEN","13_4","Regular Season","Marko  Guduric",13,4,2,5,40,0,0,NA,0,0,NA,0,2,2,0,0,2,0,0,3,1,-1,"A","L",81,43,20,10,21,10,9,13,10,16,26,3,9,4,20,83,81,43,20,10,21,10,9,13,10,16,26,3,9,4,20,83,0.8,6.7,59.7,-0.02,0,0,40,0,-1.3,40,29.85,5.6,0,"2023-2024"
"BAR","FEN","13_4","Regular Season","Nick  Calathes",5,0,0,2,0,0,0,NA,0,0,NA,0,1,1,0,0,0,0,1,2,0,-4,"A","L",81,43,20,10,21,10,9,13,10,16,26,3,9,4,20,83,81,43,20,10,21,10,9,13,10,16,26,3,9,4,20,83,0,1.9,0,-0.03,0,NA,0,0,-1.9,0,0,4.2,0,"2023-2024"
"BAR","FEN","13_4","Regular Season","Scottie  Wilbekin",23,10,2,5,40,2,6,33.3,0,0,NA,0,2,2,3,1,1,0,0,0,5,13,"A","L",81,43,20,10,21,10,9,13,10,16,26,3,9,4,20,83,81,43,20,10,21,10,9,13,10,16,26,3,9,4,20,83,0.91,11.5,87,0.07,26.1,3,45.5,0,6.6,45.5,8.7,5.5,0,"2023-2024"
"BAR","FEN","13_4","Regular Season","Sertac  Sanli",12,7,2,4,50,1,3,33.3,0,0,NA,0,3,3,0,0,0,2,0,2,0,6,"A","L",81,43,20,10,21,10,9,13,10,16,26,3,9,4,20,83,81,43,20,10,21,10,9,13,10,16,26,3,9,4,20,83,1,6.7,104.5,0.04,0,NA,50,0,4.8,50,0,6.1,0,"2023-2024"
"BAR","FEN","13_4","Regular Season","Tarik  Biberovic",8,3,0,0,NA,1,1,100,0,0,NA,0,0,0,1,1,0,0,0,1,1,5,"A","L",81,43,20,10,21,10,9,13,10,16,26,3,9,4,20,83,81,43,20,10,21,10,9,13,10,16,26,3,9,4,20,83,3,1,300,0.03,100,Inf,150,0,4,150,0,1.3,0,"2023-2024"
"BAR","FEN","13_4","Regular Season","Tyler  Dorsey",30,13,1,5,20,3,5,60,2,2,100,3,2,5,7,0,1,0,0,3,3,18,"A","L",81,43,20,10,21,10,9,13,10,16,26,3,9,4,20,83,81,43,20,10,21,10,9,13,10,16,26,3,9,4,20,83,1.08,8.5,152.9,0.12,82.4,7,55,0.2,13,59.7,11.76,4.1,15,"2023-2024"
"BAR","FEN","13_4","Regular Season","Yam  Madar",10,6,3,3,100,0,0,NA,0,0,NA,0,2,2,0,0,1,0,0,2,1,6,"A","L",81,43,20,10,21,10,9,13,10,16,26,3,9,4,20,83,81,43,20,10,21,10,9,13,10,16,26,3,9,4,20,83,2,3.8,157.9,0.04,0,0,100,0,3.9,100,26.32,4.2,0,"2023-2024"
"BAR","FEN","13_4","Regular Season","Nathan  Sestina",1,0,0,0,NA,0,0,NA,0,0,NA,0,0,0,0,0,0,0,0,0,0,0,"A","L",81,43,20,10,21,10,9,13,10,16,26,3,9,4,20,83,81,43,20,10,21,10,9,13,10,16,26,3,9,4,20,83,NA,0,NA,0,NA,NA,NA,NA,0,NA,NA,0,0,"2023-2024"
"FEN","BAR","13_4","Regular Season","Oscar  da Silva",15,0,0,0,NA,0,0,NA,0,0,NA,1,3,4,1,1,0,0,0,1,2,7,"H","W",89,48,15,18,27,7,14,20,11,22,33,7,8,1,19,106,89,48,15,18,27,7,14,20,11,22,33,7,8,1,19,106,NA,-1,0,0.03,-100,Inf,NA,NA,2.9,NA,0,0,4.5,"2023-2024"
"FEN","BAR","13_4","Regular Season","Jan  Vesely",19,12,4,9,44.4,0,0,NA,4,6,66.7,2,4,6,1,1,1,1,1,0,5,17,"H","W",89,48,15,18,27,7,14,20,11,22,33,7,8,1,19,106,89,48,15,18,27,7,14,20,11,22,33,7,8,1,19,106,0.8,10.2,117.6,0.07,9.8,1,44.4,0.67,10.5,51.5,9.8,6.7,9.1,"2023-2024"
"FEN","BAR","13_4","Regular Season","Nikola  Kalinic",23,7,2,3,66.7,1,1,100,0,0,NA,1,2,3,2,0,0,0,0,0,0,11,"H","W",89,48,15,18,27,7,14,20,11,22,33,7,8,1,19,106,89,48,15,18,27,7,14,20,11,22,33,7,8,1,19,106,1.75,2.9,241.4,0.06,69,Inf,87.5,0,8.1,87.5,0,1.8,4.5,"2023-2024"
"FEN","BAR","13_4","Regular Season","Tomas  Satoransky",27,12,5,8,62.5,0,1,0,2,2,100,1,3,4,6,3,2,0,1,2,3,19,"H","W",89,48,15,18,27,7,14,20,11,22,33,7,8,1,19,106,89,48,15,18,27,7,14,20,11,22,33,7,8,1,19,106,1.09,10.4,115.4,0.1,57.7,3,55.6,0.22,13.7,60.7,19.23,4.5,4.5,"2023-2024"
"FEN","BAR","13_4","Regular Season","Nicolas  Laprovittola",20,15,3,4,75,2,6,33.3,3,3,100,0,2,2,5,0,0,0,0,3,3,17,"H","W",89,48,15,18,27,7,14,20,11,22,33,7,8,1,19,106,89,48,15,18,27,7,14,20,11,22,33,7,8,1,19,106,1.15,10.9,137.6,0.08,45.9,Inf,60,0.3,12.9,66.3,0,5.7,0,"2023-2024"
"FEN","BAR","13_4","Regular Season","Dario  Brizuela",3,0,0,1,0,0,0,NA,0,0,NA,0,0,0,0,0,1,0,0,0,0,-2,"H","W",89,48,15,18,27,7,14,20,11,22,33,7,8,1,19,106,89,48,15,18,27,7,14,20,11,22,33,7,8,1,19,106,0,1.9,0,-0.01,0,0,0,0,-1.7,0,52.63,6.8,0,"2023-2024"
"FEN","BAR","13_4","Regular Season","Willy  Hernangomez",21,21,10,13,76.9,0,0,NA,1,3,33.3,5,4,9,1,0,1,0,0,4,5,26,"H","W",89,48,15,18,27,7,14,20,11,22,33,7,8,1,19,106,89,48,15,18,27,7,14,20,11,22,33,7,8,1,19,106,1.31,9.9,212.1,0.11,10.1,1,76.9,0.23,17.9,73.3,10.1,7.4,22.7,"2023-2024"
"FEN","BAR","13_4","Regular Season","Alejandro  Abrines",17,3,0,1,0,1,1,100,0,0,NA,0,1,1,0,1,3,0,0,4,0,-3,"H","W",89,48,15,18,27,7,14,20,11,22,33,7,8,1,19,106,89,48,15,18,27,7,14,20,11,22,33,7,8,1,19,106,1.5,4.8,62.5,-0.02,0,0,75,0,-1.3,75,62.5,3,0,"2023-2024"
"FEN","BAR","13_4","Regular Season","Jabari  Parker",24,8,2,4,50,0,0,NA,4,4,100,0,2,2,0,1,0,0,1,2,2,8,"H","W",89,48,15,18,27,7,14,20,11,22,33,7,8,1,19,106,89,48,15,18,27,7,14,20,11,22,33,7,8,1,19,106,1,5.5,145.5,0.04,0,NA,50,1,6.8,69.4,0,2.4,0,"2023-2024"
"FEN","BAR","13_4","Regular Season","Rokas  Jokubaitis",13,3,0,4,0,1,3,33.3,0,0,NA,1,0,1,4,0,0,0,1,2,0,-1,"H","W",89,48,15,18,27,7,14,20,11,22,33,7,8,1,19,106,89,48,15,18,27,7,14,20,11,22,33,7,8,1,19,106,0.43,5.8,51.7,0,69,Inf,21.4,0,1.2,21.4,0,5.5,4.5,"2023-2024"
"FEN","BAR","13_4","Regular Season","Joel  Parra",16,8,1,1,100,2,3,66.7,0,0,NA,0,1,1,0,0,0,0,0,1,0,7,"H","W",89,48,15,18,27,7,14,20,11,22,33,7,8,1,19,106,89,48,15,18,27,7,14,20,11,22,33,7,8,1,19,106,2,3.8,210.5,0.04,0,NA,100,0,6.3,100,0,2.5,0,"2023-2024"
"BAY","OLY","13_5","Regular Season","Thomas  Walkup",30,14,3,3,100,1,5,20,5,5,100,0,3,3,7,1,2,0,0,3,5,21,"H","W",77,32,27,21,16,10,15,15,9,24,33,7,9,3,16,94,77,32,27,21,16,10,15,15,9,24,33,7,9,3,16,94,1.08,11.7,119.7,0.12,59.8,3.5,56.2,0.62,13.6,68.6,17.09,4.2,0,"2023-2024"
"BAY","OLY","13_5","Regular Season","Isaiah  Canaan",21,8,1,2,50,2,6,33.3,0,0,NA,0,2,2,1,0,1,1,0,0,0,6,"H","W",77,32,27,21,16,10,15,15,9,24,33,7,9,3,16,94,77,32,27,21,16,10,15,15,9,24,33,7,9,3,16,94,1,8.6,93,0.04,11.6,1,50,0,4.6,50,11.63,4.4,0,"2023-2024"
"BAY","OLY","13_5","Regular Season","Moustapha  Fall",22,7,3,3,100,0,0,NA,1,3,33.3,1,4,5,1,0,0,0,0,2,4,13,"H","W",77,32,27,21,16,10,15,15,9,24,33,7,9,3,16,94,77,32,27,21,16,10,15,15,9,24,33,7,9,3,16,94,1.17,3.2,218.8,0.07,31.2,Inf,100,1,7.1,81,0,2,5.6,"2023-2024"
"BAY","OLY","13_5","Regular Season","Kostas  Papanikolaou",27,8,1,3,33.3,2,3,66.7,0,0,NA,2,3,5,1,2,1,0,0,2,1,11,"H","W",77,32,27,21,16,10,15,15,9,24,33,7,9,3,16,94,77,32,27,21,16,10,15,15,9,24,33,7,9,3,16,94,1.33,4.8,166.7,0.07,20.8,1,66.7,0,8.2,66.7,20.83,2.7,11.1,"2023-2024"
"BAY","OLY","13_5","Regular Season","Alec  Peters",32,14,2,8,25,2,4,50,4,4,100,1,6,7,0,2,2,0,0,1,3,15,"H","W",77,32,27,21,16,10,15,15,9,24,33,7,9,3,16,94,77,32,27,21,16,10,15,15,9,24,33,7,9,3,16,94,0.88,14.2,98.6,0.09,0,0,41.7,0.33,9.3,50.9,14.08,5.1,5.6,"2023-2024"
"BAY","OLY","13_5","Regular Season","Michalis  Lountzis",3,0,0,1,0,0,0,NA,0,0,NA,0,0,0,0,0,0,0,0,2,0,-3,"H","W",77,32,27,21,16,10,15,15,9,24,33,7,9,3,16,94,77,32,27,21,16,10,15,15,9,24,33,7,9,3,16,94,0,1,0,-0.02,0,NA,0,0,-1.5,0,0,3.5,0,"2023-2024"
"BAY","OLY","13_5","Regular Season","Giannoulis  Larentzakis",20,13,1,3,33.3,3,5,60,2,4,50,0,1,1,3,1,2,1,1,2,3,11,"H","W",77,32,27,21,16,10,15,15,9,24,33,7,9,3,16,94,77,32,27,21,16,10,15,15,9,24,33,7,9,3,16,94,1.08,11.3,115,0.07,26.5,1.5,68.8,0.5,9.5,66.6,17.7,6.1,0,"2023-2024"
"BAY","OLY","13_5","Regular Season","Ignas  Brazdeikis",13,0,0,1,0,0,2,0,0,0,NA,0,1,1,1,1,0,0,0,0,0,0,"H","W",77,32,27,21,16,10,15,15,9,24,33,7,9,3,16,94,77,32,27,21,16,10,15,15,9,24,33,7,9,3,16,94,0,2.9,0,0,34.5,Inf,0,0,-0.1,0,0,2.4,0,"2023-2024"
"BAY","OLY","13_5","Regular Season","Nikola  Milutinov",18,12,5,6,83.3,0,0,NA,2,3,66.7,3,3,6,0,0,1,1,0,3,5,18,"H","W",77,32,27,21,16,10,15,15,9,24,33,7,9,3,16,94,77,32,27,21,16,10,15,15,9,24,33,7,9,3,16,94,1.33,5.1,235.3,0.08,0,0,83.3,0.5,10.9,82,19.61,4.8,16.7,"2023-2024"
"BAY","OLY","13_5","Regular Season","Luke  Sikma",8,1,0,2,0,0,0,NA,1,2,50,2,1,3,1,0,0,0,0,1,2,3,"H","W",77,32,27,21,16,10,15,15,9,24,33,7,9,3,16,94,77,32,27,21,16,10,15,15,9,24,33,7,9,3,16,94,0.25,0.8,125,0,125,Inf,0,1,1.2,17.4,0,3.7,11.1,"2023-2024"
"BAY","OLY","13_5","Regular Season","Shaquielle  McKissic",6,0,0,0,NA,0,2,0,0,0,NA,0,0,0,0,0,0,0,0,0,1,-1,"H","W",77,32,27,21,16,10,15,15,9,24,33,7,9,3,16,94,77,32,27,21,16,10,15,15,9,24,33,7,9,3,16,94,0,1.9,0,-0.02,0,NA,0,0,-1.4,0,0,3.5,0,"2023-2024"
"OLY","BAY","13_5","Regular Season","Carsen  Edwards",22,11,3,4,75,1,5,20,2,2,100,1,1,2,1,0,1,0,1,2,2,7,"A","L",69,30,31,11,12,12,9,18,13,21,34,5,11,1,25,65,69,30,31,11,12,12,9,18,13,21,34,5,11,1,25,65,1,9.5,115.8,0.06,10.5,1,50,0.22,6.2,55.7,10.53,5.1,3.8,"2023-2024"
"OLY","BAY","13_5","Regular Season","Niels  Giffey",15,0,0,2,0,0,2,0,0,0,NA,1,0,1,2,0,0,0,0,3,0,-4,"A","L",69,30,31,11,12,12,9,18,13,21,34,5,11,1,25,65,69,30,31,11,12,12,9,18,13,21,34,5,11,1,25,65,0,2.9,0,-0.05,69,Inf,0,0,-1.9,0,0,2.8,3.8,"2023-2024"
"OLY","BAY","13_5","Regular Season","Isaac  Bonga",20,6,0,0,NA,2,2,100,0,0,NA,2,2,4,1,0,3,0,0,1,2,9,"A","L",69,30,31,11,12,12,9,18,13,21,34,5,11,1,25,65,69,30,31,11,12,12,9,18,13,21,34,5,11,1,25,65,3,2.9,206.9,0.07,34.5,0.3,150,0,4.7,150,103.45,2.6,7.7,"2023-2024"
"OLY","BAY","13_5","Regular Season","Danko   Brankovic",15,5,1,2,50,1,2,50,0,0,NA,0,3,3,1,0,1,1,0,2,1,6,"A","L",69,30,31,11,12,12,9,18,13,21,34,5,11,1,25,65,69,30,31,11,12,12,9,18,13,21,34,5,11,1,25,65,1.25,4.8,104.2,0.05,20.8,1,62.5,0,3.5,62.5,20.83,3.5,0,"2023-2024"
"OLY","BAY","13_5","Regular Season","Devin   Booker",21,4,1,4,25,0,1,0,2,2,100,1,4,5,4,1,1,0,0,0,2,11,"A","L",69,30,31,11,12,12,9,18,13,21,34,5,11,1,25,65,69,30,31,11,12,12,9,18,13,21,34,5,11,1,25,65,0.57,5.6,71.4,0.09,71.4,4,20,0.4,5.6,34,17.86,3.4,3.8,"2023-2024"
"OLY","BAY","13_5","Regular Season","Nick  Weiler-Babb",19,9,0,2,0,3,5,60,0,0,NA,1,0,1,0,2,1,0,0,0,0,7,"A","L",69,30,31,11,12,12,9,18,13,21,34,5,11,1,25,65,69,30,31,11,12,12,9,18,13,21,34,5,11,1,25,65,1.29,6.7,134.3,0.07,0,0,64.3,0,7,64.3,14.93,4.4,3.8,"2023-2024"
"OLY","BAY","13_5","Regular Season","Sylvain  Francisco",21,10,1,5,20,2,6,33.3,2,2,100,0,3,3,5,1,1,0,0,4,2,8,"A","L",69,30,31,11,12,12,9,18,13,21,34,5,11,1,25,65,69,30,31,11,12,12,9,18,13,21,34,5,11,1,25,65,0.77,12.4,80.6,0.07,40.3,5,36.4,0.18,6.3,42.1,8.06,6.4,0,"2023-2024"
"OLY","BAY","13_5","Regular Season","Nelson  Weidemann",8,5,1,2,50,1,2,50,0,1,0,0,0,0,1,0,1,0,0,2,2,2,"A","L",69,30,31,11,12,12,9,18,13,21,34,5,11,1,25,65,69,30,31,11,12,12,9,18,13,21,34,5,11,1,25,65,1,5.2,96.2,0,19.2,1,62.5,0.25,1.5,56.3,19.23,7.1,0,"2023-2024"
"OLY","BAY","13_5","Regular Season","Dino  Radoncic",19,3,1,1,100,0,0,NA,1,1,100,3,2,5,1,0,1,0,0,3,1,6,"A","L",69,30,31,11,12,12,9,18,13,21,34,5,11,1,25,65,69,30,31,11,12,12,9,18,13,21,34,5,11,1,25,65,1.5,-0.5,-600,0.04,-200,1,100,1,3.9,104.2,-200,1.3,11.5,"2023-2024"
"OLY","BAY","13_5","Regular Season","Elias  Harris",17,8,2,5,40,1,1,100,1,1,100,1,4,5,0,1,0,0,1,4,1,7,"A","L",69,30,31,11,12,12,9,18,13,21,34,5,11,1,25,65,69,30,31,11,12,12,9,18,13,21,34,5,11,1,25,65,1.14,5.2,153.8,0.07,0,NA,58.3,0.17,6.3,62.1,0,3.9,3.8,"2023-2024"
"OLY","BAY","13_5","Regular Season","Ivan  Kharchenkov",16,4,0,1,0,1,5,20,1,2,50,2,1,3,2,0,1,0,1,2,2,1,"A","L",69,30,31,11,12,12,9,18,13,21,34,5,11,1,25,65,69,30,31,11,12,12,9,18,13,21,34,5,11,1,25,65,0.5,5.6,71.4,-0.01,35.7,2,25,0.33,1.1,29.1,17.86,5.1,7.7,"2023-2024"
"OLY","BAY","13_5","Regular Season","Freddie  Gillespie",8,4,2,2,100,0,0,NA,0,0,NA,1,1,2,0,0,0,0,0,2,1,5,"A","L",69,30,31,11,12,12,9,18,13,21,34,5,11,1,25,65,69,30,31,11,12,12,9,18,13,21,34,5,11,1,25,65,2,1,400,0.04,0,NA,100,0,3.6,100,0,2.6,3.8,"2023-2024"
"VAL","VIL","13_6","Regular Season","Paris  Lee",25,7,2,3,66.7,0,5,0,3,6,50,1,1,2,7,2,1,0,0,1,4,11,"H","L",55,35,25,15,17,4,9,15,9,26,35,9,16,5,16,58,55,35,25,15,17,4,9,15,9,26,35,9,16,5,16,58,0.5,10.2,68.6,0.09,68.6,7,25,0.75,7.5,32.9,9.8,4.5,5.6,"2023-2024"
"VAL","VIL","13_6","Regular Season","Joffrey  Lauvergne",30,13,3,7,42.9,2,3,66.7,1,1,100,2,6,8,1,1,3,0,1,3,5,16,"H","L",55,35,25,15,17,4,9,15,9,26,35,9,16,5,16,58,55,35,25,15,17,4,9,15,9,26,35,9,16,5,16,58,1.18,11,118.2,0.16,9.1,0.3,60,0.1,8.7,62.3,27.27,4.3,11.1,"2023-2024"
"VAL","VIL","13_6","Regular Season","Timothe  Luwawu-Cabarrot",30,12,4,8,50,1,4,25,1,2,50,3,1,4,0,2,4,1,1,3,2,5,"H","L",55,35,25,15,17,4,9,15,9,26,35,9,16,5,16,58,55,35,25,15,17,4,9,15,9,26,35,9,16,5,16,58,0.86,13.3,90.2,0.03,0,0,45.8,0.17,5.1,46.6,30.08,5.4,16.7,"2023-2024"
"VAL","VIL","13_6","Regular Season","Youssoupha  Fall",25,4,2,3,66.7,0,0,NA,0,0,NA,1,6,7,0,1,1,3,0,2,3,14,"H","L",55,35,25,15,17,4,9,15,9,26,35,9,16,5,16,58,55,35,25,15,17,4,9,15,9,26,35,9,16,5,16,58,1.33,2.9,137.9,0.13,0,0,66.7,0,6.5,66.7,34.48,1.5,5.6,"2023-2024"
"VAL","VIL","13_6","Regular Season","David  Lighty",16,4,2,3,66.7,0,1,0,0,0,NA,1,1,2,0,1,0,1,0,3,1,4,"H","L",55,35,25,15,17,4,9,15,9,26,35,9,16,5,16,58,55,35,25,15,17,4,9,15,9,26,35,9,16,5,16,58,1,2.9,137.9,0.03,0,NA,50,0,3.5,50,0,2.4,5.6,"2023-2024"
"VAL","VIL","13_6","Regular Season","Mike  Scott",17,0,0,3,0,0,3,0,0,0,NA,0,7,7,1,1,2,0,1,2,0,-2,"H","L",55,35,25,15,17,4,9,15,9,26,35,9,16,5,16,58,55,35,25,15,17,4,9,15,9,26,35,9,16,5,16,58,0,7.7,0,-0.01,13,0.5,0,0,-3.2,0,25.97,4.6,0,"2023-2024"
"VAL","VIL","13_6","Regular Season","Charles Lombahe Kahudi",19,4,2,3,66.7,0,4,0,0,0,NA,0,2,2,0,0,0,0,1,1,1,0,"H","L",55,35,25,15,17,4,9,15,9,26,35,9,16,5,16,58,55,35,25,15,17,4,9,15,9,26,35,9,16,5,16,58,0.57,6.7,59.7,0,0,NA,28.6,0,0.1,28.6,0,3.6,0,"2023-2024"
"VAL","VIL","13_6","Regular Season","Edwin  Jackson",8,0,0,0,NA,0,1,0,0,0,NA,0,0,0,0,0,1,0,0,1,0,-3,"H","L",55,35,25,15,17,4,9,15,9,26,35,9,16,5,16,58,55,35,25,15,17,4,9,15,9,26,35,9,16,5,16,58,0,1.9,0,-0.04,0,0,0,0,-2.1,0,52.63,2.4,0,"2023-2024"
"VAL","VIL","13_6","Regular Season","Nando  de Colo",24,9,1,3,33.3,1,4,25,4,4,100,0,2,2,5,1,4,0,1,0,4,11,"H","L",55,35,25,15,17,4,9,15,9,26,35,9,16,5,16,58,55,35,25,15,17,4,9,15,9,26,35,9,16,5,16,58,0.82,12.2,73.8,0.11,41,1.2,35.7,0.57,6,51.4,32.79,5.1,0,"2023-2024"
"VAL","VIL","13_6","Regular Season","John  Egbunu",6,2,1,2,50,0,0,NA,0,2,0,1,0,1,1,0,0,0,0,0,1,2,"H","L",55,35,25,15,17,4,9,15,9,26,35,9,16,5,16,58,55,35,25,15,17,4,9,15,9,26,35,9,16,5,16,58,0.5,1.8,111.1,0.01,55.6,Inf,50,1,1.6,34.7,0,4.6,5.6,"2023-2024"
"VIL","VAL","13_6","Regular Season","Josep  Puerto",19,8,0,0,NA,2,6,33.3,2,2,100,1,3,4,1,1,0,0,0,3,1,8,"A","W",78,31,30,18,17,10,14,18,8,27,35,7,15,5,21,80,78,31,30,18,17,10,14,18,8,27,35,7,15,5,21,80,1,5.6,142.9,0.05,17.9,Inf,50,0.33,6.7,58.1,0,3.5,6.2,"2023-2024"
"VIL","VAL","13_6","Regular Season","Chris  Jones",24,14,1,4,25,4,8,50,0,0,NA,0,2,2,5,1,4,0,2,1,2,10,"A","W",78,31,30,18,17,10,14,18,8,27,35,7,15,5,21,80,78,31,30,18,17,10,14,18,8,27,35,7,15,5,21,80,1.17,15.4,90.9,0.08,32.5,1.2,58.3,0,8.3,58.3,25.97,6.4,0,"2023-2024"
"VIL","VAL","13_6","Regular Season","Damien  Inglis",21,7,2,3,66.7,0,0,NA,3,4,75,1,7,8,2,1,1,0,0,2,3,16,"A","W",78,31,30,18,17,10,14,18,8,27,35,7,15,5,21,80,78,31,30,18,17,10,14,18,8,27,35,7,15,5,21,80,1,4.6,152.2,0.1,43.5,2,66.7,1.33,8.7,73.5,21.74,2.6,6.2,"2023-2024"
"VIL","VAL","13_6","Regular Season","Brandon  Davies",17,8,3,4,75,0,1,0,2,2,100,1,1,2,2,1,1,0,0,3,2,9,"A","W",78,31,30,18,17,10,14,18,8,27,35,7,15,5,21,80,78,31,30,18,17,10,14,18,8,27,35,7,15,5,21,80,1.14,5.6,142.9,0.05,35.7,2,60,0.4,6.9,68,17.86,3.9,6.2,"2023-2024"
"VIL","VAL","13_6","Regular Season","Semi  Ojeleye",22,16,6,8,75,1,1,100,1,1,100,2,3,5,1,1,2,0,2,2,1,16,"A","W",78,31,30,18,17,10,14,18,8,27,35,7,15,5,21,80,78,31,30,18,17,10,14,18,8,27,35,7,15,5,21,80,1.6,9.1,175.8,0.13,11,0.5,83.3,0.11,13.7,84.7,21.98,5,12.5,"2023-2024"
"VIL","VAL","13_6","Regular Season","Jared  Harper",12,6,0,1,0,1,6,16.7,3,4,75,0,0,0,1,0,2,0,0,2,2,-2,"A","W",78,31,30,18,17,10,14,18,8,27,35,7,15,5,21,80,78,31,30,18,17,10,14,18,8,27,35,7,15,5,21,80,0.55,10.3,58.3,-0.03,9.7,0.5,21.4,0.57,-1,34.2,19.42,8.5,0,"2023-2024"
"VIL","VAL","13_6","Regular Season","Victor  Claver",8,0,0,1,0,0,2,0,0,0,NA,0,0,0,1,0,0,0,0,1,0,-3,"A","W",78,31,30,18,17,10,14,18,8,27,35,7,15,5,21,80,78,31,30,18,17,10,14,18,8,27,35,7,15,5,21,80,0,2.9,0,-0.02,34.5,Inf,0,0,-1.8,0,0,3.6,0,"2023-2024"
"VIL","VAL","13_6","Regular Season","Nate  Reuvers",18,5,0,1,0,1,2,50,2,2,100,2,1,3,0,0,1,1,0,2,2,6,"A","W",78,31,30,18,17,10,14,18,8,27,35,7,15,5,21,80,78,31,30,18,17,10,14,18,8,27,35,7,15,5,21,80,1,2.8,178.6,0.02,0,0,50,0.67,3.9,64.4,35.71,2.6,12.5,"2023-2024"
"VIL","VAL","13_6","Regular Season","Jaime  Pradilla",4,0,0,1,0,0,0,NA,0,0,NA,0,0,0,1,1,0,0,1,0,0,0,"A","W",78,31,30,18,17,10,14,18,8,27,35,7,15,5,21,80,78,31,30,18,17,10,14,18,8,27,35,7,15,5,21,80,0,1,0,0.01,100,Inf,0,0,1,0,0,2.4,0,"2023-2024"
"VIL","VAL","13_6","Regular Season","Stefan  Jovic",19,2,1,2,50,0,1,0,0,0,NA,0,4,4,4,0,3,0,0,1,0,4,"A","W",78,31,30,18,17,10,14,18,8,27,35,7,15,5,21,80,78,31,30,18,17,10,14,18,8,27,35,7,15,5,21,80,0.67,5.8,34.5,0.03,69,1.3,33.3,0,0.9,33.3,51.72,3,0,"2023-2024"
"VIL","VAL","13_6","Regular Season","Boubacar  Toure",20,7,3,5,60,0,0,NA,1,3,33.3,1,4,5,0,1,0,4,0,3,3,13,"A","W",78,31,30,18,17,10,14,18,8,27,35,7,15,5,21,80,78,31,30,18,17,10,14,18,8,27,35,7,15,5,21,80,0.88,5.1,137.3,0.06,0,NA,60,0.6,8.4,55.4,0,3,6.2,"2023-2024"
"VIL","VAL","13_6","Regular Season","Kassius  Robertson",16,5,1,1,100,1,3,33.3,0,0,NA,0,2,2,0,0,1,0,0,1,0,3,"A","W",78,31,30,18,17,10,14,18,8,27,35,7,15,5,21,80,78,31,30,18,17,10,14,18,8,27,35,7,15,5,21,80,1.25,4.8,104.2,0.02,0,0,62.5,0,2.2,62.5,20.83,3,0,"2023-2024"
"BOL","MAC","13_7","Regular Season","Lorenzo  Brown",34,26,10,15,66.7,1,6,16.7,3,3,100,2,4,6,5,2,2,0,0,2,7,32,"A","L",90,50,20,27,26,6,20,19,12,23,35,10,10,2,25,100,90,50,20,27,26,6,20,19,12,23,35,10,10,2,25,100,1.08,21.4,121.5,0.17,23.4,2.5,54.8,0.14,21,58.2,9.35,6.2,8.3,"2023-2024"
"BOL","MAC","13_7","Regular Season","Wade  Baldwin IV",30,20,4,7,57.1,2,5,40,6,8,75,0,4,4,3,0,4,0,0,3,5,17,"A","L",90,50,20,27,26,6,20,19,12,23,35,10,10,2,25,100,90,50,20,27,26,6,20,19,12,23,35,10,10,2,25,100,1,18.7,107,0.09,16,0.8,58.3,0.67,11.3,64.4,21.39,5.7,0,"2023-2024"
"BOL","MAC","13_7","Regular Season","Jake  Cohen",7,2,1,3,33.3,0,0,NA,0,0,NA,1,0,1,1,0,0,0,0,3,0,-1,"A","L",90,50,20,27,26,6,20,19,12,23,35,10,10,2,25,100,90,50,20,27,26,6,20,19,12,23,35,10,10,2,25,100,0.67,1.9,105.3,-0.01,52.6,Inf,33.3,0,0.5,33.3,0,3.7,4.2,"2023-2024"
"BOL","MAC","13_7","Regular Season","Josh  Nebo",23,7,1,4,25,0,0,NA,5,6,83.3,3,6,9,2,0,2,0,0,3,4,13,"A","L",90,50,20,27,26,6,20,19,12,23,35,10,10,2,25,100,90,50,20,27,26,6,20,19,12,23,35,10,10,2,25,100,0.7,5.4,129.6,0.05,37,1,25,1.5,6.3,52.7,37.04,3.3,12.5,"2023-2024"
"BOL","MAC","13_7","Regular Season","Bonzie  Colson",27,10,2,5,40,1,3,33.3,3,3,100,1,1,2,2,2,1,0,0,4,3,9,"A","L",90,50,20,27,26,6,20,19,12,23,35,10,10,2,25,100,90,50,20,27,26,6,20,19,12,23,35,10,10,2,25,100,0.91,8.9,112.4,0.04,22.5,2,43.8,0.38,7.4,53.6,11.24,3.3,4.2,"2023-2024"
"BOL","MAC","13_7","Regular Season","Antonius  Cleveland",13,5,1,2,50,0,1,0,3,6,50,3,0,3,1,2,0,1,0,4,3,6,"A","L",90,50,20,27,26,6,20,19,12,23,35,10,10,2,25,100,90,50,20,27,26,6,20,19,12,23,35,10,10,2,25,100,0.56,2.5,200,0.01,40,Inf,33.3,2,6,44.3,0,3.8,12.5,"2023-2024"
"BOL","MAC","13_7","Regular Season","Rafael  Menco",5,3,0,0,NA,1,2,50,0,0,NA,0,1,1,0,1,0,0,0,1,0,3,"A","L",90,50,20,27,26,6,20,19,12,23,35,10,10,2,25,100,90,50,20,27,26,6,20,19,12,23,35,10,10,2,25,100,1.5,1.9,157.9,0.02,0,NA,75,0,2.9,75,0,3.5,0,"2023-2024"
"BOL","MAC","13_7","Regular Season","Roman  Sorkin",17,8,4,7,57.1,0,0,NA,0,0,NA,1,1,2,0,0,0,0,0,1,0,6,"A","L",90,50,20,27,26,6,20,19,12,23,35,10,10,2,25,100,90,50,20,27,26,6,20,19,12,23,35,10,10,2,25,100,1.14,5.8,137.9,0.04,0,NA,57.1,0,5.3,57.1,0,3.6,4.2,"2023-2024"
"BOL","MAC","13_7","Regular Season","Jasiel  Rivero",21,6,3,7,42.9,0,0,NA,0,1,0,1,4,5,0,0,0,1,0,2,2,7,"A","L",90,50,20,27,26,6,20,19,12,23,35,10,10,2,25,100,90,50,20,27,26,6,20,19,12,23,35,10,10,2,25,100,0.75,6.2,96.8,0.03,0,NA,42.9,0.14,3.7,40.3,0,3.1,4.2,"2023-2024"
"BOL","MAC","13_7","Regular Season","Tamir  Blatt",22,3,0,0,NA,1,3,33.3,0,0,NA,0,2,2,5,3,1,0,0,2,0,8,"A","L",90,50,20,27,26,6,20,19,12,23,35,10,10,2,25,100,90,50,20,27,26,6,20,19,12,23,35,10,10,2,25,100,1,3.8,78.9,0.06,131.6,5,50,0,6.6,50,26.32,1.6,0,"2023-2024"
"MAC","BOL","13_7","Regular Season","Isaia  Cordinier",13,5,1,1,100,1,2,50,0,0,NA,1,1,2,4,1,2,0,0,4,1,6,"H","W",100,39,26,24,25,10,20,22,8,24,32,6,11,0,24,113,100,39,26,24,25,10,20,22,8,24,32,6,11,0,24,113,1.67,3.8,131.6,0.03,105.3,2,83.3,0,4.9,83.3,52.63,3.6,6.2,"2023-2024"
"MAC","BOL","13_7","Regular Season","Ognjen  Dobric",17,4,2,4,50,0,2,0,0,0,NA,1,1,2,2,0,0,0,1,3,1,1,"H","W",100,39,26,24,25,10,20,22,8,24,32,6,11,0,24,113,100,39,26,24,25,10,20,22,8,24,32,6,11,0,24,113,0.67,4.8,83.3,0,41.7,Inf,33.3,0,1.8,33.3,0,3.3,6.2,"2023-2024"
"MAC","BOL","13_7","Regular Season","Tornike  Shengelia",34,27,10,13,76.9,1,3,33.3,4,5,80,3,5,8,1,1,2,0,0,2,7,34,"H","W",100,39,26,24,25,10,20,22,8,24,32,6,11,0,24,113,100,39,26,24,25,10,20,22,8,24,32,6,11,0,24,113,1.29,16.5,163.6,0.15,6.1,0.5,71.9,0.31,22.3,74.2,12.12,5.5,18.8,"2023-2024"
"MAC","BOL","13_7","Regular Season","Daniel  Hackett",29,12,2,3,66.7,1,3,33.3,5,7,71.4,0,4,4,8,0,2,0,0,1,5,21,"H","W",100,39,26,24,25,10,20,22,8,24,32,6,11,0,24,113,100,39,26,24,25,10,20,22,8,24,32,6,11,0,24,113,0.92,10.6,113.2,0.09,75.5,4,58.3,1.17,12.6,66.1,18.87,3.5,0,"2023-2024"
"MAC","BOL","13_7","Regular Season","Bryant  Dunston",25,9,3,4,75,0,0,NA,3,4,75,0,1,1,0,1,0,0,0,5,2,6,"H","W",100,39,26,24,25,10,20,22,8,24,32,6,11,0,24,113,100,39,26,24,25,10,20,22,8,24,32,6,11,0,24,113,1.12,5.5,163.6,0.02,0,NA,75,1,6.3,78.1,0,2.1,0,"2023-2024"
"MAC","BOL","13_7","Regular Season","Gabriel  Lundberg",21,6,2,4,50,0,2,0,2,2,100,0,6,6,3,1,2,0,0,1,2,11,"H","W",100,39,26,24,25,10,20,22,8,24,32,6,11,0,24,113,100,39,26,24,25,10,20,22,8,24,32,6,11,0,24,113,0.75,8.5,70.6,0.05,35.3,1.5,33.3,0.33,5.1,43.6,23.53,3.9,0,"2023-2024"
"MAC","BOL","13_7","Regular Season","Marco  Belinelli",26,22,4,8,50,4,8,50,2,2,100,0,2,2,2,0,1,0,1,3,1,14,"H","W",100,39,26,24,25,10,20,22,8,24,32,6,11,0,24,113,100,39,26,24,25,10,20,22,8,24,32,6,11,0,24,113,1.22,17.2,127.9,0.08,11.6,2,62.5,0.12,13.8,65.2,5.81,6.4,0,"2023-2024"
"MAC","BOL","13_7","Regular Season","Jaleen  Smith",17,10,0,1,0,2,4,50,4,4,100,1,2,3,1,2,0,0,0,3,2,12,"H","W",100,39,26,24,25,10,20,22,8,24,32,6,11,0,24,113,100,39,26,24,25,10,20,22,8,24,32,6,11,0,24,113,1.11,5.5,181.8,0.05,18.2,Inf,60,0.8,10.1,74,0,3.7,6.2,"2023-2024"
"MAC","BOL","13_7","Regular Season","Devontae  Cacok",3,0,0,0,NA,0,0,NA,0,0,NA,0,0,0,0,0,0,0,0,1,1,0,"H","W",100,39,26,24,25,10,20,22,8,24,32,6,11,0,24,113,100,39,26,24,25,10,20,22,8,24,32,6,11,0,24,113,NA,0,NA,-0.01,NA,NA,NA,NA,-0.4,NA,NA,0,0,"2023-2024"
"MAC","BOL","13_7","Regular Season","Jordan  Mickey",15,5,1,1,100,1,2,50,0,0,NA,2,2,4,1,0,2,0,0,1,2,8,"H","W",100,39,26,24,25,10,20,22,8,24,32,6,11,0,24,113,100,39,26,24,25,10,20,22,8,24,32,6,11,0,24,113,1.67,2.9,172.4,0.03,34.5,0.5,83.3,0,4,83.3,68.97,3.1,12.5,"2023-2024"
"BAS","CRV","13_8","Regular Season","Stefan  Lazarevic",7,2,1,1,100,0,1,0,0,0,NA,0,1,1,0,0,0,0,0,3,0,-1,"A","L",85,38,36,16,18,12,13,23,18,20,38,3,7,2,21,93,85,38,36,16,18,12,13,23,18,20,38,3,7,2,21,93,1,1.9,105.3,-0.01,0,NA,50,0,0.1,50,0,2.6,0,"2023-2024"
"BAS","CRV","13_8","Regular Season","Milos  Teodosic",27,13,1,2,50,3,9,33.3,2,3,66.7,3,0,3,6,0,1,0,0,1,4,16,"A","L",85,38,36,16,18,12,13,23,18,20,38,3,7,2,21,93,85,38,36,16,18,12,13,23,18,20,38,3,7,2,21,93,0.93,9.9,131.3,0.08,60.6,6,50,0.27,11.4,52.8,10.1,4.5,8.3,"2023-2024"
"BAS","CRV","13_8","Regular Season","Dejan  Davidovac",17,0,0,0,NA,0,3,0,0,0,NA,0,1,1,0,0,0,0,0,0,1,-1,"A","L",85,38,36,16,18,12,13,23,18,20,38,3,7,2,21,93,85,38,36,16,18,12,13,23,18,20,38,3,7,2,21,93,0,2.9,0,-0.02,0,NA,0,0,-1.8,0,0,1.6,0,"2023-2024"
"BAS","CRV","13_8","Regular Season","Joel  Bolomboy",27,14,3,6,50,2,4,50,2,2,100,1,1,2,3,2,0,1,0,5,1,13,"A","L",85,38,36,16,18,12,13,23,18,20,38,3,7,2,21,93,85,38,36,16,18,12,13,23,18,20,38,3,7,2,21,93,1.17,9.5,147.4,0.08,31.6,Inf,60,0.2,12.8,64.3,0,3.7,2.8,"2023-2024"
"BAS","CRV","13_8","Regular Season","Nemanja  Nedovic",22,7,2,4,50,0,4,0,3,3,100,0,2,2,1,0,1,0,0,0,2,5,"A","L",85,38,36,16,18,12,13,23,18,20,38,3,7,2,21,93,85,38,36,16,18,12,13,23,18,20,38,3,7,2,21,93,0.64,9.9,70.7,0.02,10.1,1,25,0.38,2.5,37.6,10.1,4.3,0,"2023-2024"
"BAS","CRV","13_8","Regular Season","Luka  Mitrovic",23,8,4,11,36.4,0,0,NA,0,0,NA,11,5,16,7,0,0,0,1,3,4,24,"A","L",85,38,36,16,18,12,13,23,18,20,38,3,7,2,21,93,85,38,36,16,18,12,13,23,18,20,38,3,7,2,21,93,0.73,0,Inf,0.12,Inf,Inf,36.4,0,14.8,36.4,NA,4.3,30.6,"2023-2024"
"BAS","CRV","13_8","Regular Season","Branko  Lazic",18,9,2,3,66.7,1,2,50,2,2,100,1,2,3,1,0,0,0,0,1,1,11,"A","L",85,38,36,16,18,12,13,23,18,20,38,3,7,2,21,93,85,38,36,16,18,12,13,23,18,20,38,3,7,2,21,93,1.29,4.7,191.5,0.07,21.3,Inf,70,0.4,8.3,76.5,0,3,2.8,"2023-2024"
"BAS","CRV","13_8","Regular Season","Mike  Tobey",13,5,1,4,25,0,2,0,3,4,75,1,1,2,0,0,2,0,0,3,2,-2,"A","L",85,38,36,16,18,12,13,23,18,20,38,3,7,2,21,93,85,38,36,16,18,12,13,23,18,20,38,3,7,2,21,93,0.5,8.4,59.5,-0.03,0,0,16.7,0.67,-1.4,32.2,23.81,6.8,2.8,"2023-2024"
"BAS","CRV","13_8","Regular Season","Rokas  Giedraitis",33,24,4,6,66.7,5,9,55.6,1,2,50,1,5,6,3,1,2,1,0,4,2,24,"A","L",85,38,36,16,18,12,13,23,18,20,38,3,7,2,21,93,85,38,36,16,18,12,13,23,18,20,38,3,7,2,21,93,1.41,16.2,148.1,0.16,18.5,1.5,76.7,0.13,19.1,75.6,12.35,4.9,2.8,"2023-2024"
"BAS","CRV","13_8","Regular Season","Yago Mateus dos Santos",12,3,0,1,0,1,2,50,0,0,NA,0,2,2,2,0,1,0,0,1,1,4,"A","L",85,38,36,16,18,12,13,23,18,20,38,3,7,2,21,93,85,38,36,16,18,12,13,23,18,20,38,3,7,2,21,93,1,3.8,78.9,0.02,52.6,2,50,0,1.9,50,26.32,3,0,"2023-2024"
"CRV","BAS","13_8","Regular Season","Tadas  Sedekerskis",28,18,3,4,75,3,3,100,3,4,75,2,6,8,1,0,1,0,1,3,4,24,"H","W",87,24,36,20,12,17,12,20,10,23,33,4,9,1,20,96,87,24,36,20,12,17,12,20,10,23,33,4,9,1,20,96,1.64,7.4,243.2,0.14,13.5,1,107.1,0.57,16.8,102.7,13.51,3.6,10,"2023-2024"
"CRV","BAS","13_8","Regular Season","Vanja  Marinkovic",24,9,1,3,33.3,2,7,28.6,1,2,50,0,2,2,0,0,0,0,0,3,1,1,"H","W",87,24,36,20,12,17,12,20,10,23,33,4,9,1,20,96,87,24,36,20,12,17,12,20,10,23,33,4,9,1,20,96,0.75,10.4,86.5,0,0,NA,40,0.2,2.2,41.4,0,4.7,0,"2023-2024"
"CRV","BAS","13_8","Regular Season","Codi  Miller-McIntyre",30,4,0,2,0,1,3,33.3,1,3,33.3,1,5,6,12,2,1,0,0,3,3,17,"H","W",87,24,36,20,12,17,12,20,10,23,33,4,9,1,20,96,87,24,36,20,12,17,12,20,10,23,33,4,9,1,20,96,0.5,6.1,65.6,0.09,196.7,12,30,0.6,10.5,31.6,16.39,2.5,5,"2023-2024"
"CRV","BAS","13_8","Regular Season","Daniel  Diez",13,2,1,1,100,0,3,0,0,0,NA,1,1,2,1,0,0,0,0,0,1,3,"H","W",87,24,36,20,12,17,12,20,10,23,33,4,9,1,20,96,87,24,36,20,12,17,12,20,10,23,33,4,9,1,20,96,0.5,2.9,69,0.01,34.5,Inf,25,0,1.3,25,0,3.2,5,"2023-2024"
"CRV","BAS","13_8","Regular Season","Maik  Kotsar",28,6,2,5,40,0,0,NA,2,2,100,1,2,3,1,0,3,0,0,3,2,3,"H","W",87,24,36,20,12,17,12,20,10,23,33,4,9,1,20,96,87,24,36,20,12,17,12,20,10,23,33,4,9,1,20,96,0.86,7.6,78.9,0,13.2,0.3,40,0.4,1.1,51,39.47,3.3,5,"2023-2024"
"CRV","BAS","13_8","Regular Season","Markus  Howard",14,17,1,3,33.3,5,7,71.4,0,0,NA,1,0,1,1,0,2,0,0,3,2,12,"H","W",87,24,36,20,12,17,12,20,10,23,33,4,9,1,20,96,87,24,36,20,12,17,12,20,10,23,33,4,9,1,20,96,1.7,10.6,160.4,0.07,9.4,0.5,85,0,10.6,85,18.87,8.8,5,"2023-2024"
"CRV","BAS","13_8","Regular Season","Sander  Raieste",2,0,0,0,NA,0,1,0,0,0,NA,0,0,0,0,0,0,0,0,0,0,-1,"H","W",87,24,36,20,12,17,12,20,10,23,33,4,9,1,20,96,87,24,36,20,12,17,12,20,10,23,33,4,9,1,20,96,0,1,0,-0.01,0,NA,0,0,-0.7,0,0,5.1,0,"2023-2024"
"CRV","BAS","13_8","Regular Season","Christopher  Chiozza",10,2,1,1,100,0,2,0,0,0,NA,0,0,0,4,1,0,0,0,1,0,4,"H","W",87,24,36,20,12,17,12,20,10,23,33,4,9,1,20,96,87,24,36,20,12,17,12,20,10,23,33,4,9,1,20,96,0.67,2.9,69,0.03,137.9,Inf,33.3,0,3.7,33.3,0,3.1,0,"2023-2024"
"CRV","BAS","13_8","Regular Season","Nikos  Rogkavopoulos",26,14,1,2,50,4,6,66.7,0,0,NA,1,1,2,0,0,0,0,0,2,0,11,"H","W",87,24,36,20,12,17,12,20,10,23,33,4,9,1,20,96,87,24,36,20,12,17,12,20,10,23,33,4,9,1,20,96,1.75,6.7,209,0.07,0,NA,87.5,0,10.6,87.5,0,3.2,5,"2023-2024"
"CRV","BAS","13_8","Regular Season","Khalifa  Diop",9,0,0,0,NA,0,0,NA,0,0,NA,0,0,0,0,1,0,1,0,1,0,1,"H","W",87,24,36,20,12,17,12,20,10,23,33,4,9,1,20,96,87,24,36,20,12,17,12,20,10,23,33,4,9,1,20,96,NA,0,NA,0,NA,NA,NA,NA,1.3,NA,NA,0,0,"2023-2024"
"CRV","BAS","13_8","Regular Season","Chima  Moneke",16,15,2,3,66.7,2,4,50,5,9,55.6,3,6,9,0,0,2,0,1,1,8,21,"H","W",87,24,36,20,12,17,12,20,10,23,33,4,9,1,20,96,87,24,36,20,12,17,12,20,10,23,33,4,9,1,20,96,0.94,9.6,156.2,0.09,0,0,71.4,1.29,11.6,68.4,20.83,8.3,15,"2023-2024"
"ASM","ZAL","13_9","Regular Season","Keenan  Evans",27,10,2,5,40,1,6,16.7,3,3,100,1,3,4,7,2,4,0,1,4,5,11,"H","L",79,46,27,7,21,11,4,16,16,24,40,6,12,2,23,77,79,46,27,7,21,11,4,16,16,24,40,6,12,2,23,77,0.71,14.7,68,0.06,47.6,1.8,31.8,0.27,6.4,40.6,27.21,5.5,3.1,"2023-2024"
"ASM","ZAL","13_9","Regular Season","Kevarrius  Hayes",15,6,3,5,60,0,0,NA,0,0,NA,2,3,5,1,0,1,0,0,1,0,8,"H","L",79,46,27,7,21,11,4,16,16,24,40,6,12,2,23,77,79,46,27,7,21,11,4,16,16,24,40,6,12,2,23,77,1.2,3.8,157.9,0.06,26.3,1,60,0,5.3,60,26.32,3.6,6.2,"2023-2024"
"ASM","ZAL","13_9","Regular Season","Dovydas  Giedraitis",29,8,1,6,16.7,2,4,50,0,0,NA,1,0,1,4,2,3,0,0,4,0,1,"H","L",79,46,27,7,21,11,4,16,16,24,40,6,12,2,23,77,79,46,27,7,21,11,4,16,16,24,40,6,12,2,23,77,0.8,11.5,69.6,0,34.8,1.3,40,0,3.1,40,26.09,4.1,3.1,"2023-2024"
"ASM","ZAL","13_9","Regular Season","Rolands  Smits",27,13,5,8,62.5,1,2,50,0,0,NA,4,7,11,0,0,0,0,0,4,4,20,"H","L",79,46,27,7,21,11,4,16,16,24,40,6,12,2,23,77,79,46,27,7,21,11,4,16,16,24,40,6,12,2,23,77,1.3,5.8,224.1,0.13,0,NA,65,0,11.7,65,0,3.4,12.5,"2023-2024"
"ASM","ZAL","13_9","Regular Season","Edgaras  Ulanovas",35,10,2,4,50,2,3,66.7,0,0,NA,2,2,4,3,0,3,0,0,2,2,11,"H","L",79,46,27,7,21,11,4,16,16,24,40,6,12,2,23,77,79,46,27,7,21,11,4,16,16,24,40,6,12,2,23,77,1.43,7.7,129.9,0.07,39,1,71.4,0,7,71.4,38.96,2.6,6.2,"2023-2024"
"ASM","ZAL","13_9","Regular Season","Laurynas  Birutis",20,6,3,5,60,0,0,NA,0,2,0,4,3,7,1,1,0,2,1,2,3,13,"H","L",79,46,27,7,21,11,4,16,16,24,40,6,12,2,23,77,79,46,27,7,21,11,4,16,16,24,40,6,12,2,23,77,0.86,1.8,333.3,0.07,55.6,Inf,60,0.4,8.9,51,0,2.7,12.5,"2023-2024"
"ASM","ZAL","13_9","Regular Season","Edmond  Sumner",16,9,1,4,25,2,4,50,1,2,50,0,1,1,0,1,1,0,0,2,2,4,"H","L",79,46,27,7,21,11,4,16,16,24,40,6,12,2,23,77,79,46,27,7,21,11,4,16,16,24,40,6,12,2,23,77,0.9,9.5,94.7,0.02,0,0,50,0.25,3.7,50.7,10.53,5.6,0,"2023-2024"
"ASM","ZAL","13_9","Regular Season","Tomas  Dimsa",20,14,4,8,50,2,6,33.3,0,0,NA,1,3,4,0,0,0,0,1,2,0,7,"H","L",79,46,27,7,21,11,4,16,16,24,40,6,12,2,23,77,79,46,27,7,21,11,4,16,16,24,40,6,12,2,23,77,1,12.5,112,0.07,0,NA,50,0,7.4,50,0,6.4,3.1,"2023-2024"
"ASM","ZAL","13_9","Regular Season","Danielius  Lavrinovicius",10,3,0,1,0,1,2,50,0,0,NA,1,2,3,0,0,0,0,0,2,0,2,"H","L",79,46,27,7,21,11,4,16,16,24,40,6,12,2,23,77,79,46,27,7,21,11,4,16,16,24,40,6,12,2,23,77,1,1.9,157.9,0.01,0,NA,50,0,1.8,50,0,2.7,3.1,"2023-2024"
"ZAL","ASM","13_9","Regular Season","John  Brown III",25,2,1,6,16.7,0,0,NA,0,0,NA,1,3,4,2,1,0,0,0,2,1,3,"A","W",83,41,18,33,21,5,26,16,10,24,34,9,8,3,16,102,83,41,18,33,21,5,26,16,10,24,34,9,8,3,16,102,0.33,4.8,41.7,0.01,41.7,Inf,16.7,0,1.4,16.7,0,2.4,5,"2023-2024"
"ZAL","ASM","13_9","Regular Season","Jaron  Blossomgame",22,13,3,3,100,1,2,50,4,6,66.7,0,2,2,0,1,0,0,0,2,3,14,"A","W",83,41,18,33,21,5,26,16,10,24,34,9,8,3,16,102,83,41,18,33,21,5,26,16,10,24,34,9,8,3,16,102,1.18,7.3,178.1,0.07,0,NA,90,1.2,11.1,85.1,0,3.4,0,"2023-2024"
"ZAL","ASM","13_9","Regular Season","Donatas  Motiejunas",15,0,0,5,0,0,1,0,0,0,NA,2,1,3,1,0,2,0,1,2,2,-5,"A","W",83,41,18,33,21,5,26,16,10,24,34,9,8,3,16,102,83,41,18,33,21,5,26,16,10,24,34,9,8,3,16,102,0,5.8,0,-0.05,17.2,0.5,0,0,-4.6,0,34.48,5.2,10,"2023-2024"
"ZAL","ASM","13_9","Regular Season","Matthew  Strazel",11,3,0,1,0,0,0,NA,3,3,100,0,2,2,2,0,1,0,0,3,1,3,"A","W",83,41,18,33,21,5,26,16,10,24,34,9,8,3,16,102,83,41,18,33,21,5,26,16,10,24,34,9,8,3,16,102,0.75,3.2,93.8,0.01,62.5,2,0,3,2.1,64.7,31.25,3,0,"2023-2024"
"ZAL","ASM","13_9","Regular Season","Mike  James",33,25,6,11,54.5,3,6,50,4,5,80,0,8,8,1,4,4,0,0,1,2,26,"A","W",83,41,18,33,21,5,26,16,10,24,34,9,8,3,16,102,83,41,18,33,21,5,26,16,10,24,34,9,8,3,16,102,1.14,22.3,112.1,0.16,4.5,0.2,61.8,0.29,19,65.1,17.94,6.9,0,"2023-2024"
"ZAL","ASM","13_9","Regular Season","Elie  Okobo",30,12,4,6,66.7,0,4,0,4,5,80,1,2,3,4,1,0,0,1,0,3,15,"A","W",83,41,18,33,21,5,26,16,10,24,34,9,8,3,16,102,83,41,18,33,21,5,26,16,10,24,34,9,8,3,16,102,0.8,10.8,111.1,0.08,37,Inf,40,0.5,11.3,49.2,0,4,5,"2023-2024"
"ZAL","ASM","13_9","Regular Season","Alpha  Diallo",26,11,2,2,100,0,1,0,7,8,87.5,1,4,5,4,1,0,2,0,3,6,24,"A","W",83,41,18,33,21,5,26,16,10,24,34,9,8,3,16,102,83,41,18,33,21,5,26,16,10,24,34,9,8,3,16,102,1,5.3,207.5,0.11,75.5,Inf,66.7,2.67,15.2,84.4,0,2.5,5,"2023-2024"
"ZAL","ASM","13_9","Regular Season","Petr  Cornelie",15,9,2,2,100,1,3,33.3,2,4,50,2,0,2,0,0,0,1,0,2,2,8,"A","W",83,41,18,33,21,5,26,16,10,24,34,9,8,3,16,102,83,41,18,33,21,5,26,16,10,24,34,9,8,3,16,102,1,4.6,195.7,0.03,0,NA,70,0.8,7.2,66.6,0,4.4,10,"2023-2024"
"ZAL","ASM","13_9","Regular Season","Mouhammadou  Jaiteh",9,4,2,3,66.7,0,0,NA,0,0,NA,2,0,2,1,0,1,0,0,0,1,6,"A","W",83,41,18,33,21,5,26,16,10,24,34,9,8,3,16,102,83,41,18,33,21,5,26,16,10,24,34,9,8,3,16,102,1.33,1.9,210.5,0.03,52.6,1,66.7,0,3.8,66.7,52.63,4.4,10,"2023-2024"
"ZAL","ASM","13_9","Regular Season","Kemba  Walker",7,0,0,1,0,0,1,0,0,0,NA,0,2,2,1,1,0,0,0,1,1,2,"A","W",83,41,18,33,21,5,26,16,10,24,34,9,8,3,16,102,83,41,18,33,21,5,26,16,10,24,34,9,8,3,16,102,0,1.9,0,0.01,52.6,Inf,0,0,0.5,0,0,2.8,0,"2023-2024"
"ZAL","ASM","13_9","Regular Season","Donta  Hall",6,4,1,1,100,0,0,NA,2,2,100,1,0,1,0,0,0,0,0,0,1,6,"A","W",83,41,18,33,21,5,26,16,10,24,34,9,8,3,16,102,83,41,18,33,21,5,26,16,10,24,34,9,8,3,16,102,1.33,0.8,500,0.03,0,NA,100,2,4.4,106.4,0,3.1,5,"2023-2024"
"EFE","MAC","14_1","Regular Season","Lorenzo  Brown",29,21,6,8,75,2,3,66.7,3,3,100,1,1,2,5,0,2,0,0,1,1,23,"H","W",95,45,25,17,24,12,11,23,12,24,36,5,16,7,19,103,95,45,25,17,24,12,11,23,12,24,36,5,16,7,19,103,1.5,12.8,164.1,0.13,39.1,2.5,81.8,0.27,18.6,85.2,15.62,4.2,4.2,"2023-2024"
"EFE","MAC","14_1","Regular Season","Wade  Baldwin IV",20,4,2,9,22.2,0,1,0,0,2,0,2,1,3,5,1,4,0,1,2,3,-1,"H","W",95,45,25,17,24,12,11,23,12,24,36,5,16,7,19,103,95,45,25,17,24,12,11,23,12,24,36,5,16,7,19,103,0.33,12.4,32.3,-0.02,40.3,1.2,20,0.2,-1.6,18.4,32.26,6.4,8.3,"2023-2024"
"EFE","MAC","14_1","Regular Season","Jake  Cohen",12,2,1,3,33.3,0,1,0,0,0,NA,1,1,2,0,1,0,0,0,3,1,0,"H","W",95,45,25,17,24,12,11,23,12,24,36,5,16,7,19,103,95,45,25,17,24,12,11,23,12,24,36,5,16,7,19,103,0.5,2.9,69,-0.01,0,NA,25,0,0.4,25,0,2.9,4.2,"2023-2024"
"EFE","MAC","14_1","Regular Season","Josh  Nebo",23,8,4,6,66.7,0,0,NA,0,2,0,3,6,9,1,0,1,4,0,0,1,18,"H","W",95,45,25,17,24,12,11,23,12,24,36,5,16,7,19,103,95,45,25,17,24,12,11,23,12,24,36,5,16,7,19,103,1,4.7,170.2,0.08,21.3,1,66.7,0.33,11,58.1,21.28,2.9,12.5,"2023-2024"
"EFE","MAC","14_1","Regular Season","Bonzie  Colson",27,19,6,9,66.7,2,4,50,1,1,100,1,6,7,2,1,0,0,0,0,2,26,"H","W",95,45,25,17,24,12,11,23,12,24,36,5,16,7,19,103,95,45,25,17,24,12,11,23,12,24,36,5,16,7,19,103,1.36,11.9,159.7,0.14,16.8,Inf,69.2,0.08,18,70.7,0,4.3,4.2,"2023-2024"
"EFE","MAC","14_1","Regular Season","Antonius  Cleveland",9,5,2,3,66.7,0,2,0,1,2,50,0,0,0,1,2,0,1,0,3,1,3,"H","W",95,45,25,17,24,12,11,23,12,24,36,5,16,7,19,103,95,45,25,17,24,12,11,23,12,24,36,5,16,7,19,103,0.71,5.6,89.3,0.01,17.9,Inf,40,0.4,4.1,42.5,0,5.6,0,"2023-2024"
"EFE","MAC","14_1","Regular Season","James  Webb III",20,14,1,2,50,4,7,57.1,0,0,NA,1,2,3,2,0,0,0,0,1,1,15,"H","W",95,45,25,17,24,12,11,23,12,24,36,5,16,7,19,103,95,45,25,17,24,12,11,23,12,24,36,5,16,7,19,103,1.56,7.7,181.8,0.08,26,Inf,77.8,0,12,77.8,0,3.9,4.2,"2023-2024"
"EFE","MAC","14_1","Regular Season","Roman  Sorkin",16,8,2,4,50,0,0,NA,4,5,80,2,1,3,0,0,2,1,1,5,3,4,"H","W",95,45,25,17,24,12,11,23,12,24,36,5,16,7,19,103,95,45,25,17,24,12,11,23,12,24,36,5,16,7,19,103,0.89,6,133.3,0,0,0,50,1.25,4,64.5,33.33,4.4,8.3,"2023-2024"
"EFE","MAC","14_1","Regular Season","Jasiel  Rivero",17,2,0,1,0,0,0,NA,2,2,100,0,1,1,1,0,1,1,0,3,1,1,"H","W",95,45,25,17,24,12,11,23,12,24,36,5,16,7,19,103,95,45,25,17,24,12,11,23,12,24,36,5,16,7,19,103,0.67,2.8,71.4,0,35.7,1,0,2,0.8,53.2,35.71,1.4,0,"2023-2024"
"EFE","MAC","14_1","Regular Season","Tamir  Blatt",23,12,0,0,NA,4,7,57.1,0,0,NA,1,5,6,6,0,6,0,0,1,0,14,"H","W",95,45,25,17,24,12,11,23,12,24,36,5,16,7,19,103,95,45,25,17,24,12,11,23,12,24,36,5,16,7,19,103,1.71,11.5,104.3,0.08,52.2,1,85.7,0,8.7,85.7,52.17,4.8,4.2,"2023-2024"
"MAC","EFE","14_1","Regular Season","Shane  Larkin",34,17,2,5,40,4,10,40,1,1,100,0,1,1,6,3,2,0,1,1,4,18,"A","L",86,43,36,14,21,11,11,20,14,18,32,13,10,2,14,91,86,43,36,14,21,11,11,20,14,18,32,13,10,2,14,91,1.06,16.7,101.8,0.11,35.9,3,53.3,0.07,14,55.1,11.98,4.3,0,"2023-2024"
"MAC","EFE","14_1","Regular Season","Erten  Gazi",16,3,0,2,0,1,5,20,0,0,NA,0,2,2,1,0,1,0,1,1,1,-2,"A","L",86,43,36,14,21,11,11,20,14,18,32,13,10,2,14,91,86,43,36,14,21,11,11,20,14,18,32,13,10,2,14,91,0.43,7.7,39,-0.01,13,1,21.4,0,-1.6,21.4,12.99,4.2,0,"2023-2024"
"MAC","EFE","14_1","Regular Season","Darius  Thompson",37,22,6,11,54.5,2,7,28.6,4,4,100,3,1,4,7,2,3,1,0,1,4,26,"A","L",86,43,36,14,21,11,11,20,14,18,32,13,10,2,14,91,86,43,36,14,21,11,11,20,14,18,32,13,10,2,14,91,1,19,115.8,0.14,36.8,2.3,50,0.22,19.2,55.7,15.79,5.2,10.7,"2023-2024"
"MAC","EFE","14_1","Regular Season","Ercan  Osmani",27,2,1,3,33.3,0,7,0,0,0,NA,1,4,5,2,0,1,0,1,1,0,-3,"A","L",86,43,36,14,21,11,11,20,14,18,32,13,10,2,14,91,86,43,36,14,21,11,11,20,14,18,32,13,10,2,14,91,0.2,9.6,20.8,-0.02,20.8,2,10,0,-2.7,10,10.42,3.4,3.6,"2023-2024"
"MAC","EFE","14_1","Regular Season","Tyrique  Jones",29,12,5,11,45.5,0,0,NA,2,4,50,8,8,16,1,3,2,0,3,3,4,20,"A","L",86,43,36,14,21,11,11,20,14,18,32,13,10,2,14,91,86,43,36,14,21,11,11,20,14,18,32,13,10,2,14,91,0.8,6.5,184.6,0.11,15.4,0.5,45.5,0.36,14,47,30.77,4.3,28.6,"2023-2024"
"MAC","EFE","14_1","Regular Season","Melih   Tunca",0,0,0,1,0,0,0,NA,0,0,NA,0,0,0,0,1,0,0,1,0,0,-1,"A","L",86,43,36,14,21,11,11,20,14,18,32,13,10,2,14,91,86,43,36,14,21,11,11,20,14,18,32,13,10,2,14,91,0,1,0,0,0,NA,0,0,0.3,0,0,Inf,0,"2023-2024"
"MAC","EFE","14_1","Regular Season","Burak Can Yildizli",1,0,0,0,NA,0,0,NA,0,0,NA,0,0,0,0,0,0,0,0,0,0,0,"A","L",86,43,36,14,21,11,11,20,14,18,32,13,10,2,14,91,86,43,36,14,21,11,11,20,14,18,32,13,10,2,14,91,NA,0,NA,0,NA,NA,NA,NA,0,NA,NA,0,0,"2023-2024"
"MAC","EFE","14_1","Regular Season","Justus  Hollatz",11,3,0,1,0,1,2,50,0,0,NA,0,0,0,2,0,0,0,0,1,1,3,"A","L",86,43,36,14,21,11,11,20,14,18,32,13,10,2,14,91,86,43,36,14,21,11,11,20,14,18,32,13,10,2,14,91,1,2.9,103.4,0.01,69,Inf,50,0,2.3,50,0,2.3,0,"2023-2024"
"MAC","EFE","14_1","Regular Season","Daniel  Oturu",13,7,3,4,75,0,0,NA,1,2,50,1,1,2,1,2,0,0,0,2,1,9,"A","L",86,43,36,14,21,11,11,20,14,18,32,13,10,2,14,91,86,43,36,14,21,11,11,20,14,18,32,13,10,2,14,91,1.17,3.7,189.2,0.05,27,Inf,75,0.5,7.9,71.7,0,3.2,3.6,"2023-2024"
"MAC","EFE","14_1","Regular Season","Mike  Daum",26,20,4,5,80,3,5,60,3,3,100,1,1,2,0,2,1,1,0,4,4,21,"A","L",86,43,36,14,21,11,11,20,14,18,32,13,10,2,14,91,86,43,36,14,21,11,11,20,14,18,32,13,10,2,14,91,1.54,10.9,183.5,0.11,0,0,85,0.3,16.9,88.3,9.17,4,3.6,"2023-2024"
"BAY","RMB","14_2","Regular Season","Fabien  Causeur",17,6,3,5,60,0,0,NA,0,0,NA,1,1,2,1,1,1,1,1,3,1,5,"H","W",88,52,16,23,24,7,19,13,14,24,38,9,14,3,20,93,88,52,16,23,24,7,19,13,14,24,38,9,14,3,20,93,1.2,4.8,125,0.03,20.8,1,60,0,4.9,60,20.83,3.1,3.6,"2023-2024"
"BAY","RMB","14_2","Regular Season","Facundo  Campazzo",24,13,5,9,55.6,0,2,0,3,3,100,1,2,3,3,1,1,0,3,2,5,13,"H","W",88,52,16,23,24,7,19,13,14,24,38,9,14,3,20,93,88,52,16,23,24,7,19,13,14,24,38,9,14,3,20,93,0.93,11.8,110.2,0.08,25.4,3,45.5,0.27,9.9,52.8,8.47,4.8,3.6,"2023-2024"
"BAY","RMB","14_2","Regular Season","Walter  Tavares",21,8,3,5,60,0,0,NA,2,4,50,3,2,5,1,1,4,0,0,2,3,8,"H","W",88,52,16,23,24,7,19,13,14,24,38,9,14,3,20,93,88,52,16,23,24,7,19,13,14,24,38,9,14,3,20,93,0.89,7.4,108.1,0.03,13.5,0.2,60,0.8,4.5,59.2,54.05,4.4,10.7,"2023-2024"
"BAY","RMB","14_2","Regular Season","Eli  Ndiaye",15,0,0,0,NA,0,2,0,0,0,NA,1,6,7,0,2,0,1,0,1,1,8,"H","W",88,52,16,23,24,7,19,13,14,24,38,9,14,3,20,93,88,52,16,23,24,7,19,13,14,24,38,9,14,3,20,93,0,1,0,0.04,0,NA,0,0,3.4,0,0,1.2,3.6,"2023-2024"
"BAY","RMB","14_2","Regular Season","Dzanan  Musa",15,4,2,10,20,0,1,0,0,0,NA,3,2,5,1,0,2,0,3,2,0,-6,"H","W",88,52,16,23,24,7,19,13,14,24,38,9,14,3,20,93,88,52,16,23,24,7,19,13,14,24,38,9,14,3,20,93,0.36,9.6,41.7,-0.03,10.4,0.5,18.2,0,-2.3,18.2,20.83,7.5,10.7,"2023-2024"
"BAY","RMB","14_2","Regular Season","Rudy  Fernandez",16,0,0,1,0,0,0,NA,0,0,NA,0,1,1,2,3,0,0,0,2,2,5,"H","W",88,52,16,23,24,7,19,13,14,24,38,9,14,3,20,93,88,52,16,23,24,7,19,13,14,24,38,9,14,3,20,93,0,1,0,0.02,200,Inf,0,0,3.2,0,0,0.5,0,"2023-2024"
"BAY","RMB","14_2","Regular Season","Mario  Hezonja",20,12,1,3,33.3,2,5,40,4,4,100,0,1,1,0,0,1,0,0,2,3,8,"H","W",88,52,16,23,24,7,19,13,14,24,38,9,14,3,20,93,88,52,16,23,24,7,19,13,14,24,38,9,14,3,20,93,1,10.3,116.5,0.04,0,0,50,0.5,6.1,61.5,9.71,4.7,0,"2023-2024"
"BAY","RMB","14_2","Regular Season","Sergio  Rodriguez",15,11,1,5,20,3,3,100,0,0,NA,1,1,2,2,0,1,0,0,3,0,7,"H","W",88,52,16,23,24,7,19,13,14,24,38,9,14,3,20,93,88,52,16,23,24,7,19,13,14,24,38,9,14,3,20,93,1.38,7.7,142.9,0.05,26,2,68.8,0,7.2,68.8,12.99,5.2,3.6,"2023-2024"
"BAY","RMB","14_2","Regular Season","Gabriel  Deck",19,7,1,1,100,0,1,0,5,5,100,0,2,2,1,0,2,0,0,1,3,9,"H","W",88,52,16,23,24,7,19,13,14,24,38,9,14,3,20,93,88,52,16,23,24,7,19,13,14,24,38,9,14,3,20,93,1,6,116.7,0.04,16.7,0.5,50,2.5,4.9,83.3,33.33,2.8,0,"2023-2024"
"BAY","RMB","14_2","Regular Season","Vincent  Poirier",18,11,4,6,66.7,0,0,NA,3,5,60,4,5,9,0,1,0,0,0,1,4,20,"H","W",88,52,16,23,24,7,19,13,14,24,38,9,14,3,20,93,88,52,16,23,24,7,19,13,14,24,38,9,14,3,20,93,1,4,275,0.1,0,NA,66.7,0.83,12.5,67.1,0,4,14.3,"2023-2024"
"BAY","RMB","14_2","Regular Season","Sergio  Llull",19,16,4,7,57.1,2,2,100,2,2,100,0,1,1,2,0,2,1,0,1,2,16,"H","W",88,52,16,23,24,7,19,13,14,24,38,9,14,3,20,93,88,52,16,23,24,7,19,13,14,24,38,9,14,3,20,93,1.45,11.4,140.4,0.1,17.5,1,77.8,0.22,12.1,81,17.54,5.4,0,"2023-2024"
"RMB","BAY","14_2","Regular Season","Carsen  Edwards",29,11,3,5,60,1,4,25,2,2,100,0,1,1,0,2,4,0,1,2,4,6,"A","L",73,42,20,13,23,5,12,9,7,20,27,7,14,7,25,64,73,42,20,13,23,5,12,9,7,20,27,7,14,7,25,64,1,13.3,82.7,0.04,0,0,50,0.22,3.8,55.7,30.08,4.7,0,"2023-2024"
"RMB","BAY","14_2","Regular Season","Isaac  Bonga",27,15,4,5,80,1,1,100,4,4,100,3,2,5,1,2,3,1,1,4,3,18,"A","L",73,42,20,13,23,5,12,9,7,20,27,7,14,7,25,64,73,42,20,13,23,5,12,9,7,20,27,7,14,7,25,64,1.5,7.4,202.7,0.17,13.5,0.3,91.7,0.67,14.3,96.6,40.54,3.9,21.4,"2023-2024"
"RMB","BAY","14_2","Regular Season","Leandro  Bolmaro",23,6,1,7,14.3,1,2,50,1,2,50,1,3,4,3,0,0,2,0,1,1,7,"A","L",73,42,20,13,23,5,12,9,7,20,27,7,14,7,25,64,73,42,20,13,23,5,12,9,7,20,27,7,14,7,25,64,0.55,8.5,70.6,0.05,35.3,Inf,27.8,0.22,4.8,30.4,0,4.2,7.1,"2023-2024"
"RMB","BAY","14_2","Regular Season","Serge  Ibaka",29,6,3,6,50,0,4,0,0,0,NA,2,2,4,1,1,2,4,0,2,1,6,"A","L",73,42,20,13,23,5,12,9,7,20,27,7,14,7,25,64,73,42,20,13,23,5,12,9,7,20,27,7,14,7,25,64,0.6,9.6,62.5,0.02,10.4,0.5,30,0,3.9,30,20.83,4.1,14.3,"2023-2024"
"RMB","BAY","14_2","Regular Season","Devin   Booker",20,14,5,7,71.4,1,3,33.3,1,1,100,0,2,2,0,0,2,0,0,5,2,7,"A","L",73,42,20,13,23,5,12,9,7,20,27,7,14,7,25,64,73,42,20,13,23,5,12,9,7,20,27,7,14,7,25,64,1.27,11.9,117.6,0.06,0,0,65,0.1,6,67,16.81,6.1,0,"2023-2024"
"RMB","BAY","14_2","Regular Season","Nick  Weiler-Babb",20,6,3,5,60,0,1,0,0,0,NA,0,2,2,1,0,0,0,1,3,0,2,"A","L",73,42,20,13,23,5,12,9,7,20,27,7,14,7,25,64,73,42,20,13,23,5,12,9,7,20,27,7,14,7,25,64,1,5.8,103.4,0.04,17.2,Inf,50,0,3.1,50,0,2.9,0,"2023-2024"
"RMB","BAY","14_2","Regular Season","Sylvain  Francisco",17,11,2,3,66.7,1,4,25,4,4,100,1,2,3,2,1,2,0,0,2,5,14,"A","L",73,42,20,13,23,5,12,9,7,20,27,7,14,7,25,64,73,42,20,13,23,5,12,9,7,20,27,7,14,7,25,64,1,9.4,117,0.1,21.3,1,50,0.57,8.2,62.8,21.28,6.2,7.1,"2023-2024"
"RMB","BAY","14_2","Regular Season","Niels  Giffey",15,0,0,1,0,0,1,0,0,0,NA,0,2,2,1,1,0,0,0,1,2,3,"A","L",73,42,20,13,23,5,12,9,7,20,27,7,14,7,25,64,73,42,20,13,23,5,12,9,7,20,27,7,14,7,25,64,0,1.9,0,0.01,52.6,Inf,0,0,0.5,0,0,1.3,0,"2023-2024"
"RMB","BAY","14_2","Regular Season","Dino  Radoncic",15,0,0,1,0,0,0,NA,0,0,NA,0,3,3,0,0,1,0,0,2,0,-1,"A","L",73,42,20,13,23,5,12,9,7,20,27,7,14,7,25,64,73,42,20,13,23,5,12,9,7,20,27,7,14,7,25,64,0,1.9,0,-0.01,0,0,0,0,-1.6,0,52.63,1.3,0,"2023-2024"
"RMB","BAY","14_2","Regular Season","Danko   Brankovic",5,4,2,2,100,0,0,NA,0,0,NA,0,1,1,0,0,0,0,0,3,0,2,"A","L",73,42,20,13,23,5,12,9,7,20,27,7,14,7,25,64,73,42,20,13,23,5,12,9,7,20,27,7,14,7,25,64,2,1.9,210.5,0.02,0,NA,100,0,2.5,100,0,3.9,0,"2023-2024"
"PAN","VIL","14_3","Regular Season","Paris  Lee",18,7,2,5,40,1,3,33.3,0,0,NA,0,1,1,0,0,1,0,1,4,1,-2,"H","L",81,50,16,18,27,4,15,17,12,22,34,9,13,1,25,79,81,50,16,18,27,4,15,17,12,22,34,9,13,1,25,79,0.88,8.6,81.4,-0.02,0,0,43.8,0,0.3,43.8,11.63,4.6,0,"2023-2024"
"PAN","VIL","14_3","Regular Season","Joffrey  Lauvergne",26,10,4,9,44.4,0,1,0,2,2,100,6,5,11,1,0,1,0,1,1,3,16,"H","L",81,50,16,18,27,4,15,17,12,22,34,9,13,1,25,79,81,50,16,18,27,4,15,17,12,22,34,9,13,1,25,79,0.83,5.6,178.6,0.09,17.9,1,40,0.2,9.6,46,17.86,4.2,25,"2023-2024"
"PAN","VIL","14_3","Regular Season","Timothe  Luwawu-Cabarrot",31,17,7,12,58.3,0,2,0,3,4,75,0,4,4,3,2,6,0,2,5,3,8,"H","L",81,50,16,18,27,4,15,17,12,22,34,9,13,1,25,79,81,50,16,18,27,4,15,17,12,22,34,9,13,1,25,79,0.94,20.9,81.3,0.06,14.4,0.5,50,0.29,6.9,53.9,28.71,6.5,0,"2023-2024"
"PAN","VIL","14_3","Regular Season","Youssoupha  Fall",22,13,6,8,75,0,0,NA,1,2,50,5,1,6,1,1,1,1,1,4,1,14,"H","L",81,50,16,18,27,4,15,17,12,22,34,9,13,1,25,79,81,50,16,18,27,4,15,17,12,22,34,9,13,1,25,79,1.3,4.7,276.6,0.09,21.3,1,75,0.25,13,73.2,21.28,4.1,20.8,"2023-2024"
"PAN","VIL","14_3","Regular Season","David  Lighty",26,5,0,1,0,1,2,50,2,2,100,0,1,1,1,3,0,0,0,1,2,9,"H","L",81,50,16,18,27,4,15,17,12,22,34,9,13,1,25,79,81,50,16,18,27,4,15,17,12,22,34,9,13,1,25,79,1,3.7,135.1,0.06,27,Inf,50,0.67,6.9,64.4,0,1.4,0,"2023-2024"
"PAN","VIL","14_3","Regular Season","Mike  Scott",16,6,0,1,0,2,3,66.7,0,0,NA,0,2,2,0,0,1,0,0,4,0,1,"H","L",81,50,16,18,27,4,15,17,12,22,34,9,13,1,25,79,81,50,16,18,27,4,15,17,12,22,34,9,13,1,25,79,1.5,4.8,125,0.01,0,0,75,0,2,75,20.83,2.9,0,"2023-2024"
"PAN","VIL","14_3","Regular Season","Charles Lombahe Kahudi",7,2,1,3,33.3,0,0,NA,0,0,NA,0,0,0,0,1,0,0,0,1,0,0,"H","L",81,50,16,18,27,4,15,17,12,22,34,9,13,1,25,79,81,50,16,18,27,4,15,17,12,22,34,9,13,1,25,79,0.67,2.9,69,0,0,NA,33.3,0,0.9,33.3,0,3.9,0,"2023-2024"
"PAN","VIL","14_3","Regular Season","Edwin  Jackson",15,6,2,3,66.7,0,1,0,2,2,100,0,3,3,3,2,1,0,0,0,3,14,"H","L",81,50,16,18,27,4,15,17,12,22,34,9,13,1,25,79,81,50,16,18,27,4,15,17,12,22,34,9,13,1,25,79,1,5.6,107.1,0.09,53.6,3,50,0.5,8,61.5,17.86,3.6,0,"2023-2024"
"PAN","VIL","14_3","Regular Season","Nando  de Colo",23,6,1,2,50,0,4,0,4,4,100,0,4,4,8,0,1,0,0,1,3,14,"H","L",81,50,16,18,27,4,15,17,12,22,34,9,13,1,25,79,81,50,16,18,27,4,15,17,12,22,34,9,13,1,25,79,0.6,8.4,71.4,0.09,95.2,8,16.7,0.67,7.6,38.7,11.9,3.5,0,"2023-2024"
"PAN","VIL","14_3","Regular Season","John  Egbunu",15,9,4,6,66.7,0,0,NA,1,2,50,1,1,2,0,0,1,0,0,4,2,5,"H","L",81,50,16,18,27,4,15,17,12,22,34,9,13,1,25,79,81,50,16,18,27,4,15,17,12,22,34,9,13,1,25,79,1.12,6.6,136.4,0.02,0,0,66.7,0.33,4.4,65.4,15.15,4.8,4.2,"2023-2024"
"VIL","PAN","14_3","Regular Season","Aleksander  Balcerowski",7,0,0,0,NA,0,0,NA,0,0,NA,1,0,1,0,0,0,1,0,1,0,1,"A","W",89,26,34,29,13,15,18,23,9,20,29,7,12,5,18,104,89,26,34,29,13,15,18,23,9,20,29,7,12,5,18,104,NA,-1,0,0,0,NA,NA,NA,1,NA,0,0,5.6,"2023-2024"
"VIL","PAN","14_3","Regular Season","Kostas  Sloukas",34,18,1,3,33.3,3,7,42.9,7,8,87.5,0,5,5,12,1,4,0,0,2,6,29,"A","W",89,26,34,29,13,15,18,23,9,20,29,7,12,5,18,104,89,26,34,29,13,15,18,23,9,20,29,7,12,5,18,104,1,16.8,107.1,0.16,71.4,3,55,0.8,18.3,66.6,23.81,4.9,0,"2023-2024"
"VIL","PAN","14_3","Regular Season","Jerian  Grant",25,1,0,0,NA,0,2,0,1,2,50,0,2,2,2,1,0,0,0,2,1,2,"A","W",89,26,34,29,13,15,18,23,9,20,29,7,12,5,18,104,89,26,34,29,13,15,18,23,9,20,29,7,12,5,18,104,0.25,2.8,35.7,0.01,71.4,Inf,0,1,1.4,17.4,0,1.1,0,"2023-2024"
"VIL","PAN","14_3","Regular Season","Marius  Grigonis",27,19,2,2,100,5,9,55.6,0,0,NA,0,0,0,2,0,1,0,0,2,0,14,"A","W",89,26,34,29,13,15,18,23,9,20,29,7,12,5,18,104,89,26,34,29,13,15,18,23,9,20,29,7,12,5,18,104,1.73,11.5,165.2,0.1,17.4,2,86.4,0,13.7,86.4,8.7,4.2,0,"2023-2024"
"VIL","PAN","14_3","Regular Season","Konstantinos  Mitoglou",28,16,4,7,57.1,2,3,66.7,2,2,100,4,7,11,1,1,1,1,0,2,1,24,"A","W",89,26,34,29,13,15,18,23,9,20,29,7,12,5,18,104,89,26,34,29,13,15,18,23,9,20,29,7,12,5,18,104,1.33,7.6,210.5,0.14,13.2,1,70,0.2,16.9,73.5,13.16,4,22.2,"2023-2024"
"VIL","PAN","14_3","Regular Season","Panagiotis  Kalaitzakis",0,0,0,0,NA,0,0,NA,0,0,NA,0,0,0,0,0,0,0,0,0,0,0,"A","W",89,26,34,29,13,15,18,23,9,20,29,7,12,5,18,104,89,26,34,29,13,15,18,23,9,20,29,7,12,5,18,104,NA,0,NA,0,NA,NA,NA,NA,0,NA,NA,NA,0,"2023-2024"
"VIL","PAN","14_3","Regular Season","Luca  Vildoza",7,3,0,2,0,1,3,33.3,0,0,NA,0,0,0,0,0,0,0,0,1,0,-2,"A","W",89,26,34,29,13,15,18,23,9,20,29,7,12,5,18,104,89,26,34,29,13,15,18,23,9,20,29,7,12,5,18,104,0.6,4.8,62.5,-0.01,0,NA,30,0,-0.5,30,0,6.7,0,"2023-2024"
"VIL","PAN","14_3","Regular Season","Kendrick  Nunn",24,13,1,5,20,3,6,50,2,2,100,0,2,2,4,1,2,0,1,1,3,12,"A","W",89,26,34,29,13,15,18,23,9,20,29,7,12,5,18,104,89,26,34,29,13,15,18,23,9,20,29,7,12,5,18,104,1,13.3,97.7,0.07,30.1,2,50,0.18,8.9,54.7,15.04,5.5,0,"2023-2024"
"VIL","PAN","14_3","Regular Season","Mathias  Lessort",25,14,4,5,80,0,0,NA,6,10,60,1,2,3,1,0,2,1,0,4,9,17,"A","W",89,26,34,29,13,15,18,23,9,20,29,7,12,5,18,104,89,26,34,29,13,15,18,23,9,20,29,7,12,5,18,104,0.93,10,140,0.05,10,0.5,80,2,9.6,74.5,20,4.3,5.6,"2023-2024"
"VIL","PAN","14_3","Regular Season","Kostas  Antetokounmpo",7,2,1,1,100,0,0,NA,0,5,0,2,1,3,1,0,0,2,0,2,3,4,"A","W",89,26,34,29,13,15,18,23,9,20,29,7,12,5,18,104,89,26,34,29,13,15,18,23,9,20,29,7,12,5,18,104,0.33,1.2,166.7,-0.01,83.3,Inf,100,5,2.7,31.2,0,4.3,11.1,"2023-2024"
"VIL","PAN","14_3","Regular Season","Juan  Hernangomez",13,3,0,1,0,1,4,25,0,0,NA,1,1,2,0,3,2,0,0,1,2,3,"A","W",89,26,34,29,13,15,18,23,9,20,29,7,12,5,18,104,89,26,34,29,13,15,18,23,9,20,29,7,12,5,18,104,0.6,5.8,51.7,0,0,0,30,0,1.5,30,34.48,5.1,5.6,"2023-2024"
"BAS","BOL","14_4","Regular Season","Isaia  Cordinier",23,12,2,4,50,2,2,100,2,3,66.7,1,7,8,3,0,2,0,0,3,3,18,"A","W",91,36,27,16,19,13,14,26,5,27,32,4,7,2,22,108,91,36,27,16,19,13,14,26,5,27,32,4,7,2,22,108,1.33,8,150,0.08,37.5,1.5,83.3,0.5,10.7,82,25,4.2,10,"2023-2024"
"BAS","BOL","14_4","Regular Season","Marco  Belinelli",29,27,6,9,66.7,4,8,50,3,3,100,0,1,1,0,0,0,0,1,2,1,19,"A","W",91,36,27,16,19,13,14,26,5,27,32,4,7,2,22,108,91,36,27,16,19,13,14,26,5,27,32,4,7,2,22,108,1.35,17.6,153.4,0.11,0,NA,70.6,0.18,18.6,73.7,0,6.6,0,"2023-2024"
"BAS","BOL","14_4","Regular Season","Devontae  Cacok",17,4,2,3,66.7,0,0,NA,0,0,NA,1,1,2,2,0,0,0,0,1,0,6,"A","W",91,36,27,16,19,13,14,26,5,27,32,4,7,2,22,108,91,36,27,16,19,13,14,26,5,27,32,4,7,2,22,108,1.33,1.9,210.5,0.03,105.3,Inf,66.7,0,4.7,66.7,0,1.8,10,"2023-2024"
"BAS","BOL","14_4","Regular Season","Tornike  Shengelia",29,16,4,10,40,1,3,33.3,5,5,100,3,3,6,4,1,1,1,1,4,6,20,"A","W",91,36,27,16,19,13,14,26,5,27,32,4,7,2,22,108,91,36,27,16,19,13,14,26,5,27,32,4,7,2,22,108,0.89,12.7,126,0.07,31.5,4,42.3,0.38,13.8,52.6,7.87,5.8,30,"2023-2024"
"BAS","BOL","14_4","Regular Season","Daniel  Hackett",28,6,0,2,0,2,4,50,0,0,NA,0,8,8,3,0,0,0,0,4,5,14,"A","W",91,36,27,16,19,13,14,26,5,27,32,4,7,2,22,108,91,36,27,16,19,13,14,26,5,27,32,4,7,2,22,108,1,5.8,103.4,0.05,51.7,Inf,50,0,5.5,50,0,2.2,0,"2023-2024"
"BAS","BOL","14_4","Regular Season","Gabriel  Lundberg",12,1,0,1,0,0,2,0,1,2,50,0,0,0,1,0,2,0,0,2,1,-5,"A","W",91,36,27,16,19,13,14,26,5,27,32,4,7,2,22,108,91,36,27,16,19,13,14,26,5,27,32,4,7,2,22,108,0.2,5.6,17.9,-0.03,17.9,0.5,0,0.67,-3.6,12.9,35.71,5.1,0,"2023-2024"
"BAS","BOL","14_4","Regular Season","Alessandro  Pajola",16,9,1,2,50,2,3,66.7,1,1,100,0,0,0,6,1,0,0,1,1,1,13,"A","W",91,36,27,16,19,13,14,26,5,27,32,4,7,2,22,108,91,36,27,16,19,13,14,26,5,27,32,4,7,2,22,108,1.5,5.2,173.1,0.07,115.4,Inf,80,0.2,11.5,82.7,0,3.5,0,"2023-2024"
"BAS","BOL","14_4","Regular Season","Ognjen  Dobric",7,2,1,1,100,0,0,NA,0,0,NA,0,2,2,0,0,1,0,0,0,0,3,"A","W",91,36,27,16,19,13,14,26,5,27,32,4,7,2,22,108,91,36,27,16,19,13,14,26,5,27,32,4,7,2,22,108,2,1.9,105.3,0.02,0,0,100,0,1.3,100,52.63,3,0,"2023-2024"
"BAS","BOL","14_4","Regular Season","Achille  Polonara",7,0,0,0,NA,0,1,0,0,0,NA,0,1,1,4,2,1,1,0,3,0,3,"A","W",91,36,27,16,19,13,14,26,5,27,32,4,7,2,22,108,91,36,27,16,19,13,14,26,5,27,32,4,7,2,22,108,0,1.9,0,0.01,210.5,4,0,0,2.9,0,52.63,3,0,"2023-2024"
"BAS","BOL","14_4","Regular Season","Bryant  Dunston",21,6,2,3,66.7,0,0,NA,2,2,100,0,2,2,3,0,0,0,0,2,1,9,"A","W",91,36,27,16,19,13,14,26,5,27,32,4,7,2,22,108,91,36,27,16,19,13,14,26,5,27,32,4,7,2,22,108,1.2,3.7,162.2,0.04,81.1,Inf,66.7,0.67,6.6,77.3,0,1.9,0,"2023-2024"
"BAS","BOL","14_4","Regular Season","Awudu  Abass",10,8,1,1,100,2,4,50,0,0,NA,0,2,2,0,0,0,0,0,0,0,8,"A","W",91,36,27,16,19,13,14,26,5,27,32,4,7,2,22,108,91,36,27,16,19,13,14,26,5,27,32,4,7,2,22,108,1.6,4.8,166.7,0.04,0,NA,80,0,6.3,80,0,5.2,0,"2023-2024"
"BOL","BAS","14_4","Regular Season","Tadas  Sedekerskis",17,7,2,2,100,0,1,0,3,4,75,0,5,5,0,0,0,0,0,1,3,12,"H","L",81,34,29,25,15,11,18,18,9,26,35,5,7,3,18,93,81,34,29,25,15,11,18,18,9,26,35,5,7,3,18,93,1,4.6,152.2,0.07,0,NA,66.7,1.33,6.4,73.5,0,2.8,0,"2023-2024"
"BOL","BAS","14_4","Regular Season","Vanja  Marinkovic",25,9,0,3,0,3,6,50,0,0,NA,0,3,3,1,0,0,0,0,3,1,5,"H","L",81,34,29,25,15,11,18,18,9,26,35,5,7,3,18,93,81,34,29,25,15,11,18,18,9,26,35,5,7,3,18,93,1,8.6,104.7,0.03,11.6,Inf,50,0,4.3,50,0,3.6,0,"2023-2024"
"BOL","BAS","14_4","Regular Season","Codi  Miller-McIntyre",33,10,3,7,42.9,1,2,50,1,3,33.3,2,6,8,13,1,2,0,0,3,5,25,"H","L",81,34,29,25,15,11,18,18,9,26,35,5,7,3,18,93,81,34,29,25,15,11,18,18,9,26,35,5,7,3,18,93,0.83,9.9,101,0.14,131.3,6.5,50,0.33,14.6,48.4,20.2,3.7,11.1,"2023-2024"
"BOL","BAS","14_4","Regular Season","Daniel  Diez",5,0,0,0,NA,0,1,0,0,0,NA,0,0,0,0,0,0,0,0,0,0,-1,"H","L",81,34,29,25,15,11,18,18,9,26,35,5,7,3,18,93,81,34,29,25,15,11,18,18,9,26,35,5,7,3,18,93,0,1,0,-0.01,0,NA,0,0,-0.7,0,0,2,0,"2023-2024"
"BOL","BAS","14_4","Regular Season","Maik  Kotsar",23,13,4,6,66.7,0,0,NA,5,6,83.3,1,2,3,0,1,0,1,0,1,4,18,"H","L",81,34,29,25,15,11,18,18,9,26,35,5,7,3,18,93,81,34,29,25,15,11,18,18,9,26,35,5,7,3,18,93,1.08,7.3,178.1,0.1,0,NA,66.7,1,12.6,75.2,0,3.7,5.6,"2023-2024"
"BOL","BAS","14_4","Regular Season","Markus  Howard",19,11,0,3,0,3,10,30,2,4,50,0,0,0,0,1,0,0,0,3,2,-1,"H","L",81,34,29,25,15,11,18,18,9,26,35,5,7,3,18,93,81,34,29,25,15,11,18,18,9,26,35,5,7,3,18,93,0.65,14.2,77.5,-0.02,0,NA,34.6,0.31,2.1,37.3,0,7.7,0,"2023-2024"
"BOL","BAS","14_4","Regular Season","Sander  Raieste",6,0,0,0,NA,0,1,0,0,0,NA,0,2,2,0,0,0,0,0,0,0,1,"H","L",81,34,29,25,15,11,18,18,9,26,35,5,7,3,18,93,81,34,29,25,15,11,18,18,9,26,35,5,7,3,18,93,0,1,0,0.01,0,NA,0,0,-0.1,0,0,1.6,0,"2023-2024"
"BOL","BAS","14_4","Regular Season","Christopher  Chiozza",7,0,0,1,0,0,0,NA,0,0,NA,0,0,0,2,0,1,0,0,2,0,-2,"H","L",81,34,29,25,15,11,18,18,9,26,35,5,7,3,18,93,81,34,29,25,15,11,18,18,9,26,35,5,7,3,18,93,0,1.9,0,-0.01,105.3,2,0,0,-1.1,0,52.63,2.8,0,"2023-2024"
"BOL","BAS","14_4","Regular Season","Nikos  Rogkavopoulos",23,11,1,2,50,3,7,42.9,0,0,NA,1,2,3,0,0,1,1,1,2,0,6,"H","L",81,34,29,25,15,11,18,18,9,26,35,5,7,3,18,93,81,34,29,25,15,11,18,18,9,26,35,5,7,3,18,93,1.22,8.6,127.9,0.04,0,0,61.1,0,6.5,61.1,11.63,4.3,5.6,"2023-2024"
"BOL","BAS","14_4","Regular Season","Khalifa  Diop",15,4,2,3,66.7,0,0,NA,0,0,NA,2,1,3,0,0,1,0,0,1,0,4,"H","L",81,34,29,25,15,11,18,18,9,26,35,5,7,3,18,93,81,34,29,25,15,11,18,18,9,26,35,5,7,3,18,93,1.33,1.9,210.5,0.02,0,0,66.7,0,3,66.7,52.63,2.6,11.1,"2023-2024"
"BOL","BAS","14_4","Regular Season","Chima  Moneke",27,16,3,7,42.9,1,1,100,7,8,87.5,3,5,8,2,2,2,1,1,2,7,26,"H","L",81,34,29,25,15,11,18,18,9,26,35,5,7,3,18,93,81,34,29,25,15,11,18,18,9,26,35,5,7,3,18,93,1,10.1,158.4,0.13,19.8,1,56.2,1,16.5,69.4,19.8,4.9,16.7,"2023-2024"
"PAR","ZAL","14_5","Regular Season","Keenan  Evans",35,33,6,7,85.7,4,8,50,9,11,81.8,0,3,3,4,1,1,0,0,2,7,38,"H","L",85,28,26,23,16,12,17,15,9,16,25,4,13,1,23,78,85,28,26,23,16,12,17,15,9,16,25,4,13,1,23,78,1.27,20,165,0.27,20,4,80,0.73,28.6,83.2,5,6.2,0,"2023-2024"
"PAR","ZAL","14_5","Regular Season","Kevarrius  Hayes",16,6,3,4,75,0,0,NA,0,0,NA,3,1,4,0,0,2,1,1,3,1,5,"H","L",85,28,26,23,16,12,17,15,9,16,25,4,13,1,23,78,85,28,26,23,16,12,17,15,9,16,25,4,13,1,23,78,1.5,2.9,206.9,0.03,0,0,75,0,4.3,75,68.97,3.9,16.7,"2023-2024"
"PAR","ZAL","14_5","Regular Season","Dovydas  Giedraitis",18,5,1,3,33.3,1,2,50,0,0,NA,0,2,2,1,0,3,0,0,1,0,1,"H","L",85,28,26,23,16,12,17,15,9,16,25,4,13,1,23,78,85,28,26,23,16,12,17,15,9,16,25,4,13,1,23,78,1,7.7,64.9,0.01,13,0.3,50,0,0.2,50,38.96,4.6,0,"2023-2024"
"PAR","ZAL","14_5","Regular Season","Rolands  Smits",34,18,2,4,50,4,8,50,2,4,50,1,3,4,1,2,0,0,0,2,4,19,"H","L",85,28,26,23,16,12,17,15,9,16,25,4,13,1,23,78,85,28,26,23,16,12,17,15,9,16,25,4,13,1,23,78,1.12,12.2,147.5,0.13,8.2,Inf,66.7,0.33,14.7,65.4,0,4.2,5.6,"2023-2024"
"PAR","ZAL","14_5","Regular Season","Edgaras  Ulanovas",27,0,0,3,0,0,0,NA,0,0,NA,0,2,2,2,0,1,0,0,4,0,-4,"H","L",85,28,26,23,16,12,17,15,9,16,25,4,13,1,23,78,85,28,26,23,16,12,17,15,9,16,25,4,13,1,23,78,0,3.8,0,-0.04,52.6,2,0,0,-2.7,0,26.32,1.5,0,"2023-2024"
"PAR","ZAL","14_5","Regular Season","Laurynas  Birutis",7,3,1,2,50,0,0,NA,1,2,50,0,0,0,0,0,1,0,1,1,2,0,"H","L",85,28,26,23,16,12,17,15,9,16,25,4,13,1,23,78,85,28,26,23,16,12,17,15,9,16,25,4,13,1,23,78,0.75,3.7,81.1,-0.01,0,0,50,1,0.2,52.1,27.03,5.7,0,"2023-2024"
"PAR","ZAL","14_5","Regular Season","Austin  Hollins",11,3,0,0,NA,1,3,33.3,0,0,NA,0,0,0,0,0,1,0,0,3,0,-3,"H","L",85,28,26,23,16,12,17,15,9,16,25,4,13,1,23,78,85,28,26,23,16,12,17,15,9,16,25,4,13,1,23,78,1,3.8,78.9,-0.03,0,0,50,0,-0.9,50,26.32,3.8,0,"2023-2024"
"PAR","ZAL","14_5","Regular Season","Edmond  Sumner",7,2,0,2,0,0,0,NA,2,2,100,0,0,0,2,0,2,0,0,2,1,-1,"H","L",85,28,26,23,16,12,17,15,9,16,25,4,13,1,23,78,85,28,26,23,16,12,17,15,9,16,25,4,13,1,23,78,0.5,4.7,42.6,-0.02,42.6,1,0,1,-0.8,34.7,42.55,7.2,0,"2023-2024"
"PAR","ZAL","14_5","Regular Season","Tomas  Dimsa",30,11,2,2,100,2,4,50,1,2,50,1,1,2,4,0,2,0,0,3,1,10,"H","L",85,28,26,23,16,12,17,15,9,16,25,4,13,1,23,78,85,28,26,23,16,12,17,15,9,16,25,4,13,1,23,78,1.38,7.6,144.7,0.07,52.6,2,83.3,0.33,8.6,79.9,26.32,3.1,5.6,"2023-2024"
"PAR","ZAL","14_5","Regular Season","Danielius  Lavrinovicius",16,4,1,1,100,0,1,0,2,2,100,4,4,8,1,1,0,0,0,2,2,13,"H","L",85,28,26,23,16,12,17,15,9,16,25,4,13,1,23,78,85,28,26,23,16,12,17,15,9,16,25,4,13,1,23,78,1,-1.1,-363.6,0.08,-90.9,Inf,50,1,7.9,69.4,0,1.9,22.2,"2023-2024"
"ZAL","PAR","14_5","Regular Season","Zach  LeDay",31,13,3,7,42.9,1,2,50,4,4,100,3,4,7,1,0,1,0,1,2,6,18,"A","W",93,40,20,25,23,8,23,14,10,20,30,5,9,2,18,108,93,40,20,25,23,8,23,14,10,20,30,5,9,2,18,108,1,8.4,154.8,0.07,11.9,1,50,0.44,10.5,60.4,11.9,3.8,15,"2023-2024"
"ZAL","PAR","14_5","Regular Season","Kevin  Punter",35,22,3,8,37.5,4,6,66.7,4,4,100,0,1,1,1,1,1,0,0,1,2,18,"A","W",93,40,20,25,23,8,23,14,10,20,30,5,9,2,18,108,93,40,20,25,23,8,23,14,10,20,30,5,9,2,18,108,1.22,16.1,136.6,0.1,6.2,1,64.3,0.29,15.6,69.8,6.21,4.8,0,"2023-2024"
"ZAL","PAR","14_5","Regular Season","Alen  Smailagic",22,7,3,3,100,0,1,0,1,2,50,1,3,4,1,0,1,0,0,3,1,7,"A","W",93,40,20,25,23,8,23,14,10,20,30,5,9,2,18,108,93,40,20,25,23,8,23,14,10,20,30,5,9,2,18,108,1.17,4.7,148.9,0.03,21.3,1,75,0.5,5.1,71.7,21.28,2.7,5,"2023-2024"
"ZAL","PAR","14_5","Regular Season","P.J.  Dozier",34,16,5,7,71.4,0,4,0,6,7,85.7,3,4,7,4,2,2,1,0,0,6,27,"A","W",93,40,20,25,23,8,23,14,10,20,30,5,9,2,18,108,93,40,20,25,23,8,23,14,10,20,30,5,9,2,18,108,0.89,12.6,127,0.12,31.7,2,45.5,0.64,16.7,56.8,15.87,4.7,15,"2023-2024"
"ZAL","PAR","14_5","Regular Season","Bruno  Caboclo",24,12,4,6,66.7,0,1,0,4,4,100,2,5,7,2,1,1,0,0,4,5,19,"A","W",93,40,20,25,23,8,23,14,10,20,30,5,9,2,18,108,93,40,20,25,23,8,23,14,10,20,30,5,9,2,18,108,1.09,7.4,162.2,0.08,27,2,57.1,0.57,11.4,68.5,13.51,4.1,10,"2023-2024"
"ZAL","PAR","14_5","Regular Season","Tristan  Vukcevic",7,4,1,1,100,0,0,NA,2,2,100,0,1,1,1,0,0,1,0,2,1,6,"A","W",93,40,20,25,23,8,23,14,10,20,30,5,9,2,18,108,93,40,20,25,23,8,23,14,10,20,30,5,9,2,18,108,1.33,1.8,222.2,0.03,55.6,Inf,100,2,4.6,106.4,0,2.7,0,"2023-2024"
"ZAL","PAR","14_5","Regular Season","Balsa  Koprivica",6,3,1,2,50,0,0,NA,1,1,100,0,0,0,1,0,2,0,0,3,1,-1,"A","W",93,40,20,25,23,8,23,14,10,20,30,5,9,2,18,108,93,40,20,25,23,8,23,14,10,20,30,5,9,2,18,108,1,4.3,69.8,-0.01,23.3,0.5,50,0.5,-0.5,61.5,46.51,7.4,0,"2023-2024"
"ZAL","PAR","14_5","Regular Season","James  Nunnally",29,14,2,5,40,3,5,60,1,1,100,0,2,2,2,1,1,0,0,1,1,13,"A","W",93,40,20,25,23,8,23,14,10,20,30,5,9,2,18,108,93,40,20,25,23,8,23,14,10,20,30,5,9,2,18,108,1.27,11,127.3,0.07,18.2,2,65,0.1,10.6,67,9.09,3.9,0,"2023-2024"
"ZAL","PAR","14_5","Regular Season","Danilo  Andjusic",0,0,0,0,NA,0,0,NA,0,0,NA,0,0,0,0,0,0,0,0,0,0,0,"A","W",93,40,20,25,23,8,23,14,10,20,30,5,9,2,18,108,93,40,20,25,23,8,23,14,10,20,30,5,9,2,18,108,NA,0,NA,0,NA,NA,NA,NA,0,NA,NA,NA,0,"2023-2024"
"ZAL","PAR","14_5","Regular Season","Mateusz  Ponitka",11,2,1,1,100,0,1,0,0,0,NA,1,0,1,1,0,0,0,0,2,0,1,"A","W",93,40,20,25,23,8,23,14,10,20,30,5,9,2,18,108,93,40,20,25,23,8,23,14,10,20,30,5,9,2,18,108,1,1,200,0,100,Inf,50,0,1.6,50,0,1.8,5,"2023-2024"
"BAR","MIL","14_6","Regular Season","Nicolo  Melli",28,16,5,8,62.5,1,2,50,3,4,75,1,5,6,3,0,1,0,0,3,8,24,"A","W",90,38,27,19,20,11,17,11,10,22,32,4,10,1,22,92,90,38,27,19,20,11,17,11,10,22,32,4,10,1,22,92,1.14,11.3,141.6,0.12,26.5,3,65,0.4,13.1,68,8.85,4.4,5,"2023-2024"
"BAR","MIL","14_6","Regular Season","Giampaolo  Ricci",17,0,0,0,NA,0,2,0,0,0,NA,2,0,2,1,0,0,0,0,3,0,-2,"A","W",90,38,27,19,20,11,17,11,10,22,32,4,10,1,22,92,90,38,27,19,20,11,17,11,10,22,32,4,10,1,22,92,0,0,NA,-0.02,Inf,Inf,0,0,-0.5,0,NA,1.1,10,"2023-2024"
"BAR","MIL","14_6","Regular Season","Diego  Flaccadori",33,15,4,8,50,0,3,0,7,8,87.5,0,4,4,1,1,0,0,0,1,4,16,"A","W",90,38,27,19,20,11,17,11,10,22,32,4,10,1,22,92,90,38,27,19,20,11,17,11,10,22,32,4,10,1,22,92,0.79,13.9,107.9,0.09,7.2,Inf,36.4,0.73,11,51.7,0,4.2,0,"2023-2024"
"BAR","MIL","14_6","Regular Season","Shavon  Shields",31,19,1,3,33.3,5,11,45.5,2,2,100,2,1,3,2,1,4,1,0,1,3,16,"A","W",90,38,27,19,20,11,17,11,10,22,32,4,10,1,22,92,90,38,27,19,20,11,17,11,10,22,32,4,10,1,22,92,1.19,16.2,117.3,0.09,12.3,0.5,60.7,0.14,12,63.8,24.69,5.8,10,"2023-2024"
"BAR","MIL","14_6","Regular Season","Johannes  Voigtmann",25,8,1,2,50,2,3,66.7,0,0,NA,1,4,5,1,0,2,0,0,4,1,7,"A","W",90,38,27,19,20,11,17,11,10,22,32,4,10,1,22,92,90,38,27,19,20,11,17,11,10,22,32,4,10,1,22,92,1.6,5.8,137.9,0.04,17.2,0.5,80,0,4.7,80,34.48,2.7,5,"2023-2024"
"BAR","MIL","14_6","Regular Season","Alex  Poythress",13,6,2,4,50,0,0,NA,2,2,100,2,1,3,0,0,1,0,0,3,3,6,"A","W",90,38,27,19,20,11,17,11,10,22,32,4,10,1,22,92,90,38,27,19,20,11,17,11,10,22,32,4,10,1,22,92,1,3.7,162.2,0.02,0,0,50,0.5,3.5,61.5,27.03,4.3,10,"2023-2024"
"BAR","MIL","14_6","Regular Season","Giordano  Bortolani",2,0,0,1,0,0,0,NA,0,0,NA,0,0,0,0,0,0,0,0,0,0,-1,"A","W",90,38,27,19,20,11,17,11,10,22,32,4,10,1,22,92,90,38,27,19,20,11,17,11,10,22,32,4,10,1,22,92,0,1,0,-0.01,0,NA,0,0,-0.7,0,0,4.8,0,"2023-2024"
"BAR","MIL","14_6","Regular Season","Stefano  Tonut",12,3,0,4,0,1,3,33.3,0,0,NA,0,1,1,1,1,1,0,0,0,0,-1,"A","W",90,38,27,19,20,11,17,11,10,22,32,4,10,1,22,92,90,38,27,19,20,11,17,11,10,22,32,4,10,1,22,92,0.43,7.7,39,-0.01,13,1,21.4,0,-0.5,21.4,12.99,6.4,0,"2023-2024"
"BAR","MIL","14_6","Regular Season","Devon  Hall",23,21,6,7,85.7,2,3,66.7,3,3,100,0,3,3,0,1,0,0,0,4,3,22,"A","W",90,38,27,19,20,11,17,11,10,22,32,4,10,1,22,92,90,38,27,19,20,11,17,11,10,22,32,4,10,1,22,92,1.62,10.9,192.7,0.15,0,NA,90,0.3,17.5,92.8,0,4.7,0,"2023-2024"
"BAR","MIL","14_6","Regular Season","Kyle  Hines",11,2,1,1,100,0,0,NA,0,0,NA,2,3,5,2,0,1,0,0,3,0,5,"A","W",90,38,27,19,20,11,17,11,10,22,32,4,10,1,22,92,90,38,27,19,20,11,17,11,10,22,32,4,10,1,22,92,2,0,Inf,0.03,Inf,2,100,0,3.2,100,Inf,1.7,10,"2023-2024"
"MIL","BAR","14_6","Regular Season","Oscar  da Silva",12,6,0,0,NA,1,1,100,3,4,75,1,1,2,0,0,0,0,0,1,2,8,"H","L",86,43,18,23,24,7,17,20,8,22,30,7,9,0,24,95,86,43,18,23,24,7,17,20,8,22,30,7,9,0,24,95,1.2,1.7,352.9,0.04,0,NA,150,4,5.9,108.7,0,2.3,6.2,"2023-2024"
"MIL","BAR","14_6","Regular Season","Dario  Brizuela",14,9,3,4,75,1,1,100,0,0,NA,0,0,0,3,1,0,0,0,3,0,9,"H","L",86,43,18,23,24,7,17,20,8,22,30,7,9,0,24,95,86,43,18,23,24,7,17,20,8,22,30,7,9,0,24,95,1.8,4.8,187.5,0.06,62.5,Inf,90,0,9,90,0,3.6,0,"2023-2024"
"MIL","BAR","14_6","Regular Season","Nikola  Kalinic",23,17,3,9,33.3,3,5,60,2,2,100,1,3,4,0,2,2,0,0,0,1,14,"H","L",86,43,18,23,24,7,17,20,8,22,30,7,9,0,24,95,86,43,18,23,24,7,17,20,8,22,30,7,9,0,24,95,1.06,15.2,111.8,0.09,0,0,53.6,0.14,11.2,57.1,13.16,7.3,6.2,"2023-2024"
"MIL","BAR","14_6","Regular Season","Tomas  Satoransky",25,4,2,3,66.7,0,4,0,0,0,NA,1,2,3,4,0,1,0,0,4,0,1,"H","L",86,43,18,23,24,7,17,20,8,22,30,7,9,0,24,95,86,43,18,23,24,7,17,20,8,22,30,7,9,0,24,95,0.57,6.7,59.7,0,59.7,4,28.6,0,1.4,28.6,14.93,3.2,6.2,"2023-2024"
"MIL","BAR","14_6","Regular Season","Willy  Hernangomez",14,10,4,5,80,0,0,NA,2,2,100,1,5,6,1,1,0,0,0,1,1,17,"H","L",86,43,18,23,24,7,17,20,8,22,30,7,9,0,24,95,86,43,18,23,24,7,17,20,8,22,30,7,9,0,24,95,1.43,4.7,212.8,0.11,21.3,Inf,80,0.4,11.6,85,0,4.2,6.2,"2023-2024"
"MIL","BAR","14_6","Regular Season","Jan  Vesely",19,14,4,7,57.1,0,0,NA,6,6,100,1,2,3,2,1,1,0,0,3,6,19,"H","L",86,43,18,23,24,7,17,20,8,22,30,7,9,0,24,95,86,43,18,23,24,7,17,20,8,22,30,7,9,0,24,95,1.08,9.3,150.5,0.09,21.5,2,57.1,0.86,12.2,72.6,10.75,5.6,6.2,"2023-2024"
"MIL","BAR","14_6","Regular Season","Nicolas  Laprovittola",23,16,5,7,71.4,1,2,50,3,5,60,0,2,2,5,0,2,0,1,5,6,16,"H","L",86,43,18,23,24,7,17,20,8,22,30,7,9,0,24,95,86,43,18,23,24,7,17,20,8,22,30,7,9,0,24,95,1.14,12.7,126,0.08,39.4,2.5,72.2,0.56,11.4,71.4,15.75,5.7,0,"2023-2024"
"MIL","BAR","14_6","Regular Season","Alejandro  Abrines",22,0,0,2,0,0,1,0,0,0,NA,1,3,4,1,1,1,0,0,3,3,2,"H","L",86,43,18,23,24,7,17,20,8,22,30,7,9,0,24,95,86,43,18,23,24,7,17,20,8,22,30,7,9,0,24,95,0,2.9,0,-0.01,34.5,1,0,0,-1,0,34.48,1.8,6.2,"2023-2024"
"MIL","BAR","14_6","Regular Season","James  Nnaji",6,2,1,1,100,0,0,NA,0,2,0,0,2,2,0,0,0,0,0,1,1,2,"H","L",86,43,18,23,24,7,17,20,8,22,30,7,9,0,24,95,86,43,18,23,24,7,17,20,8,22,30,7,9,0,24,95,0.67,1.8,111.1,0.01,0,NA,100,2,1.1,53.2,0,3.1,0,"2023-2024"
"MIL","BAR","14_6","Regular Season","Rokas  Jokubaitis",14,2,1,2,50,0,0,NA,0,0,NA,0,0,0,4,1,1,0,0,1,0,4,"H","L",86,43,18,23,24,7,17,20,8,22,30,7,9,0,24,95,86,43,18,23,24,7,17,20,8,22,30,7,9,0,24,95,1,2.9,69,0.03,137.9,4,50,0,3.4,50,34.48,2.1,0,"2023-2024"
"MIL","BAR","14_6","Regular Season","Joel  Parra",22,6,1,3,33.3,1,4,25,1,2,50,2,2,4,0,0,1,0,0,2,2,3,"H","L",86,43,18,23,24,7,17,20,8,22,30,7,9,0,24,95,86,43,18,23,24,7,17,20,8,22,30,7,9,0,24,95,0.67,6.6,90.9,0,0,0,35.7,0.29,1.7,38.1,15.15,4,12.5,"2023-2024"
"OLY","VAL","14_7","Regular Season","Victor  Claver",25,5,1,1,100,1,2,50,0,0,NA,0,1,1,1,1,1,0,0,1,2,7,"A","W",63,38,19,6,21,5,6,11,7,26,33,8,15,2,20,62,63,38,19,6,21,5,6,11,7,26,33,8,15,2,20,62,1.67,3.8,131.6,0.05,26.3,1,83.3,0,4.3,83.3,26.32,1.7,0,"2023-2024"
"OLY","VAL","14_7","Regular Season","Nate  Reuvers",15,4,2,5,40,0,2,0,0,0,NA,1,1,2,0,0,0,1,0,4,0,-2,"A","W",63,38,19,6,21,5,6,11,7,26,33,8,15,2,20,62,63,38,19,6,21,5,6,11,7,26,33,8,15,2,20,62,0.57,5.8,69,-0.03,0,NA,28.6,0,0,28.6,0,5,7.1,"2023-2024"
"OLY","VAL","14_7","Regular Season","Chris  Jones",30,12,6,10,60,0,1,0,0,0,NA,0,4,4,3,1,4,0,1,1,2,11,"A","W",63,38,19,6,21,5,6,11,7,26,33,8,15,2,20,62,63,38,19,6,21,5,6,11,7,26,33,8,15,2,20,62,1.09,14.4,83.3,0.11,20.8,0.8,54.5,0,6.6,54.5,27.78,5.4,0,"2023-2024"
"OLY","VAL","14_7","Regular Season","Boubacar  Toure",17,2,1,1,100,0,0,NA,0,0,NA,1,5,6,0,0,0,1,0,3,0,6,"A","W",63,38,19,6,21,5,6,11,7,26,33,8,15,2,20,62,63,38,19,6,21,5,6,11,7,26,33,8,15,2,20,62,2,0,Inf,0.05,NA,NA,100,0,3.4,100,NA,0.6,7.1,"2023-2024"
"OLY","VAL","14_7","Regular Season","Kassius  Robertson",15,3,0,0,NA,0,3,0,3,3,100,0,2,2,1,2,0,0,0,0,2,7,"A","W",63,38,19,6,21,5,6,11,7,26,33,8,15,2,20,62,63,38,19,6,21,5,6,11,7,26,33,8,15,2,20,62,0.5,4.1,73.2,0.05,24.4,Inf,0,1,4.2,34.7,0,3.1,0,"2023-2024"
"OLY","VAL","14_7","Regular Season","Josep  Puerto",17,5,1,1,100,1,3,33.3,0,0,NA,1,1,2,0,0,3,0,0,1,0,1,"A","W",63,38,19,6,21,5,6,11,7,26,33,8,15,2,20,62,63,38,19,6,21,5,6,11,7,26,33,8,15,2,20,62,1.25,5.8,86.2,0.01,0,0,62.5,0,0.6,62.5,51.72,4.4,7.1,"2023-2024"
"OLY","VAL","14_7","Regular Season","Jaime  Pradilla",12,0,0,1,0,0,0,NA,0,0,NA,2,1,3,0,1,0,0,0,2,0,1,"A","W",63,38,19,6,21,5,6,11,7,26,33,8,15,2,20,62,63,38,19,6,21,5,6,11,7,26,33,8,15,2,20,62,0,-1,0,0,0,NA,0,0,1.2,0,0,0.9,14.3,"2023-2024"
"OLY","VAL","14_7","Regular Season","Damien  Inglis",14,10,1,4,25,2,3,66.7,2,2,100,1,0,1,0,1,1,0,0,1,2,8,"A","W",63,38,19,6,21,5,6,11,7,26,33,8,15,2,20,62,63,38,19,6,21,5,6,11,7,26,33,8,15,2,20,62,1.11,7.6,131.6,0.06,0,0,57.1,0.29,6.6,63.5,13.16,6.8,7.1,"2023-2024"
"OLY","VAL","14_7","Regular Season","Stefan  Jovic",19,12,4,4,100,1,3,33.3,1,1,100,0,4,4,2,1,1,0,0,2,2,16,"A","W",63,38,19,6,21,5,6,11,7,26,33,8,15,2,20,62,63,38,19,6,21,5,6,11,7,26,33,8,15,2,20,62,1.5,8.1,148.1,0.15,24.7,2,78.6,0.14,10.9,80.6,12.35,4.8,0,"2023-2024"
"OLY","VAL","14_7","Regular Season","Martin  Hermannsson",16,4,2,3,66.7,0,2,0,0,0,NA,0,2,2,2,0,2,0,0,2,0,1,"A","W",63,38,19,6,21,5,6,11,7,26,33,8,15,2,20,62,63,38,19,6,21,5,6,11,7,26,33,8,15,2,20,62,0.8,6.7,59.7,0.01,29.9,1,40,0,0.5,40,29.85,4.7,0,"2023-2024"
"OLY","VAL","14_7","Regular Season","Brandon  Davies",20,6,3,8,37.5,0,0,NA,0,0,NA,1,5,6,2,1,3,0,0,3,2,6,"A","W",63,38,19,6,21,5,6,11,7,26,33,8,15,2,20,62,63,38,19,6,21,5,6,11,7,26,33,8,15,2,20,62,0.75,9.6,62.5,0.04,20.8,0.7,37.5,0,2,37.5,31.25,5.9,7.1,"2023-2024"
"VAL","OLY","14_7","Regular Season","Thomas  Walkup",35,13,2,2,100,3,7,42.9,0,0,NA,0,3,3,2,3,2,0,0,1,1,15,"H","L",56,24,31,16,10,9,9,15,7,20,27,10,14,1,12,58,56,24,31,16,10,9,9,15,7,20,27,10,14,1,12,58,1.44,10.6,122.6,0.19,18.9,1,72.2,0,11.6,72.2,18.87,3.3,0,"2023-2024"
"VAL","OLY","14_7","Regular Season","Isaiah  Canaan",30,8,1,1,100,2,6,33.3,0,0,NA,0,1,1,2,0,4,0,0,2,0,1,"H","L",56,24,31,16,10,9,9,15,7,20,27,10,14,1,12,58,56,24,31,16,10,9,9,15,7,20,27,10,14,1,12,58,1.14,10.6,75.5,0.01,18.9,0.5,57.1,0,1.2,57.1,37.74,3.9,0,"2023-2024"
"VAL","OLY","14_7","Regular Season","Moustapha  Fall",26,7,3,3,100,0,0,NA,1,4,25,2,5,7,1,2,0,1,0,2,6,19,"H","L",56,24,31,16,10,9,9,15,7,20,27,10,14,1,12,58,56,24,31,16,10,9,9,15,7,20,27,10,14,1,12,58,1,2.6,269.2,0.16,38.5,Inf,100,1.33,10.4,73.5,0,1.9,14.3,"2023-2024"
"VAL","OLY","14_7","Regular Season","Kostas  Papanikolaou",30,11,1,8,12.5,3,6,50,0,0,NA,0,4,4,4,2,2,0,1,3,0,5,"H","L",56,24,31,16,10,9,9,15,7,20,27,10,14,1,12,58,56,24,31,16,10,9,9,15,7,20,27,10,14,1,12,58,0.79,15.4,71.4,0.08,26,2,39.3,0,5.6,39.3,12.99,5.6,0,"2023-2024"
"VAL","OLY","14_7","Regular Season","Luke  Sikma",16,1,0,2,0,0,0,NA,1,2,50,2,2,4,1,1,1,0,1,1,3,4,"H","L",56,24,31,16,10,9,9,15,7,20,27,10,14,1,12,58,56,24,31,16,10,9,9,15,7,20,27,10,14,1,12,58,0.25,1.8,55.6,0.01,55.6,1,0,1,1.5,17.4,55.56,2.6,14.3,"2023-2024"
"VAL","OLY","14_7","Regular Season","Nigel  Williams-Goss",5,0,0,1,0,0,1,0,0,0,NA,0,0,0,0,0,1,0,0,1,0,-4,"H","L",56,24,31,16,10,9,9,15,7,20,27,10,14,1,12,58,56,24,31,16,10,9,9,15,7,20,27,10,14,1,12,58,0,2.9,0,-0.06,0,0,0,0,-2.8,0,34.48,6.3,0,"2023-2024"
"VAL","OLY","14_7","Regular Season","Giannoulis  Larentzakis",15,3,0,1,0,1,6,16.7,0,0,NA,0,1,1,2,0,1,0,0,2,1,-2,"H","L",56,24,31,16,10,9,9,15,7,20,27,10,14,1,12,58,56,24,31,16,10,9,9,15,7,20,27,10,14,1,12,58,0.43,7.7,39,-0.04,26,2,21.4,0,-1.6,21.4,12.99,5.6,0,"2023-2024"
"VAL","OLY","14_7","Regular Season","Ignas  Brazdeikis",9,4,1,1,100,0,3,0,2,2,100,0,1,1,0,0,1,0,0,0,1,2,"H","L",56,24,31,16,10,9,9,15,7,20,27,10,14,1,12,58,56,24,31,16,10,9,9,15,7,20,27,10,14,1,12,58,0.67,5.6,71.4,0.01,0,0,25,0.5,0.9,41,17.86,6.9,0,"2023-2024"
"VAL","OLY","14_7","Regular Season","Filip  Petrusev",8,0,0,0,NA,0,0,NA,0,0,NA,0,2,2,0,0,0,0,0,0,1,3,"H","L",56,24,31,16,10,9,9,15,7,20,27,10,14,1,12,58,56,24,31,16,10,9,9,15,7,20,27,10,14,1,12,58,NA,0,NA,0.03,NA,NA,NA,NA,0.6,NA,NA,0,0,"2023-2024"
"VAL","OLY","14_7","Regular Season","Nikola  Milutinov",13,6,2,4,50,0,0,NA,2,4,50,2,0,2,1,1,1,0,0,0,4,9,"H","L",56,24,31,16,10,9,9,15,7,20,27,10,14,1,12,58,56,24,31,16,10,9,9,15,7,20,27,10,14,1,12,58,0.75,4.6,130.4,0.06,21.7,1,50,1,5.3,52.1,21.74,5.5,14.3,"2023-2024"
"VAL","OLY","14_7","Regular Season","Shaquielle  McKissic",12,3,0,1,0,0,2,0,3,4,75,1,1,2,2,1,1,0,0,0,3,6,"H","L",56,24,31,16,10,9,9,15,7,20,27,10,14,1,12,58,56,24,31,16,10,9,9,15,7,20,27,10,14,1,12,58,0.43,4.6,65.2,0.03,43.5,2,0,1.33,2.9,31.5,21.74,5,7.1,"2023-2024"
"BER","CRV","14_8","Regular Season","Luka  Mitrovic",15,6,3,6,50,0,0,NA,0,0,NA,2,2,4,3,0,2,0,1,3,1,5,"H","W",85,41,29,14,18,13,10,23,14,15,29,10,11,3,19,90,85,41,29,14,18,13,10,23,14,15,29,10,11,3,19,90,1,5.8,103.4,0.03,51.7,1.5,50,0,3.9,50,34.48,4.9,7.1,"2023-2024"
"BER","CRV","14_8","Regular Season","Branko  Lazic",13,0,0,3,0,0,3,0,0,0,NA,2,1,3,0,0,0,0,0,2,1,-4,"H","W",85,41,29,14,18,13,10,23,14,15,29,10,11,3,19,90,85,41,29,14,18,13,10,23,14,15,29,10,11,3,19,90,0,3.8,0,-0.04,0,NA,0,0,-3.3,0,0,4.2,7.1,"2023-2024"
"BER","CRV","14_8","Regular Season","Joel  Bolomboy",23,5,2,6,33.3,0,0,NA,1,2,50,3,3,6,2,0,1,1,0,3,2,7,"H","W",85,41,29,14,18,13,10,23,14,15,29,10,11,3,19,90,85,41,29,14,18,13,10,23,14,15,29,10,11,3,19,90,0.62,4.7,106.4,0.02,42.6,2,33.3,0.33,4.1,36.3,21.28,3.1,10.7,"2023-2024"
"BER","CRV","14_8","Regular Season","Nemanja  Nedovic",22,20,4,5,80,4,7,57.1,0,0,NA,1,0,1,5,1,0,1,1,1,2,24,"H","W",85,41,29,14,18,13,10,23,14,15,29,10,11,3,19,90,85,41,29,14,18,13,10,23,14,15,29,10,11,3,19,90,1.67,10.6,188.7,0.16,47.2,Inf,83.3,0,20.3,83.3,0,5,3.6,"2023-2024"
"BER","CRV","14_8","Regular Season","Yago Mateus dos Santos",22,2,1,4,25,0,2,0,0,2,0,0,1,1,4,1,2,0,0,0,1,0,"H","W",85,41,29,14,18,13,10,23,14,15,29,10,11,3,19,90,85,41,29,14,18,13,10,23,14,15,29,10,11,3,19,90,0.25,8.5,23.5,-0.01,47.1,2,16.7,0.33,-0.5,14.5,23.53,3.7,0,"2023-2024"
"BER","CRV","14_8","Regular Season","Milos  Teodosic",18,12,2,2,100,2,3,66.7,2,2,100,2,2,4,5,2,2,0,0,3,2,19,"H","W",85,41,29,14,18,13,10,23,14,15,29,10,11,3,19,90,85,41,29,14,18,13,10,23,14,15,29,10,11,3,19,90,1.71,5.6,214.3,0.12,89.3,2.5,100,0.4,14.4,102,35.71,4,7.1,"2023-2024"
"BER","CRV","14_8","Regular Season","Dejan  Davidovac",21,10,0,0,NA,3,4,75,1,2,50,1,2,3,0,1,1,0,0,3,4,12,"H","W",85,41,29,14,18,13,10,23,14,15,29,10,11,3,19,90,85,41,29,14,18,13,10,23,14,15,29,10,11,3,19,90,1.67,4.7,212.8,0.05,0,0,112.5,0.5,8.1,102.5,21.28,2.6,3.6,"2023-2024"
"BER","CRV","14_8","Regular Season","Marko  Simonovic",7,0,0,1,0,0,1,0,0,0,NA,0,1,1,0,1,2,0,0,1,0,-3,"H","W",85,41,29,14,18,13,10,23,14,15,29,10,11,3,19,90,85,41,29,14,18,13,10,23,14,15,29,10,11,3,19,90,0,3.8,0,-0.02,0,0,0,0,-2.5,0,52.63,5.2,0,"2023-2024"
"BER","CRV","14_8","Regular Season","Shabazz  Napier",15,9,2,5,40,1,4,25,2,2,100,0,1,1,3,2,0,0,1,0,1,9,"H","W",85,41,29,14,18,13,10,23,14,15,29,10,11,3,19,90,85,41,29,14,18,13,10,23,14,15,29,10,11,3,19,90,0.82,9.5,94.7,0.07,31.6,Inf,38.9,0.22,8.3,45.5,0,6,0,"2023-2024"
"BER","CRV","14_8","Regular Season","Mike  Tobey",14,2,1,3,33.3,0,1,0,0,0,NA,0,0,0,0,0,0,1,1,2,1,-2,"H","W",85,41,29,14,18,13,10,23,14,15,29,10,11,3,19,90,85,41,29,14,18,13,10,23,14,15,29,10,11,3,19,90,0.5,3.8,52.6,-0.02,0,NA,25,0,-0.5,25,0,2.6,0,"2023-2024"
"BER","CRV","14_8","Regular Season","Rokas  Giedraitis",30,19,3,6,50,3,4,75,4,4,100,3,2,5,1,2,1,0,0,1,2,23,"H","W",85,41,29,14,18,13,10,23,14,15,29,10,11,3,19,90,85,41,29,14,18,13,10,23,14,15,29,10,11,3,19,90,1.36,9.4,202.1,0.14,10.6,1,75,0.4,18.4,80.8,10.64,3.9,10.7,"2023-2024"
"CRV","BER","14_8","Regular Season","Sterling  Brown",19,8,2,3,66.7,1,4,25,1,2,50,1,5,6,1,0,2,1,1,1,2,9,"A","L",71,36,21,18,20,6,13,21,12,22,34,5,18,4,17,80,71,36,21,18,20,6,13,21,12,22,34,5,18,4,17,80,0.89,8.5,94.1,0.06,11.8,0.5,50,0.29,5.1,50.8,23.53,5,4.2,"2023-2024"
"CRV","BER","14_8","Regular Season","Gabriele  Procida",16,9,3,5,60,1,3,33.3,0,0,NA,0,3,3,0,1,0,1,0,0,2,12,"A","L",71,36,21,18,20,6,13,21,12,22,34,5,18,4,17,80,71,36,21,18,20,6,13,21,12,22,34,5,18,4,17,80,1.12,7.7,116.9,0.08,0,NA,56.2,0,7.6,56.2,0,4.8,0,"2023-2024"
"CRV","BER","14_8","Regular Season","Matteo  Spagnolo",20,0,0,4,0,0,1,0,0,0,NA,1,2,3,8,0,4,0,0,2,0,0,"A","L",71,36,21,18,20,6,13,21,12,22,34,5,18,4,17,80,71,36,21,18,20,6,13,21,12,22,34,5,18,4,17,80,0,7.7,0,0,103.9,2,0,0,-1.4,0,51.95,4.3,4.2,"2023-2024"
"CRV","BER","14_8","Regular Season","Yannick  Wetzell",22,10,5,7,71.4,0,0,NA,0,0,NA,3,1,4,0,1,0,0,2,3,0,8,"A","L",71,36,21,18,20,6,13,21,12,22,34,5,18,4,17,80,71,36,21,18,20,6,13,21,12,22,34,5,18,4,17,80,1.43,3.8,263.2,0.08,0,NA,71.4,0,9.3,71.4,0,3.1,12.5,"2023-2024"
"CRV","BER","14_8","Regular Season","Johannes  Thiemann",26,12,2,5,40,1,2,50,5,6,83.3,2,1,3,2,1,3,0,0,1,5,14,"A","L",71,36,21,18,20,6,13,21,12,22,34,5,18,4,17,80,71,36,21,18,20,6,13,21,12,22,34,5,18,4,17,80,0.92,10.2,117.6,0.07,19.6,0.7,50,0.86,8.6,62.2,29.41,4.7,8.3,"2023-2024"
"CRV","BER","14_8","Regular Season","Malte  Delow",20,5,0,0,NA,1,4,25,2,2,100,1,6,7,9,1,4,0,0,4,4,15,"A","L",71,36,21,18,20,6,13,21,12,22,34,5,18,4,17,80,71,36,21,18,20,6,13,21,12,22,34,5,18,4,17,80,0.83,7.6,65.8,0.09,118.4,2.2,37.5,0.5,6.8,51.2,52.63,4.3,4.2,"2023-2024"
"CRV","BER","14_8","Regular Season","Jonas  Mattisseck",5,0,0,0,NA,0,1,0,0,0,NA,0,0,0,0,0,0,0,0,1,0,-2,"A","L",71,36,21,18,20,6,13,21,12,22,34,5,18,4,17,80,71,36,21,18,20,6,13,21,12,22,34,5,18,4,17,80,0,1,0,-0.02,0,NA,0,0,-1.1,0,0,1.9,0,"2023-2024"
"CRV","BER","14_8","Regular Season","Tim  Schneider",18,4,1,2,50,0,3,0,2,2,100,1,0,1,1,0,1,0,0,2,1,0,"A","L",71,36,21,18,20,6,13,21,12,22,34,5,18,4,17,80,71,36,21,18,20,6,13,21,12,22,34,5,18,4,17,80,0.57,5.6,71.4,-0.01,17.9,1,20,0.4,0.5,34,17.86,3.7,4.2,"2023-2024"
"CRV","BER","14_8","Regular Season","Matt  Thomas",19,6,1,3,33.3,1,2,50,1,2,50,0,1,1,0,0,2,0,0,2,1,0,"A","L",71,36,21,18,20,6,13,21,12,22,34,5,18,4,17,80,71,36,21,18,20,6,13,21,12,22,34,5,18,4,17,80,0.86,7.6,78.9,-0.01,0,0,50,0.4,0.4,51,26.32,4,0,"2023-2024"
"CRV","BER","14_8","Regular Season","Kresimir  Nikic",4,0,0,0,NA,0,0,NA,0,0,NA,0,0,0,0,0,0,0,0,1,0,-1,"A","L",71,36,21,18,20,6,13,21,12,22,34,5,18,4,17,80,71,36,21,18,20,6,13,21,12,22,34,5,18,4,17,80,NA,0,NA,-0.01,NA,NA,NA,NA,-0.4,NA,NA,0,0,"2023-2024"
"CRV","BER","14_8","Regular Season","Louis  Olinde",18,13,4,4,100,1,1,100,2,2,100,1,0,1,0,0,2,1,0,0,1,14,"A","L",71,36,21,18,20,6,13,21,12,22,34,5,18,4,17,80,71,36,21,18,20,6,13,21,12,22,34,5,18,4,17,80,1.86,6.6,197,0.11,0,0,110,0.4,10.9,110.5,30.3,4.2,4.2,"2023-2024"
"CRV","BER","14_8","Regular Season","Justin  Bean",12,4,2,3,66.7,0,0,NA,0,2,0,2,3,5,0,1,0,1,0,0,3,11,"A","L",71,36,21,18,20,6,13,21,12,22,34,5,18,4,17,80,71,36,21,18,20,6,13,21,12,22,34,5,18,4,17,80,0.8,1.8,222.2,0.06,0,NA,66.7,0.67,5.9,51.5,0,3.1,8.3,"2023-2024"
"ASM","FEN","14_9","Regular Season","Scottie  Wilbekin",25,13,2,2,100,1,6,16.7,6,7,85.7,1,2,3,5,1,0,0,0,1,4,19,"H","W",86,36,30,18,21,9,17,21,14,27,41,4,9,1,26,98,86,36,30,18,21,9,17,21,14,27,41,4,9,1,26,98,0.87,9.7,134,0.1,51.5,Inf,43.8,0.88,13.6,58.7,0,4.3,3.6,"2023-2024"
"ASM","FEN","14_9","Regular Season","Sertac  Sanli",23,9,1,4,25,1,3,33.3,4,4,100,1,6,7,0,0,1,0,0,3,3,10,"H","W",86,36,30,18,21,9,17,21,14,27,41,4,9,1,26,98,86,36,30,18,21,9,17,21,14,27,41,4,9,1,26,98,0.82,8.4,107.1,0.04,0,0,35.7,0.57,5.2,51.4,11.9,4.1,3.6,"2023-2024"
"ASM","FEN","14_9","Regular Season","Nigel  Hayes-Davis",34,23,5,11,45.5,2,6,33.3,7,7,100,2,4,6,2,1,0,0,1,3,7,25,"H","W",86,36,30,18,21,9,17,21,14,27,41,4,9,1,26,98,86,36,30,18,21,9,17,21,14,27,41,4,9,1,26,98,0.96,17.4,132.2,0.12,11.5,Inf,47.1,0.41,17.7,57.3,0,5.7,7.1,"2023-2024"
"ASM","FEN","14_9","Regular Season","Dyshawn  Pierre",15,4,2,2,100,0,1,0,0,0,NA,3,2,5,3,1,1,0,0,4,1,8,"H","W",86,36,30,18,21,9,17,21,14,27,41,4,9,1,26,98,86,36,30,18,21,9,17,21,14,27,41,4,9,1,26,98,1.33,1,400,0.04,300,3,66.7,0,5.9,66.7,100,2.6,10.7,"2023-2024"
"ASM","FEN","14_9","Regular Season","Nick  Calathes",27,7,2,5,40,1,4,25,0,0,NA,4,6,10,3,1,1,1,0,3,0,12,"H","W",86,36,30,18,21,9,17,21,14,27,41,4,9,1,26,98,86,36,30,18,21,9,17,21,14,27,41,4,9,1,26,98,0.78,5.8,120.7,0.06,51.7,3,38.9,0,8.1,38.9,17.24,3.6,14.3,"2023-2024"
"ASM","FEN","14_9","Regular Season","Johnathan  Motley",14,6,3,3,100,0,0,NA,0,0,NA,2,2,4,1,0,3,0,0,3,2,7,"H","W",86,36,30,18,21,9,17,21,14,27,41,4,9,1,26,98,86,36,30,18,21,9,17,21,14,27,41,4,9,1,26,98,2,3.8,157.9,0.03,26.3,0.3,100,0,3.6,100,78.95,4.1,7.1,"2023-2024"
"ASM","FEN","14_9","Regular Season","Marko  Guduric",27,10,2,2,100,2,5,40,0,0,NA,0,3,3,2,0,1,0,0,2,1,10,"H","W",86,36,30,18,21,9,17,21,14,27,41,4,9,1,26,98,86,36,30,18,21,9,17,21,14,27,41,4,9,1,26,98,1.43,7.7,129.9,0.06,26,2,71.4,0,7.2,71.4,12.99,2.9,0,"2023-2024"
"ASM","FEN","14_9","Regular Season","Tyler  Dorsey",14,2,1,2,50,0,2,0,0,0,NA,1,2,3,2,0,0,0,1,2,1,2,"H","W",86,36,30,18,21,9,17,21,14,27,41,4,9,1,26,98,86,36,30,18,21,9,17,21,14,27,41,4,9,1,26,98,0.5,2.9,69,0.01,69,Inf,25,0,1.5,25,0,2.8,3.6,"2023-2024"
"ASM","FEN","14_9","Regular Season","Yam  Madar",13,7,2,4,50,1,1,100,0,0,NA,0,0,0,3,0,2,0,0,3,0,3,"H","W",86,36,30,18,21,9,17,21,14,27,41,4,9,1,26,98,86,36,30,18,21,9,17,21,14,27,41,4,9,1,26,98,1.4,6.7,104.5,0.02,44.8,1.5,70,0,3.6,70,29.85,5.2,0,"2023-2024"
"ASM","FEN","14_9","Regular Season","Nathan  Sestina",7,5,1,1,100,1,2,50,0,0,NA,0,0,0,0,0,0,0,0,2,0,2,"H","W",86,36,30,18,21,9,17,21,14,27,41,4,9,1,26,98,86,36,30,18,21,9,17,21,14,27,41,4,9,1,26,98,1.67,2.9,172.4,0.01,0,NA,83.3,0,2.9,83.3,0,4.1,0,"2023-2024"
"FEN","ASM","14_9","Regular Season","John  Brown III",22,4,2,5,40,0,0,NA,0,0,NA,0,1,1,1,0,0,0,0,2,1,2,"A","L",74,40,22,21,21,5,17,12,7,18,25,5,5,2,20,78,74,40,22,21,21,5,17,12,7,18,25,5,5,2,20,78,0.8,4.8,83.3,0.01,20.8,Inf,40,0,1.5,40,0,2.4,0,"2023-2024"
"FEN","ASM","14_9","Regular Season","Alpha  Diallo",33,6,2,5,40,0,1,0,2,2,100,1,3,4,2,1,0,1,0,3,4,11,"A","L",74,40,22,21,21,5,17,12,7,18,25,5,5,2,20,78,74,40,22,21,21,5,17,12,7,18,25,5,5,2,20,78,0.75,5.6,107.1,0.06,35.7,Inf,33.3,0.33,6.1,43.6,0,2.2,7.1,"2023-2024"
"FEN","ASM","14_9","Regular Season","Donatas  Motiejunas",25,8,3,4,75,0,3,0,2,2,100,1,2,3,0,0,1,0,0,1,3,8,"A","L",74,40,22,21,21,5,17,12,7,18,25,5,5,2,20,78,74,40,22,21,21,5,17,12,7,18,25,5,5,2,20,78,0.89,7.6,105.3,0.05,0,0,42.9,0.29,4.2,50.8,13.16,3.7,7.1,"2023-2024"
"FEN","ASM","14_9","Regular Season","Terry  Tarpey",7,0,0,1,0,0,1,0,0,0,NA,0,0,0,1,0,0,0,0,2,0,-3,"A","L",74,40,22,21,21,5,17,12,7,18,25,5,5,2,20,78,74,40,22,21,21,5,17,12,7,18,25,5,5,2,20,78,0,1.9,0,-0.03,52.6,Inf,0,0,-1.5,0,0,3,0,"2023-2024"
"FEN","ASM","14_9","Regular Season","Mike  James",34,24,3,8,37.5,4,7,57.1,6,7,85.7,0,5,5,3,2,2,0,1,3,6,25,"A","L",74,40,22,21,21,5,17,12,7,18,25,5,5,2,20,78,74,40,22,21,21,5,17,12,7,18,25,5,5,2,20,78,1.09,19.3,124.4,0.21,15.5,1.5,60,0.47,18.3,66.4,10.36,6.2,0,"2023-2024"
"FEN","ASM","14_9","Regular Season","Elie  Okobo",27,14,5,8,62.5,0,4,0,4,4,100,1,2,3,4,0,1,0,0,1,4,16,"A","L",74,40,22,21,21,5,17,12,7,18,25,5,5,2,20,78,74,40,22,21,21,5,17,12,7,18,25,5,5,2,20,78,0.88,13.2,106.1,0.12,30.3,4,41.7,0.33,10.3,50.9,7.58,5.7,7.1,"2023-2024"
"FEN","ASM","14_9","Regular Season","Jaron  Blossomgame",23,6,1,2,50,1,4,25,1,2,50,2,5,7,0,1,0,1,0,4,2,8,"A","L",74,40,22,21,21,5,17,12,7,18,25,5,5,2,20,78,74,40,22,21,21,5,17,12,7,18,25,5,5,2,20,78,0.75,4.7,127.7,0.05,0,NA,41.7,0.33,5.2,43.6,0,3.1,14.3,"2023-2024"
"FEN","ASM","14_9","Regular Season","Petr  Cornelie",4,0,0,0,NA,0,0,NA,0,0,NA,0,0,0,0,0,1,0,0,1,1,-1,"A","L",74,40,22,21,21,5,17,12,7,18,25,5,5,2,20,78,74,40,22,21,21,5,17,12,7,18,25,5,5,2,20,78,NA,1,0,-0.02,0,0,NA,NA,-1.4,NA,100,2.6,0,"2023-2024"
"FEN","ASM","14_9","Regular Season","Kemba  Walker",11,6,3,5,60,0,2,0,0,1,0,1,0,1,1,0,0,0,0,1,3,5,"A","L",74,40,22,21,21,5,17,12,7,18,25,5,5,2,20,78,74,40,22,21,21,5,17,12,7,18,25,5,5,2,20,78,0.75,6.2,96.8,0.02,16.1,Inf,42.9,0.14,2.9,40.3,0,7.1,7.1,"2023-2024"
"FEN","ASM","14_9","Regular Season","Donta  Hall",13,6,2,2,100,0,0,NA,2,3,66.7,1,0,1,0,1,0,0,0,2,2,7,"A","L",74,40,22,21,21,5,17,12,7,18,25,5,5,2,20,78,74,40,22,21,21,5,17,12,7,18,25,5,5,2,20,78,1.2,2.2,272.7,0.05,0,NA,100,1.5,5.9,90.4,0,2.7,7.1,"2023-2024"
"BAR","BER","15_1","Regular Season","Sterling  Brown",22,10,2,3,66.7,2,5,40,0,0,NA,0,0,0,1,3,3,0,1,3,1,4,"H","W",74,38,26,9,21,9,5,18,7,21,28,9,12,0,21,71,74,38,26,9,21,9,5,18,7,21,28,9,12,0,21,71,1.25,10.6,94.3,0.04,9.4,0.3,62.5,0,5.5,62.5,28.3,5,0,"2023-2024"
"BAR","BER","15_1","Regular Season","Matteo  Spagnolo",20,2,1,6,16.7,0,0,NA,0,0,NA,0,2,2,2,0,1,0,0,3,0,-3,"H","W",74,38,26,9,21,9,5,18,7,21,28,9,12,0,21,71,74,38,26,9,21,9,5,18,7,21,28,9,12,0,21,71,0.33,6.7,29.9,-0.03,29.9,2,16.7,0,-2,16.7,14.93,3.5,0,"2023-2024"
"BAR","BER","15_1","Regular Season","Yannick  Wetzell",24,10,4,5,80,0,0,NA,2,4,50,0,3,3,0,1,2,0,0,2,2,9,"H","W",74,38,26,9,21,9,5,18,7,21,28,9,12,0,21,71,74,38,26,9,21,9,5,18,7,21,28,9,12,0,21,71,1.11,8.4,119,0.06,0,0,80,0.8,6.4,74,23.81,3.7,0,"2023-2024"
"BAR","BER","15_1","Regular Season","Matt  Thomas",25,13,3,5,60,2,5,40,1,2,50,1,2,3,3,1,0,0,0,3,0,11,"H","W",74,38,26,9,21,9,5,18,7,21,28,9,12,0,21,71,74,38,26,9,21,9,5,18,7,21,28,9,12,0,21,71,1.08,9.5,136.8,0.1,31.6,Inf,60,0.2,10.8,59.7,0,4.4,7.1,"2023-2024"
"BAR","BER","15_1","Regular Season","Johannes  Thiemann",29,12,3,5,60,2,5,40,0,1,0,1,6,7,3,0,3,0,3,1,5,14,"H","W",74,38,26,9,21,9,5,18,7,21,28,9,12,0,21,71,74,38,26,9,21,9,5,18,7,21,28,9,12,0,21,71,1.09,11.9,100.8,0.11,25.2,1,60,0.1,7.8,57.5,25.21,4.6,7.1,"2023-2024"
"BAR","BER","15_1","Regular Season","Gabriele  Procida",21,11,4,5,80,1,4,25,0,0,NA,1,1,2,2,2,2,0,0,1,3,13,"H","W",74,38,26,9,21,9,5,18,7,21,28,9,12,0,21,71,74,38,26,9,21,9,5,18,7,21,28,9,12,0,21,71,1.22,9.6,114.6,0.09,20.8,1,61.1,0,8.7,61.1,20.83,5.2,7.1,"2023-2024"
"BAR","BER","15_1","Regular Season","Malte  Delow",20,5,1,3,33.3,1,2,50,0,0,NA,0,2,2,6,1,0,0,0,2,1,10,"H","W",74,38,26,9,21,9,5,18,7,21,28,9,12,0,21,71,74,38,26,9,21,9,5,18,7,21,28,9,12,0,21,71,1,4.8,104.2,0.08,125,Inf,50,0,7.3,50,0,2.5,0,"2023-2024"
"BAR","BER","15_1","Regular Season","Jonas  Mattisseck",12,2,0,1,0,0,3,0,2,2,100,0,0,0,0,0,0,0,0,1,2,-1,"H","W",74,38,26,9,21,9,5,18,7,21,28,9,12,0,21,71,74,38,26,9,21,9,5,18,7,21,28,9,12,0,21,71,0.33,4.7,42.6,-0.03,0,NA,0,0.5,-1.2,20.5,0,4.1,0,"2023-2024"
"BAR","BER","15_1","Regular Season","Tim  Schneider",13,5,1,2,50,1,2,50,0,0,NA,0,1,1,1,0,0,0,0,0,1,6,"H","W",74,38,26,9,21,9,5,18,7,21,28,9,12,0,21,71,74,38,26,9,21,9,5,18,7,21,28,9,12,0,21,71,1.25,3.8,131.6,0.05,26.3,Inf,62.5,0,4,62.5,0,3.1,0,"2023-2024"
"BAR","BER","15_1","Regular Season","Christ  Koumadje",9,4,2,3,66.7,0,0,NA,0,0,NA,4,3,7,0,1,1,0,1,4,1,6,"H","W",74,38,26,9,21,9,5,18,7,21,28,9,12,0,21,71,74,38,26,9,21,9,5,18,7,21,28,9,12,0,21,71,1.33,0,Inf,0.04,NA,0,66.7,0,4.8,66.7,Inf,4.4,28.6,"2023-2024"
"BAR","BER","15_1","Regular Season","Justin  Bean",5,0,0,0,NA,0,0,NA,0,0,NA,0,1,1,0,0,0,0,0,1,2,2,"H","W",74,38,26,9,21,9,5,18,7,21,28,9,12,0,21,71,74,38,26,9,21,9,5,18,7,21,28,9,12,0,21,71,NA,0,NA,0,NA,NA,NA,NA,-0.1,NA,NA,0,0,"2023-2024"
"BER","BAR","15_1","Regular Season","Jan  Vesely",24,8,4,7,57.1,0,0,NA,0,2,0,0,2,2,4,3,2,2,0,3,3,12,"A","L",70,36,24,19,20,6,12,19,12,22,34,8,15,5,20,81,70,36,24,19,20,6,12,19,12,22,34,8,15,5,20,81,0.89,9.5,84.2,0.08,42.1,2,57.1,0.29,8.5,50.8,21.05,4,0,"2023-2024"
"BER","BAR","15_1","Regular Season","Nikola  Kalinic",23,8,0,1,0,2,5,40,2,2,100,1,2,3,0,0,1,0,0,2,2,6,"A","L",70,36,24,19,20,6,12,19,12,22,34,8,15,5,20,81,70,36,24,19,20,6,12,19,12,22,34,8,15,5,20,81,1,6.6,121.2,0.03,0,0,50,0.33,4.1,58.1,15.15,3.3,4.2,"2023-2024"
"BER","BAR","15_1","Regular Season","Tomas  Satoransky",26,5,1,3,33.3,1,2,50,0,2,0,2,8,10,4,1,1,0,0,2,2,14,"A","L",70,36,24,19,20,6,12,19,12,22,34,8,15,5,20,81,70,36,24,19,20,6,12,19,12,22,34,8,15,5,20,81,0.71,4.7,106.4,0.11,85.1,4,50,0.4,7.3,42.5,21.28,2.5,8.3,"2023-2024"
"BER","BAR","15_1","Regular Season","Nicolas  Laprovittola",25,15,4,4,100,2,9,22.2,1,2,50,0,0,0,4,1,3,0,0,2,4,11,"A","L",70,36,24,19,20,6,12,19,12,22,34,8,15,5,20,81,70,36,24,19,20,6,12,19,12,22,34,8,15,5,20,81,1,16.2,92.6,0.07,24.7,1.3,53.8,0.15,7.9,54,18.52,6.5,0,"2023-2024"
"BER","BAR","15_1","Regular Season","Jabari  Parker",20,7,2,4,50,1,3,33.3,0,0,NA,3,1,4,1,2,0,0,0,2,1,9,"A","L",70,36,24,19,20,6,12,19,12,22,34,8,15,5,20,81,70,36,24,19,20,6,12,19,12,22,34,8,15,5,20,81,1,3.8,184.2,0.06,26.3,Inf,50,0,7.6,50,0,3.4,12.5,"2023-2024"
"BER","BAR","15_1","Regular Season","Oscar  da Silva",19,6,3,4,75,0,1,0,0,0,NA,1,2,3,0,0,0,1,0,2,0,6,"A","L",70,36,24,19,20,6,12,19,12,22,34,8,15,5,20,81,70,36,24,19,20,6,12,19,12,22,34,8,15,5,20,81,1.2,3.8,157.9,0.05,0,NA,60,0,4.9,60,0,2.5,4.2,"2023-2024"
"BER","BAR","15_1","Regular Season","Oriol  Pauli",5,2,0,0,NA,0,1,0,2,2,100,1,0,1,0,0,0,0,0,0,2,4,"A","L",70,36,24,19,20,6,12,19,12,22,34,8,15,5,20,81,70,36,24,19,20,6,12,19,12,22,34,8,15,5,20,81,0.67,0.8,250,0.01,0,NA,0,2,2,53.2,0,3.6,4.2,"2023-2024"
"BER","BAR","15_1","Regular Season","Dario  Brizuela",15,7,3,4,75,0,2,0,1,1,100,0,0,0,2,0,1,0,0,3,1,3,"A","L",70,36,24,19,20,6,12,19,12,22,34,8,15,5,20,81,70,36,24,19,20,6,12,19,12,22,34,8,15,5,20,81,1,7.1,98.6,0.02,28.2,2,50,0.17,3.2,54.3,14.08,4.8,0,"2023-2024"
"BER","BAR","15_1","Regular Season","Willy  Hernangomez",14,7,1,5,20,0,0,NA,5,6,83.3,1,1,2,0,1,3,1,0,2,5,6,"A","L",70,36,24,19,20,6,12,19,12,22,34,8,15,5,20,81,70,36,24,19,20,6,12,19,12,22,34,8,15,5,20,81,0.64,9.3,75.3,0,0,0,20,1.2,2.4,45.8,32.26,7.3,4.2,"2023-2024"
"BER","BAR","15_1","Regular Season","James  Nnaji",1,0,0,0,NA,0,0,NA,0,0,NA,0,0,0,0,0,1,0,0,0,0,-1,"A","L",70,36,24,19,20,6,12,19,12,22,34,8,15,5,20,81,70,36,24,19,20,6,12,19,12,22,34,8,15,5,20,81,NA,1,0,-0.01,0,0,NA,NA,-1,NA,100,9.6,0,"2023-2024"
"BER","BAR","15_1","Regular Season","Rokas  Jokubaitis",13,2,1,3,33.3,0,1,0,0,0,NA,1,4,5,3,0,3,0,0,0,0,4,"A","L",70,36,24,19,20,6,12,19,12,22,34,8,15,5,20,81,70,36,24,19,20,6,12,19,12,22,34,8,15,5,20,81,0.5,5.8,34.5,0.03,51.7,1,25,0,0.6,25,51.72,5.2,4.2,"2023-2024"
"BER","BAR","15_1","Regular Season","Joel  Parra",13,3,1,1,100,0,0,NA,1,2,50,2,2,4,1,0,0,1,0,2,1,7,"A","L",70,36,24,19,20,6,12,19,12,22,34,8,15,5,20,81,70,36,24,19,20,6,12,19,12,22,34,8,15,5,20,81,1,-0.1,-3000,0.04,-1000,Inf,100,2,4.9,79.8,0,1.4,8.3,"2023-2024"
"BAS","MAC","15_2","Regular Season","Lorenzo  Brown",31,2,1,8,12.5,0,6,0,0,0,NA,0,2,2,8,1,4,0,1,4,2,-7,"H","W",89,48,26,24,22,8,21,27,12,32,44,9,12,3,21,109,89,48,26,24,22,8,21,27,12,32,44,9,12,3,21,109,0.14,17.3,11.6,-0.05,46.2,2,7.1,0,-5.8,7.1,23.12,4.8,0,"2023-2024"
"BAS","MAC","15_2","Regular Season","Wade  Baldwin IV",27,10,2,6,33.3,1,4,25,3,3,100,0,1,1,7,1,1,0,0,4,2,9,"H","W",89,48,26,24,22,8,21,27,12,32,44,9,12,3,21,109,89,48,26,24,22,8,21,27,12,32,44,9,12,3,21,109,0.77,11.8,84.7,0.04,59.3,7,35,0.3,7.8,44.2,8.47,3.8,0,"2023-2024"
"BAS","MAC","15_2","Regular Season","Jake  Cohen",7,0,0,0,NA,0,2,0,0,0,NA,0,1,1,2,0,0,0,0,2,0,-1,"H","W",89,48,26,24,22,8,21,27,12,32,44,9,12,3,21,109,89,48,26,24,22,8,21,27,12,32,44,9,12,3,21,109,0,1.9,0,-0.01,105.3,Inf,0,0,-0.5,0,0,2.4,0,"2023-2024"
"BAS","MAC","15_2","Regular Season","Josh  Nebo",19,17,5,8,62.5,0,0,NA,7,8,87.5,3,8,11,0,0,2,0,1,1,5,25,"H","W",89,48,26,24,22,8,21,27,12,32,44,9,12,3,21,109,89,48,26,24,22,8,21,27,12,32,44,9,12,3,21,109,1.06,10.1,168.3,0.12,0,0,62.5,1,15.1,73.8,19.8,5.9,12.5,"2023-2024"
"BAS","MAC","15_2","Regular Season","Bonzie  Colson",26,12,4,7,57.1,1,2,50,1,2,50,4,1,5,2,3,0,0,0,2,2,17,"H","W",89,48,26,24,22,8,21,27,12,32,44,9,12,3,21,109,89,48,26,24,22,8,21,27,12,32,44,9,12,3,21,109,1.09,5.6,214.3,0.08,35.7,Inf,61.1,0.22,14,60.7,0,3.1,16.7,"2023-2024"
"BAS","MAC","15_2","Regular Season","Antonius  Cleveland",7,3,0,2,0,1,2,50,0,0,NA,0,1,1,0,0,0,0,0,1,0,0,"H","W",89,48,26,24,22,8,21,27,12,32,44,9,12,3,21,109,89,48,26,24,22,8,21,27,12,32,44,9,12,3,21,109,0.75,3.8,78.9,0,0,NA,37.5,0,0.5,37.5,0,4.7,0,"2023-2024"
"BAS","MAC","15_2","Regular Season","James  Webb III",29,17,4,6,66.7,2,5,40,3,3,100,1,7,8,1,1,0,2,1,1,2,24,"H","W",89,48,26,24,22,8,21,27,12,32,44,9,12,3,21,109,89,48,26,24,22,8,21,27,12,32,44,9,12,3,21,109,1.21,10.9,156,0.13,9.2,Inf,63.6,0.27,17.2,69,0,3.5,4.2,"2023-2024"
"BAS","MAC","15_2","Regular Season","Roman  Sorkin",17,14,4,6,66.7,1,1,100,3,4,75,2,5,7,2,1,0,0,0,1,3,23,"H","W",89,48,26,24,22,8,21,27,12,32,44,9,12,3,21,109,89,48,26,24,22,8,21,27,12,32,44,9,12,3,21,109,1.27,6.5,215.4,0.11,30.8,Inf,78.6,0.57,15.6,79.9,0,4.3,8.3,"2023-2024"
"BAS","MAC","15_2","Regular Season","Jasiel  Rivero",15,6,1,4,25,0,0,NA,4,4,100,2,5,7,1,2,0,1,0,2,4,16,"H","W",89,48,26,24,22,8,21,27,12,32,44,9,12,3,21,109,89,48,26,24,22,8,21,27,12,32,44,9,12,3,21,109,0.75,3.6,166.7,0.06,27.8,Inf,25,1,9.1,52.1,0,3.2,8.3,"2023-2024"
"BAS","MAC","15_2","Regular Season","Tamir  Blatt",21,8,1,1,100,2,4,50,0,0,NA,0,1,1,4,0,5,0,0,3,0,3,"H","W",89,48,26,24,22,8,21,27,12,32,44,9,12,3,21,109,89,48,26,24,22,8,21,27,12,32,44,9,12,3,21,109,1.6,9.6,83.3,0.02,41.7,0.8,80,0,2.6,80,52.08,3.9,0,"2023-2024"
"MAC","BAS","15_2","Regular Season","Tadas  Sedekerskis",31,15,5,7,71.4,0,0,NA,5,6,83.3,3,8,11,2,1,2,1,2,2,4,25,"A","L",81,30,33,27,15,10,21,21,6,24,30,7,14,3,20,80,81,30,33,27,15,10,21,21,6,24,30,7,14,3,20,80,1.15,8.3,180.7,0.18,24.1,1,71.4,0.86,16.5,77.8,24.1,3.4,25,"2023-2024"
"MAC","BAS","15_2","Regular Season","Vanja  Marinkovic",34,16,2,3,66.7,3,11,27.3,3,3,100,0,3,3,0,2,0,0,0,3,2,11,"A","L",81,30,33,27,15,10,21,21,6,24,30,7,14,3,20,80,81,30,33,27,15,10,21,21,6,24,30,7,14,3,20,80,0.94,14.7,108.8,0.08,0,NA,46.4,0.21,9.9,52.2,0,4.1,0,"2023-2024"
"MAC","BAS","15_2","Regular Season","Codi  Miller-McIntyre",33,10,3,5,60,1,2,50,1,2,50,0,3,3,8,1,3,0,0,1,3,17,"A","L",81,30,33,27,15,10,21,21,6,24,30,7,14,3,20,80,81,30,33,27,15,10,21,21,6,24,30,7,14,3,20,80,1.11,10.4,96.2,0.12,76.9,2.7,64.3,0.29,10.4,63.5,28.85,3,0,"2023-2024"
"MAC","BAS","15_2","Regular Season","Daniel  Diez",6,0,0,0,NA,0,1,0,0,0,NA,1,2,3,1,0,1,0,0,1,0,1,"A","L",81,30,33,27,15,10,21,21,6,24,30,7,14,3,20,80,81,30,33,27,15,10,21,21,6,24,30,7,14,3,20,80,0,1,0,0,100,1,0,0,-0.1,0,100,3,8.3,"2023-2024"
"MAC","BAS","15_2","Regular Season","Maik  Kotsar",21,6,2,3,66.7,0,0,NA,2,2,100,1,0,1,2,0,2,0,0,5,3,4,"A","L",81,30,33,27,15,10,21,21,6,24,30,7,14,3,20,80,81,30,33,27,15,10,21,21,6,24,30,7,14,3,20,80,1.2,4.7,127.7,0,42.6,1,66.7,0.67,2.8,77.3,42.55,2.5,8.3,"2023-2024"
"MAC","BAS","15_2","Regular Season","Markus  Howard",24,19,0,2,0,5,11,45.5,4,5,80,0,1,1,0,0,1,0,0,3,2,9,"A","L",81,30,33,27,15,10,21,21,6,24,30,7,14,3,20,80,81,30,33,27,15,10,21,21,6,24,30,7,14,3,20,80,1.06,15.6,121.8,0.06,0,0,57.7,0.38,9.6,62.5,6.41,6.1,0,"2023-2024"
"MAC","BAS","15_2","Regular Season","Christopher  Chiozza",13,0,0,2,0,0,3,0,0,0,NA,1,1,2,5,3,0,0,1,1,0,3,"A","L",81,30,33,27,15,10,21,21,6,24,30,7,14,3,20,80,81,30,33,27,15,10,21,21,6,24,30,7,14,3,20,80,0,3.8,0,0.03,131.6,Inf,0,0,3.6,0,0,3.5,8.3,"2023-2024"
"MAC","BAS","15_2","Regular Season","Nikos  Rogkavopoulos",6,4,0,0,NA,1,1,100,1,2,50,0,0,0,0,0,1,2,0,1,1,4,"A","L",81,30,33,27,15,10,21,21,6,24,30,7,14,3,20,80,81,30,33,27,15,10,21,21,6,24,30,7,14,3,20,80,1.33,2.8,142.9,0.02,0,0,150,2,3.3,106.4,35.71,4.3,0,"2023-2024"
"MAC","BAS","15_2","Regular Season","Khalifa  Diop",9,3,1,3,33.3,0,0,NA,1,2,50,0,2,2,0,0,2,0,0,1,1,0,"A","L",81,30,33,27,15,10,21,21,6,24,30,7,14,3,20,80,81,30,33,27,15,10,21,21,6,24,30,7,14,3,20,80,0.6,5.6,53.6,-0.01,0,0,33.3,0.67,-0.9,38.7,35.71,5.9,0,"2023-2024"
"MAC","BAS","15_2","Regular Season","Chima  Moneke",22,8,2,5,40,0,4,0,4,5,80,0,4,4,3,0,2,0,0,2,3,6,"A","L",81,30,33,27,15,10,21,21,6,24,30,7,14,3,20,80,81,30,33,27,15,10,21,21,6,24,30,7,14,3,20,80,0.57,12.7,63,0.03,23.6,1.5,22.2,0.56,2.6,35.7,15.75,5.4,0,"2023-2024"
"CRV","RMB","15_3","Regular Season","Fabien  Causeur",6,0,0,0,NA,0,0,NA,0,0,NA,1,0,1,0,1,0,0,0,0,1,3,"A","W",72,23,36,5,17,11,5,22,6,28,34,12,16,2,19,88,72,23,36,5,17,11,5,22,6,28,34,12,16,2,19,88,NA,-1,0,0.01,0,NA,NA,NA,1.7,NA,0,0,8.3,"2023-2024"
"CRV","RMB","15_3","Regular Season","Facundo  Campazzo",24,3,0,0,NA,1,3,33.3,0,0,NA,0,4,4,2,3,3,0,0,2,5,10,"A","W",72,23,36,5,17,11,5,22,6,28,34,12,16,2,19,88,72,23,36,5,17,11,5,22,6,28,34,12,16,2,19,88,1,5.8,51.7,0.03,34.5,0.7,50,0,3.1,50,51.72,2.6,0,"2023-2024"
"CRV","RMB","15_3","Regular Season","Walter  Tavares",20,8,4,4,100,0,0,NA,0,0,NA,1,5,6,3,1,1,1,0,2,1,17,"A","W",72,23,36,5,17,11,5,22,6,28,34,12,16,2,19,88,72,23,36,5,17,11,5,22,6,28,34,12,16,2,19,88,2,3.8,210.5,0.1,78.9,3,100,0,11,100,26.32,2.6,8.3,"2023-2024"
"CRV","RMB","15_3","Regular Season","Eli  Ndiaye",21,10,1,3,33.3,2,4,50,2,2,100,2,1,3,2,0,2,0,0,4,1,6,"A","W",72,23,36,5,17,11,5,22,6,28,34,12,16,2,19,88,72,23,36,5,17,11,5,22,6,28,34,12,16,2,19,88,1.11,7.6,131.6,0.03,26.3,1,57.1,0.29,5.8,63.5,26.32,4.9,16.7,"2023-2024"
"CRV","RMB","15_3","Regular Season","Dzanan  Musa",19,4,0,1,0,1,7,14.3,1,1,100,1,0,1,2,0,2,0,0,1,0,-3,"A","W",72,23,36,5,17,11,5,22,6,28,34,12,16,2,19,88,72,23,36,5,17,11,5,22,6,28,34,12,16,2,19,88,0.44,9.1,44,-0.02,22,1,18.8,0.12,-1.5,23.7,21.98,5.7,8.3,"2023-2024"
"CRV","RMB","15_3","Regular Season","Alberto   Abalde",18,5,1,1,100,1,3,33.3,0,0,NA,1,3,4,1,2,0,0,0,3,1,8,"A","W",72,23,36,5,17,11,5,22,6,28,34,12,16,2,19,88,72,23,36,5,17,11,5,22,6,28,34,12,16,2,19,88,1.25,2.9,172.4,0.05,34.5,Inf,62.5,0,6.1,62.5,0,2.3,8.3,"2023-2024"
"CRV","RMB","15_3","Regular Season","Hugo  Gonzalez",2,0,0,0,NA,0,0,NA,0,0,NA,0,0,0,0,0,0,0,0,0,0,0,"A","W",72,23,36,5,17,11,5,22,6,28,34,12,16,2,19,88,72,23,36,5,17,11,5,22,6,28,34,12,16,2,19,88,NA,0,NA,0,NA,NA,NA,NA,0,NA,NA,0,0,"2023-2024"
"CRV","RMB","15_3","Regular Season","Mario  Hezonja",31,17,4,5,80,3,9,33.3,0,0,NA,0,10,10,0,3,4,0,0,2,2,19,"A","W",72,23,36,5,17,11,5,22,6,28,34,12,16,2,19,88,72,23,36,5,17,11,5,22,6,28,34,12,16,2,19,88,1.21,17.3,98.3,0.12,0,0,60.7,0,11.2,60.7,23.12,6,0,"2023-2024"
"CRV","RMB","15_3","Regular Season","Sergio  Rodriguez",18,6,0,0,NA,2,5,40,0,0,NA,0,4,4,8,1,3,0,0,2,0,11,"A","W",72,23,36,5,17,11,5,22,6,28,34,12,16,2,19,88,72,23,36,5,17,11,5,22,6,28,34,12,16,2,19,88,1.2,7.7,77.9,0.08,103.9,2.7,60,0,7.3,60,38.96,4.6,0,"2023-2024"
"CRV","RMB","15_3","Regular Season","Vincent  Poirier",18,14,6,7,85.7,0,0,NA,2,2,100,0,0,0,1,1,0,1,0,2,1,15,"A","W",72,23,36,5,17,11,5,22,6,28,34,12,16,2,19,88,72,23,36,5,17,11,5,22,6,28,34,12,16,2,19,88,1.56,7.6,184.2,0.09,13.2,Inf,85.7,0.29,13.1,88.8,0,4.5,0,"2023-2024"
"CRV","RMB","15_3","Regular Season","Sergio  Llull",22,5,1,2,50,1,5,20,0,0,NA,0,1,1,3,0,1,0,0,1,0,2,"A","W",72,23,36,5,17,11,5,22,6,28,34,12,16,2,19,88,72,23,36,5,17,11,5,22,6,28,34,12,16,2,19,88,0.71,7.7,64.9,0.01,39,3,35.7,0,1.9,35.7,12.99,3.8,0,"2023-2024"
"RMB","CRV","15_3","Regular Season","Adam  Hanga",20,10,2,7,28.6,2,5,40,0,0,NA,0,3,3,4,1,1,0,1,3,1,6,"H","L",58,37,24,16,15,5,13,15,13,20,33,8,14,0,13,60,58,37,24,16,15,5,13,15,13,20,33,8,14,0,13,60,0.83,12.5,80,0.08,32,4,41.7,0,5.7,41.7,8,6.3,0,"2023-2024"
"RMB","CRV","15_3","Regular Season","Luka  Mitrovic",24,14,4,10,40,0,0,NA,6,8,75,2,2,4,1,2,3,0,1,1,8,16,"H","L",58,37,24,16,15,5,13,15,13,20,33,8,14,0,13,60,58,37,24,16,15,5,13,15,13,20,33,8,14,0,13,60,0.78,13.9,100.7,0.11,7.2,0.3,40,0.8,9.1,51.8,21.58,6.7,7.7,"2023-2024"
"RMB","CRV","15_3","Regular Season","Branko  Lazic",15,5,1,1,100,1,1,100,0,0,NA,1,1,2,1,0,1,0,0,2,0,5,"H","L",58,37,24,16,15,5,13,15,13,20,33,8,14,0,13,60,58,37,24,16,15,5,13,15,13,20,33,8,14,0,13,60,2.5,1.9,263.2,0.06,52.6,1,125,0,4.3,125,52.63,2,3.8,"2023-2024"
"RMB","CRV","15_3","Regular Season","Joel  Bolomboy",30,2,1,2,50,0,1,0,0,0,NA,4,6,10,0,1,0,0,0,2,3,12,"H","L",58,37,24,16,15,5,13,15,13,20,33,8,14,0,13,60,58,37,24,16,15,5,13,15,13,20,33,8,14,0,13,60,0.67,-1,-200,0.1,0,NA,33.3,0,5.1,33.3,0,1,15.4,"2023-2024"
"RMB","CRV","15_3","Regular Season","Yago Mateus dos Santos",20,0,0,1,0,0,4,0,0,0,NA,0,2,2,4,2,1,0,0,1,0,1,"H","L",58,37,24,16,15,5,13,15,13,20,33,8,14,0,13,60,58,37,24,16,15,5,13,15,13,20,33,8,14,0,13,60,0,5.8,0,0.01,69,4,0,0,0.5,0,17.24,2.9,0,"2023-2024"
"RMB","CRV","15_3","Regular Season","Stefan  Lazarevic",2,0,0,0,NA,0,0,NA,0,0,NA,1,1,2,0,0,0,0,0,0,0,2,"H","L",58,37,24,16,15,5,13,15,13,20,33,8,14,0,13,60,58,37,24,16,15,5,13,15,13,20,33,8,14,0,13,60,NA,-1,0,0.02,0,NA,NA,NA,1,NA,0,0,3.8,"2023-2024"
"RMB","CRV","15_3","Regular Season","Milos  Teodosic",20,14,4,6,66.7,1,3,33.3,3,4,75,2,0,2,5,1,2,0,0,1,4,18,"H","L",58,37,24,16,15,5,13,15,13,20,33,8,14,0,13,60,58,37,24,16,15,5,13,15,13,20,33,8,14,0,13,60,1.08,10.3,135.9,0.18,48.5,2.5,61.1,0.44,12.8,65.1,19.42,6.2,7.7,"2023-2024"
"RMB","CRV","15_3","Regular Season","Dejan  Davidovac",20,3,0,1,0,1,2,50,0,0,NA,1,2,3,0,0,0,0,0,1,0,3,"H","L",58,37,24,16,15,5,13,15,13,20,33,8,14,0,13,60,58,37,24,16,15,5,13,15,13,20,33,8,14,0,13,60,1,1.9,157.9,0.03,0,NA,50,0,2.2,50,0,1.5,3.8,"2023-2024"
"RMB","CRV","15_3","Regular Season","Marko  Simonovic",8,4,1,3,33.3,0,3,0,2,2,100,0,1,1,0,1,1,0,0,1,1,0,"H","L",58,37,24,16,15,5,13,15,13,20,33,8,14,0,13,60,58,37,24,16,15,5,13,15,13,20,33,8,14,0,13,60,0.5,7.6,52.6,-0.01,0,0,16.7,0.33,0.1,29.1,13.16,9.6,0,"2023-2024"
"RMB","CRV","15_3","Regular Season","Mike  Tobey",6,2,1,1,100,0,0,NA,0,0,NA,1,0,1,0,0,0,0,0,1,0,2,"H","L",58,37,24,16,15,5,13,15,13,20,33,8,14,0,13,60,58,37,24,16,15,5,13,15,13,20,33,8,14,0,13,60,2,0,Inf,0.02,NA,NA,100,0,2,100,NA,1.6,3.8,"2023-2024"
"RMB","CRV","15_3","Regular Season","Nemanja  Nedovic",17,4,1,3,33.3,0,4,0,2,2,100,0,1,1,0,0,3,0,0,0,2,-2,"H","L",58,37,24,16,15,5,13,15,13,20,33,8,14,0,13,60,58,37,24,16,15,5,13,15,13,20,33,8,14,0,13,60,0.44,10.4,38.5,-0.05,0,0,14.3,0.29,-3.2,25.4,28.85,6.2,0,"2023-2024"
"RMB","CRV","15_3","Regular Season","Rokas  Giedraitis",16,0,0,2,0,0,1,0,0,0,NA,1,1,2,0,0,2,0,0,0,0,-3,"H","L",58,37,24,16,15,5,13,15,13,20,33,8,14,0,13,60,58,37,24,16,15,5,13,15,13,20,33,8,14,0,13,60,0,3.8,0,-0.05,0,0,0,0,-3.1,0,52.63,3,3.8,"2023-2024"
"PAR","VAL","15_4","Regular Season","Victor  Claver",16,3,0,3,0,1,3,33.3,0,0,NA,1,1,2,1,1,2,0,1,3,0,-4,"H","L",67,36,25,18,18,7,10,16,15,24,39,5,16,2,21,68,67,36,25,18,18,7,10,16,15,24,39,5,16,2,21,68,0.5,6.7,44.8,-0.04,14.9,0.5,25,0,-1.3,25,29.85,4.7,3.3,"2023-2024"
"PAR","VAL","15_4","Regular Season","Josep  Puerto",16,9,2,3,66.7,1,1,100,2,2,100,2,1,3,0,0,3,0,0,1,1,8,"H","L",67,36,25,18,18,7,10,16,15,24,39,5,16,2,21,68,67,36,25,18,18,7,10,16,15,24,39,5,16,2,21,68,1.5,5.6,160.7,0.08,0,0,87.5,0.5,5.7,92.2,53.57,4.6,6.7,"2023-2024"
"PAR","VAL","15_4","Regular Season","Chris  Jones",30,14,5,9,55.6,1,4,25,1,1,100,0,2,2,4,2,0,0,0,1,2,16,"H","L",67,36,25,18,18,7,10,16,15,24,39,5,16,2,21,68,67,36,25,18,18,7,10,16,15,24,39,5,16,2,21,68,1,12.9,108.5,0.18,31,Inf,50,0.08,12.3,52.1,0,4.2,0,"2023-2024"
"PAR","VAL","15_4","Regular Season","Damien  Inglis",23,6,2,5,40,0,1,0,2,4,50,2,5,7,2,0,1,2,0,2,4,12,"H","L",67,36,25,18,18,7,10,16,15,24,39,5,16,2,21,68,67,36,25,18,18,7,10,16,15,24,39,5,16,2,21,68,0.6,6.5,92.3,0.08,30.8,2,33.3,0.67,5.7,38.7,15.38,3.6,6.7,"2023-2024"
"PAR","VAL","15_4","Regular Season","Brandon  Davies",29,8,3,6,50,0,0,NA,2,6,33.3,2,3,5,4,0,5,0,0,1,5,9,"H","L",67,36,25,18,18,7,10,16,15,24,39,5,16,2,21,68,67,36,25,18,18,7,10,16,15,24,39,5,16,2,21,68,0.67,11.2,71.4,0.04,35.7,0.8,50,1,3.1,46.3,44.64,4.4,6.7,"2023-2024"
"PAR","VAL","15_4","Regular Season","Nate  Reuvers",7,0,0,0,NA,0,5,0,0,0,NA,0,1,1,0,0,0,0,0,0,0,-4,"H","L",67,36,25,18,18,7,10,16,15,24,39,5,16,2,21,68,67,36,25,18,18,7,10,16,15,24,39,5,16,2,21,68,0,4.8,0,-0.05,0,NA,0,0,-3.2,0,0,6.7,0,"2023-2024"
"PAR","VAL","15_4","Regular Season","Jaime  Pradilla",13,5,2,2,100,0,1,0,1,2,50,3,3,6,1,0,1,0,0,3,1,7,"H","L",67,36,25,18,18,7,10,16,15,24,39,5,16,2,21,68,67,36,25,18,18,7,10,16,15,24,39,5,16,2,21,68,1,1.8,277.8,0.06,55.6,1,66.7,0.67,4.8,64.4,55.56,3.5,10,"2023-2024"
"PAR","VAL","15_4","Regular Season","Xabi  Lopez-Arostegui",13,3,0,0,NA,1,4,25,0,0,NA,0,4,4,2,0,0,0,0,4,3,5,"H","L",67,36,25,18,18,7,10,16,15,24,39,5,16,2,21,68,67,36,25,18,18,7,10,16,15,24,39,5,16,2,21,68,0.75,3.8,78.9,0.03,52.6,Inf,37.5,0,1.6,37.5,0,2.9,0,"2023-2024"
"PAR","VAL","15_4","Regular Season","Stefan  Jovic",19,3,0,1,0,1,2,50,0,0,NA,1,2,3,1,1,2,0,0,3,1,2,"H","L",67,36,25,18,18,7,10,16,15,24,39,5,16,2,21,68,67,36,25,18,18,7,10,16,15,24,39,5,16,2,21,68,1,3.8,78.9,0.01,26.3,0.5,50,0,1.1,50,52.63,2.5,3.3,"2023-2024"
"PAR","VAL","15_4","Regular Season","Boubacar  Toure",11,4,2,4,50,0,0,NA,0,1,0,4,2,6,0,1,0,0,1,1,4,10,"H","L",67,36,25,18,18,7,10,16,15,24,39,5,16,2,21,68,67,36,25,18,18,7,10,16,15,24,39,5,16,2,21,68,0.8,0.4,1000,0.06,0,NA,50,0.25,5.6,45,0,3.8,13.3,"2023-2024"
"PAR","VAL","15_4","Regular Season","Martin  Hermannsson",2,0,0,0,NA,0,0,NA,0,0,NA,0,0,0,0,0,0,0,0,0,0,0,"H","L",67,36,25,18,18,7,10,16,15,24,39,5,16,2,21,68,67,36,25,18,18,7,10,16,15,24,39,5,16,2,21,68,NA,0,NA,0,NA,NA,NA,NA,0,NA,NA,0,0,"2023-2024"
"PAR","VAL","15_4","Regular Season","Kassius  Robertson",19,12,2,3,66.7,2,4,50,2,2,100,0,0,0,1,0,2,0,0,2,1,7,"H","L",67,36,25,18,18,7,10,16,15,24,39,5,16,2,21,68,67,36,25,18,18,7,10,16,15,24,39,5,16,2,21,68,1.33,9.5,126.3,0.08,10.5,0.5,71.4,0.29,6.6,76.1,21.05,4.9,0,"2023-2024"
"VAL","PAR","15_4","Regular Season","Zach  LeDay",32,14,3,4,75,2,4,50,2,2,100,1,2,3,2,1,2,0,0,3,3,15,"A","W",72,30,27,16,16,9,13,14,6,20,26,12,12,2,22,76,72,30,27,16,16,9,13,14,6,20,26,12,12,2,22,76,1.4,9.5,147.4,0.11,21.1,1,75,0.25,10.9,78.8,21.05,3.6,8.3,"2023-2024"
"VAL","PAR","15_4","Regular Season","Kevin  Punter",34,13,1,4,25,2,5,40,5,6,83.3,1,8,9,3,2,1,1,1,0,6,25,"A","W",72,30,27,16,16,9,13,14,6,20,26,12,12,2,22,76,72,30,27,16,16,9,13,14,6,20,26,12,12,2,22,76,0.87,11.2,116.1,0.18,26.8,3,44.4,0.67,14.4,55.8,8.93,3.9,8.3,"2023-2024"
"VAL","PAR","15_4","Regular Season","Alen  Smailagic",23,4,0,0,NA,1,2,50,1,2,50,0,1,1,1,1,2,1,0,4,3,3,"A","W",72,30,27,16,16,9,13,14,6,20,26,12,12,2,22,76,72,30,27,16,16,9,13,14,6,20,26,12,12,2,22,76,1,4.7,85.1,0,21.3,0.5,75,1,1.7,69.4,42.55,2.2,0,"2023-2024"
"VAL","PAR","15_4","Regular Season","P.J.  Dozier",23,9,2,6,33.3,1,2,50,2,2,100,2,2,4,2,2,3,0,0,2,3,10,"A","W",72,30,27,16,16,9,13,14,6,20,26,12,12,2,22,76,72,30,27,16,16,9,13,14,6,20,26,12,12,2,22,76,0.9,9.5,94.7,0.06,21.1,0.7,43.8,0.25,6.2,50.7,31.58,5.4,16.7,"2023-2024"
"VAL","PAR","15_4","Regular Season","Bruno  Caboclo",12,7,2,4,50,0,2,0,3,4,75,0,1,1,0,1,0,0,1,3,2,2,"A","W",72,30,27,16,16,9,13,14,6,20,26,12,12,2,22,76,72,30,27,16,16,9,13,14,6,20,26,12,12,2,22,76,0.7,7.4,94.6,0.01,0,NA,33.3,0.67,3.3,45.1,0,6.8,0,"2023-2024"
"VAL","PAR","15_4","Regular Season","Tristan  Vukcevic",8,0,0,0,NA,0,2,0,0,0,NA,0,1,1,0,1,1,0,0,0,1,0,"A","W",72,30,27,16,16,9,13,14,6,20,26,12,12,2,22,76,72,30,27,16,16,9,13,14,6,20,26,12,12,2,22,76,0,2.9,0,-0.01,0,0,0,0,-1.1,0,34.48,3.9,0,"2023-2024"
"VAL","PAR","15_4","Regular Season","Ognjen  Jaramaz",5,0,0,0,NA,0,0,NA,0,0,NA,0,0,0,1,1,0,0,0,2,1,1,"A","W",72,30,27,16,16,9,13,14,6,20,26,12,12,2,22,76,72,30,27,16,16,9,13,14,6,20,26,12,12,2,22,76,NA,0,NA,0,Inf,Inf,NA,NA,0.9,NA,NA,0,0,"2023-2024"
"VAL","PAR","15_4","Regular Season","James  Nunnally",30,14,4,6,66.7,2,6,33.3,0,0,NA,0,3,3,3,2,2,0,0,2,0,12,"A","W",72,30,27,16,16,9,13,14,6,20,26,12,12,2,22,76,72,30,27,16,16,9,13,14,6,20,26,12,12,2,22,76,1.17,13.4,104.5,0.11,22.4,1.5,58.3,0,10.2,58.3,14.93,4.9,0,"2023-2024"
"VAL","PAR","15_4","Regular Season","Danilo  Andjusic",5,0,0,0,NA,0,0,NA,0,0,NA,0,0,0,1,0,0,0,0,2,1,0,"A","W",72,30,27,16,16,9,13,14,6,20,26,12,12,2,22,76,72,30,27,16,16,9,13,14,6,20,26,12,12,2,22,76,NA,0,NA,-0.01,Inf,Inf,NA,NA,-0.1,NA,NA,0,0,"2023-2024"
"VAL","PAR","15_4","Regular Season","Mateusz  Ponitka",13,5,1,1,100,1,1,100,0,0,NA,0,1,1,1,0,0,0,0,1,1,7,"A","W",72,30,27,16,16,9,13,14,6,20,26,12,12,2,22,76,72,30,27,16,16,9,13,14,6,20,26,12,12,2,22,76,2.5,1.9,263.2,0.06,52.6,Inf,125,0,5,125,0,1.6,0,"2023-2024"
"VAL","PAR","15_4","Regular Season","Frank  Kaminsky",14,6,3,5,60,0,3,0,0,0,NA,2,1,3,0,1,1,0,0,3,0,1,"A","W",72,30,27,16,16,9,13,14,6,20,26,12,12,2,22,76,72,30,27,16,16,9,13,14,6,20,26,12,12,2,22,76,0.75,6.7,89.6,0,0,0,37.5,0,2.1,37.5,14.93,6.8,16.7,"2023-2024"
"BOL","OLY","15_5","Regular Season","Thomas  Walkup",25,3,1,4,25,0,2,0,1,2,50,1,1,2,1,2,2,0,0,3,3,0,"A","L",67,30,29,16,17,7,12,20,10,27,37,5,11,4,20,82,67,30,29,16,17,7,12,20,10,27,37,5,11,4,20,82,0.38,7.6,39.5,-0.03,13.2,0.5,16.7,0.33,-0.7,21.8,26.32,3.7,5,"2023-2024"
"BOL","OLY","15_5","Regular Season","Isaiah  Canaan",21,6,0,3,0,2,6,33.3,0,0,NA,0,0,0,0,2,0,0,0,2,3,2,"A","L",67,30,29,16,17,7,12,20,10,27,37,5,11,4,20,82,67,30,29,16,17,7,12,20,10,27,37,5,11,4,20,82,0.67,8.6,69.8,-0.01,0,NA,33.3,0,1.7,33.3,0,4.5,0,"2023-2024"
"BOL","OLY","15_5","Regular Season","Moustapha  Fall",17,12,5,5,100,0,0,NA,2,2,100,0,3,3,3,0,0,2,0,4,1,17,"A","L",67,30,29,16,17,7,12,20,10,27,37,5,11,4,20,82,67,30,29,16,17,7,12,20,10,27,37,5,11,4,20,82,1.71,5.6,214.3,0.13,53.6,Inf,100,0.4,13.3,102,0,3.6,0,"2023-2024"
"BOL","OLY","15_5","Regular Season","Kostas  Papanikolaou",20,5,1,1,100,1,4,25,0,0,NA,2,2,4,0,0,1,1,0,2,1,5,"A","L",67,30,29,16,17,7,12,20,10,27,37,5,11,4,20,82,67,30,29,16,17,7,12,20,10,27,37,5,11,4,20,82,1,3.8,131.6,0.02,0,0,50,0,3.2,50,26.32,3.1,10,"2023-2024"
"BOL","OLY","15_5","Regular Season","Alec  Peters",28,7,3,5,60,0,4,0,1,2,50,2,3,5,3,0,0,0,0,0,1,9,"A","L",67,30,29,16,17,7,12,20,10,27,37,5,11,4,20,82,67,30,29,16,17,7,12,20,10,27,37,5,11,4,20,82,0.64,7.6,92.1,0.06,39.5,Inf,33.3,0.22,5.9,35.4,0,3.7,10,"2023-2024"
"BOL","OLY","15_5","Regular Season","Nigel  Williams-Goss",21,2,1,2,50,0,4,0,0,0,NA,0,2,2,7,0,1,0,0,1,1,5,"A","L",67,30,29,16,17,7,12,20,10,27,37,5,11,4,20,82,67,30,29,16,17,7,12,20,10,27,37,5,11,4,20,82,0.33,6.7,29.9,0.04,104.5,7,16.7,0,2.3,16.7,14.93,3.5,0,"2023-2024"
"BOL","OLY","15_5","Regular Season","Giannoulis  Larentzakis",16,13,1,1,100,3,6,50,2,4,50,0,2,2,3,1,1,0,0,3,3,13,"A","L",67,30,29,16,17,7,12,20,10,27,37,5,11,4,20,82,67,30,29,16,17,7,12,20,10,27,37,5,11,4,20,82,1.18,9.4,138.3,0.09,31.9,3,78.6,0.57,10.4,74.2,10.64,6.3,0,"2023-2024"
"BOL","OLY","15_5","Regular Season","Ignas  Brazdeikis",14,5,1,3,33.3,1,3,33.3,0,0,NA,1,3,4,1,0,1,0,0,2,0,3,"A","L",67,30,29,16,17,7,12,20,10,27,37,5,11,4,20,82,67,30,29,16,17,7,12,20,10,27,37,5,11,4,20,82,0.83,5.8,86.2,0.02,17.2,1,41.7,0,2.1,41.7,17.24,5.2,5,"2023-2024"
"BOL","OLY","15_5","Regular Season","Filip  Petrusev",12,4,2,3,66.7,0,0,NA,0,0,NA,1,3,4,2,0,2,1,0,1,0,7,"A","L",67,30,29,16,17,7,12,20,10,27,37,5,11,4,20,82,67,30,29,16,17,7,12,20,10,27,37,5,11,4,20,82,1.33,3.8,105.3,0.05,52.6,1,66.7,0,4,66.7,52.63,4.3,5,"2023-2024"
"BOL","OLY","15_5","Regular Season","Nikola  Milutinov",23,10,2,3,66.7,0,0,NA,6,6,100,3,8,11,0,0,3,0,0,2,4,19,"A","L",67,30,29,16,17,7,12,20,10,27,37,5,11,4,20,82,67,30,29,16,17,7,12,20,10,27,37,5,11,4,20,82,1.11,5.4,185.2,0.12,0,0,66.7,2,9.4,88.7,55.56,3.9,15,"2023-2024"
"BOL","OLY","15_5","Regular Season","Shaquielle  McKissic",3,0,0,0,NA,0,0,NA,0,0,NA,0,0,0,0,0,0,0,0,0,2,2,"A","L",67,30,29,16,17,7,12,20,10,27,37,5,11,4,20,82,67,30,29,16,17,7,12,20,10,27,37,5,11,4,20,82,NA,0,NA,0,NA,NA,NA,NA,0,NA,NA,0,0,"2023-2024"
"OLY","BOL","15_5","Regular Season","Isaia  Cordinier",29,13,2,5,40,2,3,66.7,3,3,100,1,2,3,0,1,0,0,0,3,2,12,"H","W",69,42,21,16,16,8,13,16,10,23,33,5,9,0,19,69,69,42,21,16,16,8,13,16,10,23,33,5,9,0,19,69,1.18,8,162.5,0.1,0,NA,62.5,0.38,10.1,69.7,0,3.3,5,"2023-2024"
"OLY","BOL","15_5","Regular Season","Marco  Belinelli",21,12,2,8,25,2,4,50,2,3,66.7,1,2,3,0,0,1,0,0,1,3,7,"H","W",69,42,21,16,16,8,13,16,10,23,33,5,9,0,19,69,69,42,21,16,16,8,13,16,10,23,33,5,9,0,19,69,0.8,12.8,93.8,0.04,0,0,41.7,0.25,4.7,45,7.81,6.9,5,"2023-2024"
"OLY","BOL","15_5","Regular Season","Tornike  Shengelia",30,6,1,5,20,0,2,0,4,4,100,2,7,9,3,0,5,0,2,1,4,8,"H","W",69,42,21,16,16,8,13,16,10,23,33,5,9,0,19,69,69,42,21,16,16,8,13,16,10,23,33,5,9,0,19,69,0.55,11.3,53.1,0.05,26.5,0.6,14.3,0.57,1.7,34.2,44.25,4.6,10,"2023-2024"
"OLY","BOL","15_5","Regular Season","Daniel  Hackett",25,8,2,5,40,1,1,100,1,2,50,1,3,4,6,1,0,0,2,3,3,13,"H","W",69,42,21,16,16,8,13,16,10,23,33,5,9,0,19,69,69,42,21,16,16,8,13,16,10,23,33,5,9,0,19,69,1,5.6,142.9,0.12,107.1,Inf,58.3,0.33,10.2,58.1,0,2.8,5,"2023-2024"
"OLY","BOL","15_5","Regular Season","Bryant  Dunston",25,3,1,3,33.3,0,0,NA,1,2,50,0,2,2,1,2,0,0,0,2,2,5,"H","W",69,42,21,16,16,8,13,16,10,23,33,5,9,0,19,69,69,42,21,16,16,8,13,16,10,23,33,5,9,0,19,69,0.6,3.7,81.1,0.03,27,Inf,33.3,0.67,3.4,38.7,0,1.6,0,"2023-2024"
"OLY","BOL","15_5","Regular Season","Gabriel  Lundberg",13,5,2,5,40,0,3,0,1,1,100,1,0,1,2,0,0,0,0,2,2,2,"H","W",69,42,21,16,16,8,13,16,10,23,33,5,9,0,19,69,69,42,21,16,16,8,13,16,10,23,33,5,9,0,19,69,0.56,7.1,70.4,-0.01,28.2,Inf,25,0.12,1.5,29.6,0,6.6,5,"2023-2024"
"OLY","BOL","15_5","Regular Season","Alessandro  Pajola",15,3,0,1,0,1,2,50,0,0,NA,1,1,2,3,0,0,0,0,2,1,5,"H","W",69,42,21,16,16,8,13,16,10,23,33,5,9,0,19,69,69,42,21,16,16,8,13,16,10,23,33,5,9,0,19,69,1,1.9,157.9,0.04,157.9,Inf,50,0,3.6,50,0,2,5,"2023-2024"
"OLY","BOL","15_5","Regular Season","Ognjen  Dobric",17,10,2,3,66.7,2,4,50,0,0,NA,0,2,2,0,1,0,0,0,2,2,10,"H","W",69,42,21,16,16,8,13,16,10,23,33,5,9,0,19,69,69,42,21,16,16,8,13,16,10,23,33,5,9,0,19,69,1.43,6.7,149.3,0.08,0,NA,71.4,0,7.5,71.4,0,4.2,0,"2023-2024"
"OLY","BOL","15_5","Regular Season","Devontae  Cacok",10,7,3,4,75,0,0,NA,1,1,100,2,1,3,0,0,2,0,0,2,1,6,"H","W",69,42,21,16,16,8,13,16,10,23,33,5,9,0,19,69,69,42,21,16,16,8,13,16,10,23,33,5,9,0,19,69,1.4,4.3,162.8,0.04,0,0,75,0.25,4.3,78.8,46.51,6.5,10,"2023-2024"
"OLY","BOL","15_5","Regular Season","Achille  Polonara",6,2,1,2,50,0,1,0,0,0,NA,1,1,2,1,0,0,0,0,1,0,2,"H","W",69,42,21,16,16,8,13,16,10,23,33,5,9,0,19,69,69,42,21,16,16,8,13,16,10,23,33,5,9,0,19,69,0.67,1.9,105.3,0.02,52.6,Inf,33.3,0,1.6,33.3,0,5.1,5,"2023-2024"
"OLY","BOL","15_5","Regular Season","Awudu  Abass",8,0,0,1,0,0,1,0,0,0,NA,0,2,2,0,0,1,0,0,0,0,-1,"H","W",69,42,21,16,16,8,13,16,10,23,33,5,9,0,19,69,69,42,21,16,16,8,13,16,10,23,33,5,9,0,19,69,0,2.9,0,-0.01,0,0,0,0,-1.8,0,34.48,3.8,0,"2023-2024"
"BAY","EFE","15_6","Regular Season","Shane  Larkin",33,10,2,3,66.7,1,6,16.7,3,3,100,0,7,7,6,1,3,0,0,0,3,18,"A","L",71,38,22,13,26,3,10,14,8,28,36,5,18,10,17,79,71,38,22,13,26,3,10,14,8,28,36,5,18,10,17,79,0.83,12.8,78.1,0.13,46.9,2,38.9,0.33,9.2,48.4,23.44,3.9,0,"2023-2024"
"BAY","EFE","15_6","Regular Season","Darius  Thompson",28,13,6,9,66.7,0,2,0,1,1,100,0,1,1,2,0,4,2,1,4,2,6,"A","L",71,38,22,13,26,3,10,14,8,28,36,5,18,10,17,79,71,38,22,13,26,3,10,14,8,28,36,5,18,10,17,79,1.08,14.8,87.8,0.03,13.5,0.5,54.5,0.09,5.2,56.8,27.03,5.3,0,"2023-2024"
"BAY","EFE","15_6","Regular Season","Justus  Hollatz",11,2,1,2,50,0,0,NA,0,0,NA,1,2,3,1,1,2,0,0,1,0,3,"A","L",71,38,22,13,26,3,10,14,8,28,36,5,18,10,17,79,71,38,22,13,26,3,10,14,8,28,36,5,18,10,17,79,1,2.9,69,0.02,34.5,0.5,50,0,1.6,50,68.97,3.5,6.2,"2023-2024"
"BAY","EFE","15_6","Regular Season","Mike  Daum",35,13,3,4,75,2,8,25,1,1,100,1,3,4,1,1,0,1,0,1,1,13,"A","L",71,38,22,13,26,3,10,14,8,28,36,5,18,10,17,79,71,38,22,13,26,3,10,14,8,28,36,5,18,10,17,79,1,11,118.2,0.09,9.1,Inf,50,0.08,10.2,52.3,0,3.4,6.2,"2023-2024"
"BAY","EFE","15_6","Regular Season","Tyrique  Jones",24,6,3,5,60,0,0,NA,0,2,0,1,5,6,2,0,1,2,0,3,2,10,"A","L",71,38,22,13,26,3,10,14,8,28,36,5,18,10,17,79,71,38,22,13,26,3,10,14,8,28,36,5,18,10,17,79,0.86,5.6,107.1,0.06,35.7,2,60,0.4,5.7,51,17.86,2.7,6.2,"2023-2024"
"BAY","EFE","15_6","Regular Season","Elijah  Bryant",25,7,2,4,50,0,3,0,3,3,100,1,3,4,2,1,5,0,0,4,2,2,"A","L",71,38,22,13,26,3,10,14,8,28,36,5,18,10,17,79,71,38,22,13,26,3,10,14,8,28,36,5,18,10,17,79,0.7,11.8,59.3,0,16.9,0.4,28.6,0.43,0.3,42.1,42.37,5.1,6.2,"2023-2024"
"BAY","EFE","15_6","Regular Season","Erten  Gazi",12,1,0,1,0,0,3,0,1,2,50,1,1,2,0,1,1,0,1,1,1,-3,"A","L",71,38,22,13,26,3,10,14,8,28,36,5,18,10,17,79,71,38,22,13,26,3,10,14,8,28,36,5,18,10,17,79,0.17,4.7,21.3,-0.03,0,0,0,0.5,-1.6,10.2,21.28,4.7,6.2,"2023-2024"
"BAY","EFE","15_6","Regular Season","Daniel  Oturu",27,19,9,10,90,0,0,NA,1,1,100,3,5,8,0,0,1,5,0,3,3,30,"A","L",71,38,22,13,26,3,10,14,8,28,36,5,18,10,17,79,71,38,22,13,26,3,10,14,8,28,36,5,18,10,17,79,1.73,8.1,234.6,0.2,0,0,90,0.1,20.5,91,12.35,4,18.8,"2023-2024"
"BAY","EFE","15_6","Regular Season","Ante  Zizic",3,0,0,0,NA,0,0,NA,0,0,NA,0,1,1,0,0,1,0,0,0,0,0,"A","L",71,38,22,13,26,3,10,14,8,28,36,5,18,10,17,79,71,38,22,13,26,3,10,14,8,28,36,5,18,10,17,79,NA,1,0,0,0,0,NA,NA,-0.7,NA,100,3.2,0,"2023-2024"
"EFE","BAY","15_6","Regular Season","Carsen  Edwards",23,10,2,5,40,2,6,33.3,0,0,NA,0,0,0,5,3,0,0,1,0,3,13,"H","W",86,41,29,11,17,14,10,24,9,20,29,12,6,2,14,100,86,41,29,11,17,14,10,24,9,20,29,12,6,2,14,100,0.91,10.6,94.3,0.06,47.2,Inf,45.5,0,10.4,45.5,0,4.7,0,"2023-2024"
"EFE","BAY","15_6","Regular Season","Isaac  Bonga",23,15,5,6,83.3,1,3,33.3,2,2,100,3,3,6,2,3,0,0,1,0,2,24,"H","W",86,41,29,11,17,14,10,24,9,20,29,12,6,2,14,100,86,41,29,11,17,14,10,24,9,20,29,12,6,2,14,100,1.36,6.6,227.3,0.12,30.3,Inf,72.2,0.22,18.5,75.9,0,4.3,16.7,"2023-2024"
"EFE","BAY","15_6","Regular Season","Leandro  Bolmaro",22,7,1,4,25,1,2,50,2,2,100,2,4,6,2,1,1,1,0,1,2,13,"H","W",86,41,29,11,17,14,10,24,9,20,29,12,6,2,14,100,86,41,29,11,17,14,10,24,9,20,29,12,6,2,14,100,0.88,5.6,125,0.05,35.7,2,41.7,0.33,7.9,50.9,17.86,3.5,11.1,"2023-2024"
"EFE","BAY","15_6","Regular Season","Serge  Ibaka",27,13,5,9,55.6,1,2,50,0,0,NA,2,5,7,4,2,4,1,1,3,5,19,"H","W",86,41,29,11,17,14,10,24,9,20,29,12,6,2,14,100,86,41,29,11,17,14,10,24,9,20,29,12,6,2,14,100,1.18,12.5,104,0.08,32,1,59.1,0,10.9,59.1,32,5.5,11.1,"2023-2024"
"EFE","BAY","15_6","Regular Season","Devin   Booker",26,5,1,5,20,1,2,50,0,0,NA,0,2,2,1,0,1,0,2,0,1,1,"H","W",86,41,29,11,17,14,10,24,9,20,29,12,6,2,14,100,86,41,29,11,17,14,10,24,9,20,29,12,6,2,14,100,0.71,7.7,64.9,0.01,13,1,35.7,0,1.2,35.7,12.99,3,0,"2023-2024"
"EFE","BAY","15_6","Regular Season","Nick  Weiler-Babb",14,8,1,2,50,2,3,66.7,0,0,NA,0,0,0,0,1,0,0,0,2,0,5,"H","W",86,41,29,11,17,14,10,24,9,20,29,12,6,2,14,100,86,41,29,11,17,14,10,24,9,20,29,12,6,2,14,100,1.6,4.8,166.7,0.03,0,NA,80,0,5.9,80,0,3.5,0,"2023-2024"
"EFE","BAY","15_6","Regular Season","Sylvain  Francisco",18,7,0,3,0,2,5,40,1,2,50,0,1,1,6,0,0,0,1,1,1,6,"H","W",86,41,29,11,17,14,10,24,9,20,29,12,6,2,14,100,86,41,29,11,17,14,10,24,9,20,29,12,6,2,14,100,0.7,8.5,82.4,0.03,70.6,Inf,37.5,0.25,5.9,39.4,0,4.9,0,"2023-2024"
"EFE","BAY","15_6","Regular Season","Niels  Giffey",6,0,0,0,NA,0,0,NA,0,0,NA,0,0,0,0,0,0,0,0,2,0,-2,"H","W",86,41,29,11,17,14,10,24,9,20,29,12,6,2,14,100,86,41,29,11,17,14,10,24,9,20,29,12,6,2,14,100,NA,0,NA,-0.01,NA,NA,NA,NA,-0.8,NA,NA,0,0,"2023-2024"
"EFE","BAY","15_6","Regular Season","Dino  Radoncic",6,0,0,1,0,0,0,NA,0,0,NA,0,1,1,1,0,0,0,1,2,0,-2,"H","W",86,41,29,11,17,14,10,24,9,20,29,12,6,2,14,100,86,41,29,11,17,14,10,24,9,20,29,12,6,2,14,100,0,1,0,-0.01,100,Inf,0,0,-0.5,0,0,1.6,0,"2023-2024"
"EFE","BAY","15_6","Regular Season","Vladimir  Lucic",13,2,1,2,50,0,2,0,0,0,NA,1,1,2,3,2,0,0,1,1,0,4,"H","W",86,41,29,11,17,14,10,24,9,20,29,12,6,2,14,100,86,41,29,11,17,14,10,24,9,20,29,12,6,2,14,100,0.5,2.9,69,0.03,103.4,Inf,25,0,4.3,25,0,3,5.6,"2023-2024"
"EFE","BAY","15_6","Regular Season","Andreas  Obst",14,17,1,1,100,4,4,100,3,3,100,0,1,1,0,0,0,0,0,0,2,20,"H","W",86,41,29,11,17,14,10,24,9,20,29,12,6,2,14,100,86,41,29,11,17,14,10,24,9,20,29,12,6,2,14,100,2.12,6.1,278.7,0.1,0,NA,140,0.6,15.8,134.5,0,4.5,0,"2023-2024"
"EFE","BAY","15_6","Regular Season","Elias  Harris",7,2,0,3,0,0,0,NA,2,2,100,1,2,3,0,0,0,0,2,2,1,-1,"H","W",86,41,29,11,17,14,10,24,9,20,29,12,6,2,14,100,86,41,29,11,17,14,10,24,9,20,29,12,6,2,14,100,0.4,2.8,71.4,0,0,NA,0,0.67,0.4,25.8,0,5.5,5.6,"2023-2024"
"MIL","VIL","15_7","Regular Season","Paris  Lee",27,10,0,2,0,2,2,100,4,4,100,0,2,2,2,1,3,0,0,3,3,10,"A","L",61,26,22,24,8,10,15,11,7,21,28,3,18,2,18,50,61,26,22,24,8,10,15,11,7,21,28,3,18,2,18,50,1.25,8.4,119,0.14,23.8,0.7,75,1,6.8,86.8,35.71,3.4,0,"2023-2024"
"MIL","VIL","15_7","Regular Season","Joffrey  Lauvergne",25,12,3,4,75,1,2,50,3,4,75,2,3,5,2,0,2,0,0,1,2,15,"A","L",61,26,22,24,8,10,15,11,7,21,28,3,18,2,18,50,61,26,22,24,8,10,15,11,7,21,28,3,18,2,18,50,1.2,7.4,162.2,0.24,27,1,75,0.67,10.3,77.3,27.03,4.1,14.3,"2023-2024"
"MIL","VIL","15_7","Regular Season","Timothe  Luwawu-Cabarrot",28,10,2,5,40,2,5,40,0,0,NA,0,4,4,2,0,8,0,0,4,0,-2,"A","L",61,26,22,24,8,10,15,11,7,21,28,3,18,2,18,50,61,26,22,24,8,10,15,11,7,21,28,3,18,2,18,50,1,17.3,57.8,-0.04,11.6,0.2,50,0,-2.4,50,46.24,6.7,0,"2023-2024"
"MIL","VIL","15_7","Regular Season","Youssoupha  Fall",17,3,1,2,50,0,0,NA,1,4,25,0,2,2,0,0,0,1,0,1,3,4,"A","L",61,26,22,24,8,10,15,11,7,21,28,3,18,2,18,50,61,26,22,24,8,10,15,11,7,21,28,3,18,2,18,50,0.5,3.6,83.3,0.01,0,NA,50,2,1.7,39.9,0,2.3,0,"2023-2024"
"MIL","VIL","15_7","Regular Season","David  Lighty",23,5,0,2,0,1,1,100,2,2,100,0,2,2,4,1,1,0,0,2,2,9,"A","L",61,26,22,24,8,10,15,11,7,21,28,3,18,2,18,50,61,26,22,24,8,10,15,11,7,21,28,3,18,2,18,50,1,4.7,106.4,0.14,85.1,4,50,0.67,5.9,64.4,21.28,2.2,0,"2023-2024"
"MIL","VIL","15_7","Regular Season","Mike  Scott",19,6,0,2,0,2,7,28.6,0,0,NA,0,3,3,0,1,1,0,0,1,1,2,"A","L",61,26,22,24,8,10,15,11,7,21,28,3,18,2,18,50,61,26,22,24,8,10,15,11,7,21,28,3,18,2,18,50,0.67,9.6,62.5,0.02,0,0,33.3,0,1,33.3,10.42,5.5,0,"2023-2024"
"MIL","VIL","15_7","Regular Season","Charles Lombahe Kahudi",20,2,1,4,25,0,1,0,0,0,NA,0,1,1,0,0,0,0,0,2,1,-2,"A","L",61,26,22,24,8,10,15,11,7,21,28,3,18,2,18,50,61,26,22,24,8,10,15,11,7,21,28,3,18,2,18,50,0.4,4.8,41.7,-0.06,0,NA,20,0,-1.6,20,0,2.6,0,"2023-2024"
"MIL","VIL","15_7","Regular Season","Edwin  Jackson",17,4,0,1,0,1,2,50,1,2,50,0,0,0,1,0,1,0,0,2,1,0,"A","L",61,26,22,24,8,10,15,11,7,21,28,3,18,2,18,50,61,26,22,24,8,10,15,11,7,21,28,3,18,2,18,50,0.8,4.7,85.1,-0.02,21.3,1,50,0.67,0.8,51.5,21.28,3,0,"2023-2024"
"MIL","VIL","15_7","Regular Season","Nando  de Colo",3,5,0,0,NA,1,2,50,2,2,100,0,2,2,0,0,0,0,0,1,2,7,"A","L",61,26,22,24,8,10,15,11,7,21,28,3,18,2,18,50,61,26,22,24,8,10,15,11,7,21,28,3,18,2,18,50,1.25,2.8,178.6,0.1,0,NA,75,1,4.2,86.8,0,10,0,"2023-2024"
"MIL","VIL","15_7","Regular Season","John  Egbunu",20,4,1,4,25,0,0,NA,2,6,33.3,5,2,7,0,0,2,1,0,1,5,7,"A","L",61,26,22,24,8,10,15,11,7,21,28,3,18,2,18,50,61,26,22,24,8,10,15,11,7,21,28,3,18,2,18,50,0.4,3.5,114.3,-0.02,0,0,25,1.5,2.4,30.1,57.14,4.5,35.7,"2023-2024"
"VIL","MIL","15_7","Regular Season","Nicolo  Melli",22,17,4,4,100,3,4,75,0,0,NA,1,1,2,3,1,0,0,0,4,1,19,"H","W",84,35,27,9,23,11,5,27,4,23,27,14,10,0,20,106,84,35,27,9,23,11,5,27,4,23,27,14,10,0,20,106,2.12,6.7,253.7,0.1,44.8,Inf,106.2,0,16.7,106.2,0,3.8,12.5,"2023-2024"
"VIL","MIL","15_7","Regular Season","Diego  Flaccadori",24,5,1,3,33.3,1,3,33.3,0,0,NA,0,1,1,7,2,1,0,1,2,3,10,"H","W",84,35,27,9,23,11,5,27,4,23,27,14,10,0,20,106,84,35,27,9,23,11,5,27,4,23,27,14,10,0,20,106,0.83,6.7,74.6,0.05,104.5,7,41.7,0,7,41.7,14.93,3.1,0,"2023-2024"
"VIL","MIL","15_7","Regular Season","Devon  Hall",28,4,2,4,50,0,2,0,0,0,NA,0,3,3,3,3,2,0,0,1,1,7,"H","W",84,35,27,9,23,11,5,27,4,23,27,14,10,0,20,106,84,35,27,9,23,11,5,27,4,23,27,14,10,0,20,106,0.67,7.7,51.9,0.03,39,1.5,33.3,0,4.2,33.3,25.97,3,0,"2023-2024"
"VIL","MIL","15_7","Regular Season","Shavon  Shields",28,13,1,1,100,3,8,37.5,2,2,100,1,4,5,6,3,1,0,0,0,4,25,"H","W",84,35,27,9,23,11,5,27,4,23,27,14,10,0,20,106,84,35,27,9,23,11,5,27,4,23,27,14,10,0,20,106,1.18,9.5,136.8,0.12,63.2,6,61.1,0.22,16.4,65.8,10.53,4.1,12.5,"2023-2024"
"VIL","MIL","15_7","Regular Season","Johannes  Voigtmann",21,11,4,6,66.7,1,3,33.3,0,0,NA,1,4,5,1,0,1,0,0,4,1,9,"H","W",84,35,27,9,23,11,5,27,4,23,27,14,10,0,20,106,84,35,27,9,23,11,5,27,4,23,27,14,10,0,20,106,1.22,8.6,127.9,0.04,11.6,1,61.1,0,6.7,61.1,11.63,5,12.5,"2023-2024"
"VIL","MIL","15_7","Regular Season","Alex  Poythress",11,11,5,6,83.3,0,0,NA,1,2,50,1,0,1,0,0,1,0,0,2,1,8,"H","W",84,35,27,9,23,11,5,27,4,23,27,14,10,0,20,106,84,35,27,9,23,11,5,27,4,23,27,14,10,0,20,106,1.38,6.6,166.7,0.04,0,0,83.3,0.33,7.3,79.9,15.15,7.5,12.5,"2023-2024"
"VIL","MIL","15_7","Regular Season","Giordano  Bortolani",3,3,0,0,NA,1,2,50,0,0,NA,0,1,1,0,0,0,0,0,0,1,4,"H","W",84,35,27,9,23,11,5,27,4,23,27,14,10,0,20,106,84,35,27,9,23,11,5,27,4,23,27,14,10,0,20,106,1.5,1.9,157.9,0.02,0,NA,75,0,2.3,75,0,7,0,"2023-2024"
"VIL","MIL","15_7","Regular Season","Stefano  Tonut",18,5,1,1,100,1,3,33.3,0,0,NA,0,1,1,0,2,1,0,0,2,0,3,"H","W",84,35,27,9,23,11,5,27,4,23,27,14,10,0,20,106,84,35,27,9,23,11,5,27,4,23,27,14,10,0,20,106,1.25,4.8,104.2,0.02,0,0,62.5,0,3.5,62.5,20.83,2.9,0,"2023-2024"
"VIL","MIL","15_7","Regular Season","Billy   Baron",19,3,1,2,50,0,1,0,1,1,100,0,3,3,4,2,1,0,0,1,2,10,"H","W",84,35,27,9,23,11,5,27,4,23,27,14,10,0,20,106,84,35,27,9,23,11,5,27,4,23,27,14,10,0,20,106,0.75,4.3,69.8,0.05,93,4,33.3,0.33,5.6,43.6,23.26,2.5,0,"2023-2024"
"VIL","MIL","15_7","Regular Season","Ismael  Kamagate",8,4,2,4,50,0,0,NA,0,2,0,0,2,2,0,0,1,0,0,1,3,3,"H","W",84,35,27,9,23,11,5,27,4,23,27,14,10,0,20,106,84,35,27,9,23,11,5,27,4,23,27,14,10,0,20,106,0.67,5.6,71.4,0,0,0,50,0.5,0.4,41,17.86,7.7,0,"2023-2024"
"VIL","MIL","15_7","Regular Season","Guglielmo   Caruso",3,3,0,0,NA,1,1,100,0,0,NA,0,1,1,0,0,0,0,0,1,0,3,"H","W",84,35,27,9,23,11,5,27,4,23,27,14,10,0,20,106,84,35,27,9,23,11,5,27,4,23,27,14,10,0,20,106,3,1,300,0.02,0,NA,150,0,2.6,150,0,3.5,0,"2023-2024"
"VIL","MIL","15_7","Regular Season","Kyle  Hines",15,5,2,4,50,0,0,NA,1,2,50,0,2,2,3,1,1,0,1,2,1,5,"H","W",84,35,27,9,23,11,5,27,4,23,27,14,10,0,20,106,84,35,27,9,23,11,5,27,4,23,27,14,10,0,20,106,0.83,5.6,89.3,0.03,53.6,3,50,0.5,4.5,51.2,17.86,4.1,0,"2023-2024"
"ASM","PAN","15_8","Regular Season","Kostas  Sloukas",31,17,4,6,66.7,2,4,50,3,4,75,1,2,3,4,0,2,0,0,3,2,16,"A","W",91,42,26,16,26,9,12,18,8,14,22,9,8,2,22,95,91,42,26,16,26,9,12,18,8,14,22,9,8,2,22,95,1.21,12.2,139.3,0.1,32.8,2,70,0.4,12.9,72.3,16.39,4.3,6.2,"2023-2024"
"ASM","PAN","15_8","Regular Season","Jerian  Grant",20,2,1,2,50,0,3,0,0,0,NA,0,0,0,4,0,1,1,0,2,2,2,"A","W",91,42,26,16,26,9,12,18,8,14,22,9,8,2,22,95,91,42,26,16,26,9,12,18,8,14,22,9,8,2,22,95,0.4,5.8,34.5,0,69,4,20,0,0.6,20,17.24,2.9,0,"2023-2024"
"ASM","PAN","15_8","Regular Season","Mathias  Lessort",28,16,6,8,75,0,0,NA,4,6,66.7,3,1,4,0,3,1,0,0,3,9,24,"A","W",91,42,26,16,26,9,12,18,8,14,22,9,8,2,22,95,91,42,26,16,26,9,12,18,8,14,22,9,8,2,22,95,1.14,8.3,192.8,0.1,0,0,75,0.75,15.2,75.2,12.05,4,18.8,"2023-2024"
"ASM","PAN","15_8","Regular Season","Marius  Grigonis",24,15,3,4,75,3,5,60,0,0,NA,1,1,2,2,1,1,0,0,2,2,16,"A","W",91,42,26,16,26,9,12,18,8,14,22,9,8,2,22,95,91,42,26,16,26,9,12,18,8,14,22,9,8,2,22,95,1.67,8.6,174.4,0.1,23.3,2,83.3,0,12.7,83.3,11.63,4,6.2,"2023-2024"
"ASM","PAN","15_8","Regular Season","Konstantinos  Mitoglou",26,12,5,9,55.6,0,3,0,2,2,100,2,5,7,3,1,0,0,0,1,1,16,"A","W",91,42,26,16,26,9,12,18,8,14,22,9,8,2,22,95,91,42,26,16,26,9,12,18,8,14,22,9,8,2,22,95,0.86,10.4,115.4,0.1,28.8,Inf,41.7,0.17,11.2,46.6,0,4.8,12.5,"2023-2024"
"ASM","PAN","15_8","Regular Season","Luca  Vildoza",24,11,1,1,100,3,7,42.9,0,0,NA,0,2,2,1,2,0,0,0,5,0,7,"A","W",91,42,26,16,26,9,12,18,8,14,22,9,8,2,22,95,91,42,26,16,26,9,12,18,8,14,22,9,8,2,22,95,1.38,7.7,142.9,0.05,13,Inf,68.8,0,8.3,68.8,0,3.2,0,"2023-2024"
"ASM","PAN","15_8","Regular Season","Aleksander  Balcerowski",4,2,1,1,100,0,0,NA,0,1,0,0,0,0,0,0,0,0,0,2,1,0,"A","W",91,42,26,16,26,9,12,18,8,14,22,9,8,2,22,95,91,42,26,16,26,9,12,18,8,14,22,9,8,2,22,95,1,1.4,142.9,-0.01,0,NA,100,1,0.5,69.4,0,3.5,0,"2023-2024"
"ASM","PAN","15_8","Regular Season","Kendrick  Nunn",20,14,4,10,40,1,2,50,3,3,100,0,1,1,4,1,2,0,0,1,2,12,"A","W",91,42,26,16,26,9,12,18,8,14,22,9,8,2,22,95,91,42,26,16,26,9,12,18,8,14,22,9,8,2,22,95,0.93,14.7,95.2,0.07,27.2,2,45.8,0.25,9.3,52.6,13.61,7.4,0,"2023-2024"
"ASM","PAN","15_8","Regular Season","Kostas  Antetokounmpo",7,0,0,0,NA,0,0,NA,0,0,NA,1,2,3,0,0,0,0,0,1,0,2,"A","W",91,42,26,16,26,9,12,18,8,14,22,9,8,2,22,95,91,42,26,16,26,9,12,18,8,14,22,9,8,2,22,95,NA,-1,0,0.01,0,NA,NA,NA,0.9,NA,0,0,6.2,"2023-2024"
"ASM","PAN","15_8","Regular Season","Juan  Hernangomez",13,2,1,1,100,0,2,0,0,0,NA,0,0,0,0,1,1,1,0,2,1,0,"A","W",91,42,26,16,26,9,12,18,8,14,22,9,8,2,22,95,91,42,26,16,26,9,12,18,8,14,22,9,8,2,22,95,0.67,3.8,52.6,-0.01,0,0,33.3,0,0.2,33.3,26.32,3,0,"2023-2024"
"PAN","ASM","15_8","Regular Season","John  Brown III",27,5,2,8,25,0,0,NA,1,1,100,3,5,8,3,2,1,0,0,3,1,9,"H","L",90,40,19,25,21,9,21,18,10,27,37,5,14,0,21,103,90,40,19,25,21,9,21,18,10,27,37,5,14,0,21,103,0.56,6.2,80.6,0.04,48.4,3,25,0.12,5.7,29.6,16.13,3.3,15,"2023-2024"
"PAN","ASM","15_8","Regular Season","Alpha  Diallo",31,17,2,5,40,3,4,75,4,4,100,1,5,6,2,0,4,0,0,1,5,21,"H","L",90,40,19,25,21,9,21,18,10,27,37,5,14,0,21,103,90,40,19,25,21,9,21,18,10,27,37,5,14,0,21,103,1.31,13.2,128.8,0.1,15.2,0.5,72.2,0.44,11.9,79,30.3,4.5,5,"2023-2024"
"PAN","ASM","15_8","Regular Season","Donatas  Motiejunas",20,8,2,2,100,1,1,100,1,2,50,2,1,3,0,0,3,0,0,3,1,5,"H","L",90,40,19,25,21,9,21,18,10,27,37,5,14,0,21,103,90,40,19,25,21,9,21,18,10,27,37,5,14,0,21,103,1.6,4.7,170.2,0.02,0,0,116.7,0.67,4.2,103.1,63.83,3.3,10,"2023-2024"
"PAN","ASM","15_8","Regular Season","Yakuba  Ouattara",18,3,0,1,0,1,1,100,0,0,NA,0,3,3,0,0,0,0,1,4,1,1,"H","L",90,40,19,25,21,9,21,18,10,27,37,5,14,0,21,103,90,40,19,25,21,9,21,18,10,27,37,5,14,0,21,103,1.5,1.9,157.9,0.01,0,NA,75,0,1.3,75,0,1.1,0,"2023-2024"
"PAN","ASM","15_8","Regular Season","Mike  James",31,16,5,8,62.5,1,3,33.3,3,3,100,1,3,4,6,0,4,0,0,3,3,17,"H","L",90,40,19,25,21,9,21,18,10,27,37,5,14,0,21,103,90,40,19,25,21,9,21,18,10,27,37,5,14,0,21,103,1.14,14.7,108.8,0.09,40.8,1.5,59.1,0.27,11.3,64.9,27.21,5,5,"2023-2024"
"PAN","ASM","15_8","Regular Season","Elie  Okobo",25,15,4,7,57.1,1,6,16.7,4,6,66.7,1,3,4,3,1,2,0,0,3,5,13,"H","L",90,40,19,25,21,9,21,18,10,27,37,5,14,0,21,103,90,40,19,25,21,9,21,18,10,27,37,5,14,0,21,103,0.79,16,93.8,0.05,18.8,1.5,42.3,0.46,8.6,48,12.5,6.7,5,"2023-2024"
"PAN","ASM","15_8","Regular Season","Jaron  Blossomgame",0,0,0,0,NA,0,0,NA,0,0,NA,0,0,0,0,0,0,0,0,0,0,0,"H","L",90,40,19,25,21,9,21,18,10,27,37,5,14,0,21,103,90,40,19,25,21,9,21,18,10,27,37,5,14,0,21,103,NA,0,NA,0,NA,NA,NA,NA,0,NA,NA,NA,0,"2023-2024"
"PAN","ASM","15_8","Regular Season","Petr  Cornelie",14,2,1,1,100,0,2,0,0,0,NA,0,2,2,2,1,0,0,0,1,1,5,"H","L",90,40,19,25,21,9,21,18,10,27,37,5,14,0,21,103,90,40,19,25,21,9,21,18,10,27,37,5,14,0,21,103,0.67,2.9,69,0.03,69,Inf,33.3,0,2.9,33.3,0,2,0,"2023-2024"
"PAN","ASM","15_8","Regular Season","Kemba  Walker",15,13,0,1,0,2,2,100,7,8,87.5,0,3,3,2,1,0,0,0,0,4,21,"H","L",90,40,19,25,21,9,21,18,10,27,37,5,14,0,21,103,90,40,19,25,21,9,21,18,10,27,37,5,14,0,21,103,1.18,6.3,206.3,0.11,31.7,Inf,100,2.67,14.6,99.7,0,4.1,0,"2023-2024"
"PAN","ASM","15_8","Regular Season","Donta  Hall",19,11,5,7,71.4,0,0,NA,1,1,100,2,2,4,0,0,0,0,0,3,1,11,"H","L",90,40,19,25,21,9,21,18,10,27,37,5,14,0,21,103,90,40,19,25,21,9,21,18,10,27,37,5,14,0,21,103,1.38,5.2,211.5,0.06,0,NA,71.4,0.14,8.9,73.9,0,3.7,10,"2023-2024"
"FEN","ZAL","15_9","Regular Season","Keenan  Evans",33,19,1,5,20,4,6,66.7,5,5,100,0,5,5,5,2,2,0,0,2,9,30,"A","L",78,32,21,19,18,9,15,20,2,25,27,6,14,0,21,85,78,32,21,19,18,9,15,20,2,25,27,6,14,0,21,85,1.19,14.6,130.1,0.16,34.2,2.5,63.6,0.45,17.5,72,13.7,4.9,0,"2023-2024"
"FEN","ZAL","15_9","Regular Season","Rolands  Smits",34,16,5,7,71.4,1,4,25,3,3,100,1,8,9,2,3,3,0,2,2,2,20,"A","L",78,32,21,19,18,9,15,20,2,25,27,6,14,0,21,85,78,32,21,19,18,9,15,20,2,25,27,6,14,0,21,85,1.14,13.7,116.8,0.15,14.6,0.7,59.1,0.27,14.4,64.9,21.9,4.8,25,"2023-2024"
"FEN","ZAL","15_9","Regular Season","Laurynas  Birutis",21,14,5,6,83.3,0,0,NA,4,6,66.7,0,3,3,0,0,3,0,0,2,5,14,"A","L",78,32,21,19,18,9,15,20,2,25,27,6,14,0,21,85,78,32,21,19,18,9,15,20,2,25,27,6,14,0,21,85,1.17,11.2,125,0.07,0,0,83.3,1,8.1,81,26.79,5.9,0,"2023-2024"
"FEN","ZAL","15_9","Regular Season","Austin  Hollins",17,7,2,2,100,1,3,33.3,0,0,NA,0,2,2,0,1,5,0,0,3,0,0,"A","L",78,32,21,19,18,9,15,20,2,25,27,6,14,0,21,85,78,32,21,19,18,9,15,20,2,25,27,6,14,0,21,85,1.4,9.6,72.9,0,0,0,70,0,0.1,70,52.08,6.2,0,"2023-2024"
"FEN","ZAL","15_9","Regular Season","Edgaras  Ulanovas",29,2,1,2,50,0,2,0,0,0,NA,0,2,2,5,0,1,0,0,2,2,5,"A","L",78,32,21,19,18,9,15,20,2,25,27,6,14,0,21,85,78,32,21,19,18,9,15,20,2,25,27,6,14,0,21,85,0.5,4.8,41.7,0.02,104.2,5,25,0,1.9,25,20.83,1.8,0,"2023-2024"
"FEN","ZAL","15_9","Regular Season","Kevarrius  Hayes",15,7,2,4,50,0,0,NA,3,5,60,1,3,4,0,0,0,0,0,0,3,10,"A","L",78,32,21,19,18,9,15,20,2,25,27,6,14,0,21,85,78,32,21,19,18,9,15,20,2,25,27,6,14,0,21,85,0.78,5,140,0.05,0,NA,50,1.25,5.8,56.5,0,4.4,25,"2023-2024"
"FEN","ZAL","15_9","Regular Season","Dovydas  Giedraitis",10,2,1,2,50,0,0,NA,0,0,NA,0,0,0,3,0,0,0,0,2,0,2,"A","L",78,32,21,19,18,9,15,20,2,25,27,6,14,0,21,85,78,32,21,19,18,9,15,20,2,25,27,6,14,0,21,85,1,1.9,105.3,0.02,157.9,Inf,50,0,2.3,50,0,2.1,0,"2023-2024"
"FEN","ZAL","15_9","Regular Season","Edmond  Sumner",13,6,0,2,0,2,3,66.7,0,0,NA,0,1,1,1,0,0,0,0,4,1,2,"A","L",78,32,21,19,18,9,15,20,2,25,27,6,14,0,21,85,78,32,21,19,18,9,15,20,2,25,27,6,14,0,21,85,1.2,4.8,125,0.01,20.8,Inf,60,0,2.7,60,0,4.1,0,"2023-2024"
"FEN","ZAL","15_9","Regular Season","Tomas  Dimsa",20,3,0,1,0,1,2,50,0,0,NA,0,1,1,4,0,0,0,0,4,0,2,"A","L",78,32,21,19,18,9,15,20,2,25,27,6,14,0,21,85,78,32,21,19,18,9,15,20,2,25,27,6,14,0,21,85,1,2.9,103.4,0.02,137.9,Inf,50,0,2.8,50,0,1.6,0,"2023-2024"
"FEN","ZAL","15_9","Regular Season","Danielius  Lavrinovicius",9,2,1,1,100,0,1,0,0,0,NA,0,0,0,0,0,0,0,1,0,0,0,"A","L",78,32,21,19,18,9,15,20,2,25,27,6,14,0,21,85,78,32,21,19,18,9,15,20,2,25,27,6,14,0,21,85,1,1.9,105.3,0.01,0,NA,50,0,1,50,0,2.4,0,"2023-2024"
"ZAL","FEN","15_9","Regular Season","Johnathan  Motley",25,16,6,10,60,0,0,NA,4,6,66.7,2,3,5,3,1,3,0,0,4,4,16,"H","W",80,36,23,17,18,10,14,18,6,21,27,9,13,3,22,89,80,36,23,17,18,10,14,18,6,21,27,9,13,3,22,89,1,13.1,122.1,0.09,22.9,1,60,0.6,11.4,63.3,22.9,6.3,16.7,"2023-2024"
"ZAL","FEN","15_9","Regular Season","Scottie  Wilbekin",27,17,0,1,0,5,7,71.4,2,2,100,0,1,1,3,2,3,0,0,2,2,17,"H","W",80,36,23,17,18,10,14,18,6,21,27,9,13,3,22,89,80,36,23,17,18,10,14,18,6,21,27,9,13,3,22,89,1.7,11.4,149.1,0.12,26.3,1,93.8,0.25,14,95.7,26.32,4.4,0,"2023-2024"
"ZAL","FEN","15_9","Regular Season","Nigel  Hayes-Davis",32,6,2,5,40,0,2,0,2,3,66.7,1,3,4,1,1,2,2,0,1,4,9,"H","W",80,36,23,17,18,10,14,18,6,21,27,9,13,3,22,89,80,36,23,17,18,10,14,18,6,21,27,9,13,3,22,89,0.6,8.9,67.4,0.03,11.2,0.5,28.6,0.43,3.8,36.1,22.47,3.2,8.3,"2023-2024"
"ZAL","FEN","15_9","Regular Season","Dyshawn  Pierre",23,7,3,6,50,0,4,0,1,1,100,1,7,8,0,3,0,0,0,4,1,8,"H","W",80,36,23,17,18,10,14,18,6,21,27,9,13,3,22,89,80,36,23,17,18,10,14,18,6,21,27,9,13,3,22,89,0.64,9.1,76.9,0.05,0,NA,30,0.1,5.4,33.5,0,4.6,8.3,"2023-2024"
"ZAL","FEN","15_9","Regular Season","Nick  Calathes",20,5,1,2,50,1,3,33.3,0,0,NA,0,3,3,6,0,1,0,0,2,2,10,"H","W",80,36,23,17,18,10,14,18,6,21,27,9,13,3,22,89,80,36,23,17,18,10,14,18,6,21,27,9,13,3,22,89,1,5.8,86.2,0.06,103.4,6,50,0,5.6,50,17.24,3,0,"2023-2024"
"ZAL","FEN","15_9","Regular Season","Sertac  Sanli",8,3,0,0,NA,1,2,50,0,0,NA,0,0,0,0,0,2,0,0,5,0,-5,"H","W",80,36,23,17,18,10,14,18,6,21,27,9,13,3,22,89,80,36,23,17,18,10,14,18,6,21,27,9,13,3,22,89,1.5,3.8,78.9,-0.04,0,0,75,0,-2,75,52.63,5,0,"2023-2024"
"ZAL","FEN","15_9","Regular Season","Georgios  Papagiannis",4,0,0,1,0,0,0,NA,0,0,NA,0,0,0,0,0,0,0,0,1,0,-2,"H","W",80,36,23,17,18,10,14,18,6,21,27,9,13,3,22,89,80,36,23,17,18,10,14,18,6,21,27,9,13,3,22,89,0,1,0,-0.02,0,NA,0,0,-1.1,0,0,2.5,0,"2023-2024"
"ZAL","FEN","15_9","Regular Season","Tarik  Biberovic",4,0,0,0,NA,0,1,0,0,0,NA,0,1,1,0,0,0,0,0,0,0,0,"H","W",80,36,23,17,18,10,14,18,6,21,27,9,13,3,22,89,80,36,23,17,18,10,14,18,6,21,27,9,13,3,22,89,0,1,0,0,0,NA,0,0,-0.4,0,0,2.5,0,"2023-2024"
"ZAL","FEN","15_9","Regular Season","Marko  Guduric",23,7,2,4,50,1,1,100,0,0,NA,1,1,2,2,1,0,0,0,2,1,9,"H","W",80,36,23,17,18,10,14,18,6,21,27,9,13,3,22,89,80,36,23,17,18,10,14,18,6,21,27,9,13,3,22,89,1.4,3.8,184.2,0.06,52.6,Inf,70,0,7.3,70,0,2.2,8.3,"2023-2024"
"ZAL","FEN","15_9","Regular Season","Tyler  Dorsey",23,19,4,5,80,2,3,66.7,5,5,100,1,1,2,2,1,2,0,0,1,5,24,"H","W",80,36,23,17,18,10,14,18,6,21,27,9,13,3,22,89,80,36,23,17,18,10,14,18,6,21,27,9,13,3,22,89,1.46,10.8,175.9,0.15,18.5,1,87.5,0.62,16.8,93.1,18.52,5.3,8.3,"2023-2024"
"ZAL","FEN","15_9","Regular Season","Yam  Madar",5,0,0,1,0,0,0,NA,0,0,NA,0,0,0,1,0,0,0,0,0,2,2,"H","W",80,36,23,17,18,10,14,18,6,21,27,9,13,3,22,89,80,36,23,17,18,10,14,18,6,21,27,9,13,3,22,89,0,1,0,0,100,Inf,0,0,0,0,0,2,0,"2023-2024"
"ZAL","FEN","15_9","Regular Season","Nathan  Sestina",4,0,0,1,0,0,0,NA,0,0,NA,0,1,1,0,0,0,1,0,0,0,1,"H","W",80,36,23,17,18,10,14,18,6,21,27,9,13,3,22,89,80,36,23,17,18,10,14,18,6,21,27,9,13,3,22,89,0,1,0,0,0,NA,0,0,0.3,0,0,2.5,0,"2023-2024"
"CRV","MAC","16_1","Regular Season","Lorenzo  Brown",30,20,4,9,44.4,4,5,80,0,1,0,1,2,3,6,1,3,0,1,3,1,17,"H","L",92,30,27,27,15,13,23,19,9,22,31,6,17,3,20,102,92,30,27,27,15,13,23,19,9,22,31,6,17,3,20,102,1.33,15.8,126.6,0.11,38,2,71.4,0.07,15.3,69.3,18.99,5.4,5.6,"2023-2024"
"CRV","MAC","16_1","Regular Season","Wade  Baldwin IV",28,22,1,3,33.3,4,5,80,8,9,88.9,1,2,3,4,2,5,0,0,2,10,30,"H","L",92,30,27,27,15,13,23,19,9,22,31,6,17,3,20,102,92,30,27,27,15,13,23,19,9,22,31,6,17,3,20,102,1.29,15.3,143.8,0.13,26.1,0.8,87.5,1.12,18.3,92,32.68,5.6,5.6,"2023-2024"
"CRV","MAC","16_1","Regular Season","Jake  Cohen",9,0,0,0,NA,0,1,0,0,0,NA,1,0,1,1,0,0,0,0,1,0,0,"H","L",92,30,27,27,15,13,23,19,9,22,31,6,17,3,20,102,92,30,27,27,15,13,23,19,9,22,31,6,17,3,20,102,0,0,NA,0,Inf,Inf,0,0,0.3,0,NA,1,5.6,"2023-2024"
"CRV","MAC","16_1","Regular Season","Josh  Nebo",25,18,5,7,71.4,0,0,NA,8,9,88.9,3,3,6,0,2,2,0,0,1,5,25,"H","L",92,30,27,27,15,13,23,19,9,22,31,6,17,3,20,102,92,30,27,27,15,13,23,19,9,22,31,6,17,3,20,102,1.12,9.6,187.5,0.12,0,0,71.4,1.29,17.3,82.1,20.83,4.8,16.7,"2023-2024"
"CRV","MAC","16_1","Regular Season","Bonzie  Colson",25,4,0,4,0,1,4,25,1,2,50,0,3,3,1,1,0,0,0,2,1,0,"H","L",92,30,27,27,15,13,23,19,9,22,31,6,17,3,20,102,92,30,27,27,15,13,23,19,9,22,31,6,17,3,20,102,0.4,8.5,47.1,-0.01,11.8,Inf,18.8,0.25,0.2,22.5,0,3.3,0,"2023-2024"
"CRV","MAC","16_1","Regular Season","Antonius  Cleveland",12,5,0,0,NA,1,3,33.3,2,2,100,0,0,0,0,0,1,1,0,2,1,2,"H","L",92,30,27,27,15,13,23,19,9,22,31,6,17,3,20,102,92,30,27,27,15,13,23,19,9,22,31,6,17,3,20,102,1,4.7,106.4,0,0,0,50,0.67,2.2,64.4,21.28,3.8,0,"2023-2024"
"CRV","MAC","16_1","Regular Season","James  Webb III",14,0,0,0,NA,0,2,0,0,0,NA,0,2,2,0,0,0,0,0,3,0,-3,"H","L",92,30,27,27,15,13,23,19,9,22,31,6,17,3,20,102,92,30,27,27,15,13,23,19,9,22,31,6,17,3,20,102,0,1.9,0,-0.02,0,NA,0,0,-2,0,0,1.3,0,"2023-2024"
"CRV","MAC","16_1","Regular Season","Rafael  Menco",6,2,1,1,100,0,2,0,0,0,NA,0,0,0,1,0,0,0,0,1,0,0,"H","L",92,30,27,27,15,13,23,19,9,22,31,6,17,3,20,102,92,30,27,27,15,13,23,19,9,22,31,6,17,3,20,102,0.67,2.9,69,0,34.5,Inf,33.3,0,0.6,33.3,0,4.7,0,"2023-2024"
"CRV","MAC","16_1","Regular Season","Roman  Sorkin",13,2,0,2,0,0,0,NA,2,2,100,0,4,4,1,0,1,2,0,2,1,5,"H","L",92,30,27,27,15,13,23,19,9,22,31,6,17,3,20,102,92,30,27,27,15,13,23,19,9,22,31,6,17,3,20,102,0.5,3.7,54.1,0.02,27,1,0,1,2.1,34.7,27.03,2.8,0,"2023-2024"
"CRV","MAC","16_1","Regular Season","Jasiel  Rivero",12,8,3,3,100,0,0,NA,2,2,100,2,2,4,1,0,2,0,0,2,2,11,"H","L",92,30,27,27,15,13,23,19,9,22,31,6,17,3,20,102,92,30,27,27,15,13,23,19,9,22,31,6,17,3,20,102,1.6,3.7,216.2,0.05,27,0.5,100,0.67,7,103.1,54.05,4.6,11.1,"2023-2024"
"CRV","MAC","16_1","Regular Season","Tamir  Blatt",25,11,1,1,100,3,5,60,0,0,NA,1,4,5,4,0,3,0,0,1,1,15,"H","L",92,30,27,27,15,13,23,19,9,22,31,6,17,3,20,102,92,30,27,27,15,13,23,19,9,22,31,6,17,3,20,102,1.83,7.7,142.9,0.09,51.9,1.3,91.7,0,9.7,91.7,38.96,3.4,5.6,"2023-2024"
"MAC","CRV","16_1","Regular Season","Luka  Mitrovic",16,3,1,5,20,0,0,NA,1,4,25,2,5,7,2,0,0,0,0,2,2,5,"A","W",98,38,33,14,21,15,11,24,11,18,29,8,12,1,23,103,98,38,33,14,21,15,11,24,11,18,29,8,12,1,23,103,0.33,4.6,65.2,0.01,43.5,Inf,20,0.8,2.2,22.2,0,3.8,9.1,"2023-2024"
"MAC","CRV","16_1","Regular Season","Branko  Lazic",15,4,2,2,100,0,1,0,0,0,NA,0,0,0,0,2,0,0,0,5,2,2,"A","W",98,38,33,14,21,15,11,24,11,18,29,8,12,1,23,103,98,38,33,14,21,15,11,24,11,18,29,8,12,1,23,103,1.33,2.9,137.9,0,0,NA,66.7,0,2.7,66.7,0,1.8,0,"2023-2024"
"MAC","CRV","16_1","Regular Season","Joel  Bolomboy",27,20,6,7,85.7,2,3,66.7,2,2,100,1,5,6,2,1,1,0,0,3,1,24,"A","W",98,38,33,14,21,15,11,24,11,18,29,8,12,1,23,103,98,38,33,14,21,15,11,24,11,18,29,8,12,1,23,103,1.67,10.4,192.3,0.14,19.2,2,90,0.2,18.6,91.9,9.62,3.9,4.5,"2023-2024"
"MAC","CRV","16_1","Regular Season","Rokas  Giedraitis",32,16,4,7,57.1,2,6,33.3,2,2,100,2,1,3,1,1,1,0,1,1,4,15,"A","W",98,38,33,14,21,15,11,24,11,18,29,8,12,1,23,103,98,38,33,14,21,15,11,24,11,18,29,8,12,1,23,103,1.07,12.4,129,0.07,8.1,1,53.8,0.15,11.3,57.6,8.06,4.2,9.1,"2023-2024"
"MAC","CRV","16_1","Regular Season","Yago Mateus dos Santos",7,0,0,2,0,0,1,0,0,0,NA,1,0,1,0,0,2,0,0,0,0,-4,"A","W",98,38,33,14,21,15,11,24,11,18,29,8,12,1,23,103,98,38,33,14,21,15,11,24,11,18,29,8,12,1,23,103,0,3.8,0,-0.03,0,0,0,0,-3.4,0,52.63,6.4,4.5,"2023-2024"
"MAC","CRV","16_1","Regular Season","Milos  Teodosic",29,27,2,3,66.7,6,9,66.7,5,5,100,1,1,2,14,2,3,0,0,4,6,40,"A","W",98,38,33,14,21,15,11,24,11,18,29,8,12,1,23,103,98,38,33,14,21,15,11,24,11,18,29,8,12,1,23,103,1.59,15.6,173.1,0.21,89.7,4.7,91.7,0.42,30,95.1,19.23,5.3,4.5,"2023-2024"
"MAC","CRV","16_1","Regular Season","Adam  Hanga",21,6,0,1,0,2,6,33.3,0,0,NA,1,2,3,3,1,2,0,0,4,1,3,"A","W",98,38,33,14,21,15,11,24,11,18,29,8,12,1,23,103,98,38,33,14,21,15,11,24,11,18,29,8,12,1,23,103,0.86,7.7,77.9,0.01,39,1.5,42.9,0,2.7,42.9,25.97,3.8,4.5,"2023-2024"
"MAC","CRV","16_1","Regular Season","Dejan  Davidovac",16,5,2,2,100,0,1,0,1,1,100,2,3,5,0,0,1,1,0,1,1,9,"A","W",98,38,33,14,21,15,11,24,11,18,29,8,12,1,23,103,98,38,33,14,21,15,11,24,11,18,29,8,12,1,23,103,1.25,2.3,217.4,0.04,0,0,66.7,0.33,5.3,72.7,43.48,2.5,9.1,"2023-2024"
"MAC","CRV","16_1","Regular Season","Marko  Simonovic",11,2,1,1,100,0,0,NA,0,0,NA,0,1,1,0,0,0,0,0,1,1,3,"A","W",98,38,33,14,21,15,11,24,11,18,29,8,12,1,23,103,98,38,33,14,21,15,11,24,11,18,29,8,12,1,23,103,2,1,200,0.01,0,NA,100,0,1.6,100,0,0.8,0,"2023-2024"
"MAC","CRV","16_1","Regular Season","Mike  Tobey",13,12,3,4,75,2,5,40,0,0,NA,1,0,1,1,0,1,0,0,0,1,10,"A","W",98,38,33,14,21,15,11,24,11,18,29,8,12,1,23,103,98,38,33,14,21,15,11,24,11,18,29,8,12,1,23,103,1.33,8.6,139.5,0.05,11.6,1,66.7,0,8.1,66.7,11.63,6.9,4.5,"2023-2024"
"MAC","CRV","16_1","Regular Season","Nemanja  Nedovic",13,3,0,4,0,1,1,100,0,0,NA,0,0,0,1,1,1,0,2,2,0,-4,"A","W",98,38,33,14,21,15,11,24,11,18,29,8,12,1,23,103,98,38,33,14,21,15,11,24,11,18,29,8,12,1,23,103,0.6,5.8,51.7,-0.01,17.2,1,30,0,-0.2,30,17.24,4.1,0,"2023-2024"
"PAR","RMB","16_2","Regular Season","Fabien  Causeur",23,9,0,1,0,2,4,50,3,4,75,0,0,0,3,0,1,0,0,2,2,7,"H","W",91,32,33,15,24,11,10,25,6,21,27,10,10,2,14,114,91,32,33,15,24,11,10,25,6,21,27,10,10,2,14,114,1,7.4,121.6,0.03,40.5,3,60,0.8,6.2,66.6,13.51,3.3,0,"2023-2024"
"PAR","RMB","16_2","Regular Season","Facundo  Campazzo",20,10,1,3,33.3,2,5,40,2,2,100,0,1,1,4,3,2,0,0,1,4,14,"H","W",91,32,33,15,24,11,10,25,6,21,27,10,10,2,14,114,91,32,33,15,24,11,10,25,6,21,27,10,10,2,14,114,1,10.4,96.2,0.05,38.5,2,50,0.25,9.3,56.3,19.23,5.3,0,"2023-2024"
"PAR","RMB","16_2","Regular Season","Walter  Tavares",19,6,3,5,60,0,0,NA,0,2,0,2,6,8,1,0,0,1,0,1,1,12,"H","W",91,32,33,15,24,11,10,25,6,21,27,10,10,2,14,114,91,32,33,15,24,11,10,25,6,21,27,10,10,2,14,114,0.86,3.7,162.2,0.05,27,Inf,60,0.4,7.1,51,0,3,16.7,"2023-2024"
"PAR","RMB","16_2","Regular Season","Eli  Ndiaye",25,7,2,2,100,1,4,25,0,1,0,2,3,5,3,0,0,0,0,1,3,13,"H","W",91,32,33,15,24,11,10,25,6,21,27,10,10,2,14,114,91,32,33,15,24,11,10,25,6,21,27,10,10,2,14,114,1,4.3,162.8,0.05,69.8,Inf,58.3,0.17,7.6,54.3,0,2.5,16.7,"2023-2024"
"PAR","RMB","16_2","Regular Season","Dzanan  Musa",19,23,8,9,88.9,2,2,100,1,2,50,1,3,4,2,1,2,0,0,1,2,27,"H","W",91,32,33,15,24,11,10,25,6,21,27,10,10,2,14,114,91,32,33,15,24,11,10,25,6,21,27,10,10,2,14,114,1.77,12.4,185.5,0.13,16.1,1,100,0.18,20.5,96.8,16.13,7.2,8.3,"2023-2024"
"PAR","RMB","16_2","Regular Season","Rudy  Fernandez",21,5,0,0,NA,1,5,20,2,2,100,0,2,2,3,2,2,0,0,2,0,4,"H","W",91,32,33,15,24,11,10,25,6,21,27,10,10,2,14,114,91,32,33,15,24,11,10,25,6,21,27,10,10,2,14,114,0.71,7.6,65.8,0.02,39.5,1.5,30,0.4,3.8,42.5,26.32,3.7,0,"2023-2024"
"PAR","RMB","16_2","Regular Season","Mario  Hezonja",17,14,4,5,80,2,6,33.3,0,0,NA,1,2,3,0,1,0,0,0,0,2,15,"H","W",91,32,33,15,24,11,10,25,6,21,27,10,10,2,14,114,91,32,33,15,24,11,10,25,6,21,27,10,10,2,14,114,1.27,9.6,145.8,0.07,0,NA,63.6,0,11,63.6,0,6.3,8.3,"2023-2024"
"PAR","RMB","16_2","Regular Season","Carlos  Alocen",0,0,0,0,NA,0,0,NA,0,0,NA,0,0,0,0,0,0,0,0,0,0,0,"H","W",91,32,33,15,24,11,10,25,6,21,27,10,10,2,14,114,91,32,33,15,24,11,10,25,6,21,27,10,10,2,14,114,NA,0,NA,0,NA,NA,NA,NA,0,NA,NA,NA,0,"2023-2024"
"PAR","RMB","16_2","Regular Season","Sergio  Rodriguez",23,0,0,0,NA,0,3,0,0,0,NA,0,2,2,9,2,2,0,0,3,2,7,"H","W",91,32,33,15,24,11,10,25,6,21,27,10,10,2,14,114,91,32,33,15,24,11,10,25,6,21,27,10,10,2,14,114,0,4.8,0,0.03,187.5,4.5,0,0,3.6,0,41.67,2.1,0,"2023-2024"
"PAR","RMB","16_2","Regular Season","Vincent  Poirier",18,14,6,7,85.7,0,0,NA,2,2,100,0,1,1,0,1,0,1,0,1,2,17,"H","W",91,32,33,15,24,11,10,25,6,21,27,10,10,2,14,114,91,32,33,15,24,11,10,25,6,21,27,10,10,2,14,114,1.56,7.6,184.2,0.08,0,NA,85.7,0.29,13.1,88.8,0,4.3,0,"2023-2024"
"PAR","RMB","16_2","Regular Season","Sergio  Llull",13,3,0,0,NA,1,4,25,0,0,NA,0,1,1,0,0,1,0,0,2,0,-2,"H","W",91,32,33,15,24,11,10,25,6,21,27,10,10,2,14,114,91,32,33,15,24,11,10,25,6,21,27,10,10,2,14,114,0.75,4.8,62.5,-0.01,0,0,37.5,0,-0.9,37.5,20.83,3.8,0,"2023-2024"
"RMB","PAR","16_2","Regular Season","Zach  LeDay",20,7,2,4,50,1,2,50,0,0,NA,0,2,2,0,0,3,0,1,1,3,4,"A","L",75,41,23,5,23,8,5,16,8,24,32,6,14,0,20,74,75,41,23,5,23,8,5,16,8,24,32,6,14,0,20,74,1.17,8.6,81.4,0.02,0,0,58.3,0,1.2,58.3,34.88,4.5,0,"2023-2024"
"RMB","PAR","16_2","Regular Season","Kevin  Punter",23,4,2,5,40,0,2,0,0,0,NA,0,2,2,3,2,0,0,0,2,2,6,"A","L",75,41,23,5,23,8,5,16,8,24,32,6,14,0,20,74,75,41,23,5,23,8,5,16,8,24,32,6,14,0,20,74,0.57,6.7,59.7,0.03,44.8,Inf,28.6,0,3.8,28.6,0,3,0,"2023-2024"
"RMB","PAR","16_2","Regular Season","Danilo  Andjusic",10,0,0,2,0,0,0,NA,0,0,NA,0,1,1,0,0,0,0,0,0,0,-1,"A","L",75,41,23,5,23,8,5,16,8,24,32,6,14,0,20,74,75,41,23,5,23,8,5,16,8,24,32,6,14,0,20,74,0,1.9,0,-0.01,0,NA,0,0,-1.1,0,0,2,0,"2023-2024"
"RMB","PAR","16_2","Regular Season","P.J.  Dozier",13,2,1,5,20,0,2,0,0,0,NA,0,3,3,1,0,1,0,0,1,0,-2,"A","L",75,41,23,5,23,8,5,16,8,24,32,6,14,0,20,74,75,41,23,5,23,8,5,16,8,24,32,6,14,0,20,74,0.29,7.7,26,-0.02,13,1,14.3,0,-2.3,14.3,12.99,6.1,0,"2023-2024"
"RMB","PAR","16_2","Regular Season","Bruno  Caboclo",23,18,3,4,75,4,7,57.1,0,0,NA,1,2,3,0,0,1,0,0,4,1,13,"A","L",75,41,23,5,23,8,5,16,8,24,32,6,14,0,20,74,75,41,23,5,23,8,5,16,8,24,32,6,14,0,20,74,1.64,10.6,169.8,0.1,0,0,81.8,0,11.8,81.8,9.43,5.2,6.2,"2023-2024"
"RMB","PAR","16_2","Regular Season","Tristan  Vukcevic",12,12,2,4,50,2,3,66.7,2,2,100,1,3,4,1,0,2,0,0,4,1,9,"A","L",75,41,23,5,23,8,5,16,8,24,32,6,14,0,20,74,75,41,23,5,23,8,5,16,8,24,32,6,14,0,20,74,1.33,8.5,141.2,0.06,11.8,0.5,71.4,0.29,7.4,76.1,23.53,8.2,6.2,"2023-2024"
"RMB","PAR","16_2","Regular Season","Balsa  Koprivica",8,11,4,4,100,0,0,NA,3,3,100,2,0,2,0,1,1,0,0,0,2,15,"A","L",75,41,23,5,23,8,5,16,8,24,32,6,14,0,20,74,75,41,23,5,23,8,5,16,8,24,32,6,14,0,20,74,1.57,4.1,268.3,0.1,0,0,100,0.75,11.2,103.4,24.39,7.9,12.5,"2023-2024"
"RMB","PAR","16_2","Regular Season","Alen  Smailagic",23,7,2,3,66.7,1,1,100,0,0,NA,4,1,5,3,0,3,0,0,1,0,10,"A","L",75,41,23,5,23,8,5,16,8,24,32,6,14,0,20,74,75,41,23,5,23,8,5,16,8,24,32,6,14,0,20,74,1.75,2.9,241.4,0.07,103.4,1,87.5,0,7.2,87.5,103.45,3,25,"2023-2024"
"RMB","PAR","16_2","Regular Season","Ognjen  Jaramaz",17,2,1,2,50,0,2,0,0,0,NA,0,0,0,2,1,1,0,0,2,1,0,"A","L",75,41,23,5,23,8,5,16,8,24,32,6,14,0,20,74,75,41,23,5,23,8,5,16,8,24,32,6,14,0,20,74,0.5,4.8,41.7,-0.01,41.7,2,25,0,0.2,25,20.83,2.9,0,"2023-2024"
"RMB","PAR","16_2","Regular Season","James  Nunnally",23,8,4,5,80,0,2,0,0,0,NA,0,3,3,4,1,2,0,1,0,3,13,"A","L",75,41,23,5,23,8,5,16,8,24,32,6,14,0,20,74,75,41,23,5,23,8,5,16,8,24,32,6,14,0,20,74,1.14,8.6,93,0.09,46.5,2,57.1,0,7.4,57.1,23.26,3.9,0,"2023-2024"
"RMB","PAR","16_2","Regular Season","Mateusz  Ponitka",26,4,2,3,66.7,0,1,0,0,0,NA,0,7,7,2,1,0,0,0,4,1,9,"A","L",75,41,23,5,23,8,5,16,8,24,32,6,14,0,20,74,75,41,23,5,23,8,5,16,8,24,32,6,14,0,20,74,1,3.8,105.3,0.07,52.6,Inf,50,0,4.9,50,0,1.5,0,"2023-2024"
"RMB","PAR","16_2","Regular Season","Frank  Kaminsky",1,0,0,0,NA,0,1,0,0,0,NA,0,0,0,0,0,0,0,0,1,0,-2,"A","L",75,41,23,5,23,8,5,16,8,24,32,6,14,0,20,74,75,41,23,5,23,8,5,16,8,24,32,6,14,0,20,74,0,1,0,-0.02,0,NA,0,0,-1.1,0,0,10,0,"2023-2024"
"BOL","VAL","16_3","Regular Season","Josep  Puerto",14,3,0,1,0,1,1,100,0,0,NA,0,2,2,1,0,3,0,0,1,0,1,"H","W",79,33,14,20,22,6,17,10,7,22,29,6,20,1,17,87,79,33,14,20,22,6,17,10,7,22,29,6,20,1,17,87,1.5,4.8,62.5,0.01,20.8,0.3,75,0,-0.1,75,62.5,3.8,0,"2023-2024"
"BOL","VAL","16_3","Regular Season","Chris  Jones",27,17,5,7,71.4,1,3,33.3,4,4,100,0,2,2,2,1,4,0,0,0,5,19,"H","W",79,33,14,20,22,6,17,10,7,22,29,6,20,1,17,87,79,33,14,20,22,6,17,10,7,22,29,6,20,1,17,87,1.21,15.1,112.6,0.11,13.2,0.5,65,0.4,11.4,72.3,26.49,6.2,0,"2023-2024"
"BOL","VAL","16_3","Regular Season","Damien  Inglis",18,4,1,2,50,0,0,NA,2,2,100,0,5,5,0,1,3,0,0,4,2,4,"H","W",79,33,14,20,22,6,17,10,7,22,29,6,20,1,17,87,79,33,14,20,22,6,17,10,7,22,29,6,20,1,17,87,1,5.6,71.4,0.02,0,0,50,1,0.9,69.4,53.57,3.4,0,"2023-2024"
"BOL","VAL","16_3","Regular Season","Kassius  Robertson",26,12,1,1,100,3,6,50,1,2,50,0,1,1,1,2,1,0,0,1,1,11,"H","W",79,33,14,20,22,6,17,10,7,22,29,6,20,1,17,87,79,33,14,20,22,6,17,10,7,22,29,6,20,1,17,87,1.33,8.5,141.2,0.08,11.8,1,78.6,0.29,9.9,76.1,11.76,3.6,0,"2023-2024"
"BOL","VAL","16_3","Regular Season","Brandon  Davies",21,12,5,8,62.5,0,1,0,2,2,100,2,3,5,0,0,3,1,0,4,3,10,"H","W",79,33,14,20,22,6,17,10,7,22,29,6,20,1,17,87,79,33,14,20,22,6,17,10,7,22,29,6,20,1,17,87,1.09,10.4,115.4,0.04,0,0,55.6,0.22,6.1,60.7,28.85,6.5,14.3,"2023-2024"
"BOL","VAL","16_3","Regular Season","Nate  Reuvers",6,0,0,1,0,0,0,NA,0,0,NA,0,0,0,0,0,0,0,0,0,0,-1,"H","W",79,33,14,20,22,6,17,10,7,22,29,6,20,1,17,87,79,33,14,20,22,6,17,10,7,22,29,6,20,1,17,87,0,1,0,-0.01,0,NA,0,0,-0.7,0,0,1.8,0,"2023-2024"
"BOL","VAL","16_3","Regular Season","Jaime  Pradilla",16,4,1,2,50,0,0,NA,2,2,100,2,1,3,1,1,0,0,0,3,2,7,"H","W",79,33,14,20,22,6,17,10,7,22,29,6,20,1,17,87,79,33,14,20,22,6,17,10,7,22,29,6,20,1,17,87,1,0.8,500,0.03,125,Inf,50,1,5.2,69.4,0,1.9,14.3,"2023-2024"
"BOL","VAL","16_3","Regular Season","Xabi  Lopez-Arostegui",22,9,2,3,66.7,1,2,50,2,2,100,1,4,5,1,0,2,0,0,0,4,15,"H","W",79,33,14,20,22,6,17,10,7,22,29,6,20,1,17,87,79,33,14,20,22,6,17,10,7,22,29,6,20,1,17,87,1.29,6.6,136.4,0.08,15.2,0.5,70,0.4,7.3,76.5,30.3,3.8,7.1,"2023-2024"
"BOL","VAL","16_3","Regular Season","Stefan  Jovic",21,9,4,5,80,0,0,NA,1,2,50,1,0,1,3,1,0,0,0,1,1,12,"H","W",79,33,14,20,22,6,17,10,7,22,29,6,20,1,17,87,79,33,14,20,22,6,17,10,7,22,29,6,20,1,17,87,1.29,4.7,191.5,0.08,63.8,Inf,80,0.4,10.1,76.5,0,3,7.1,"2023-2024"
"BOL","VAL","16_3","Regular Season","Boubacar  Toure",18,5,2,2,100,0,0,NA,1,2,50,1,4,5,0,0,2,0,0,1,2,8,"H","W",79,33,14,20,22,6,17,10,7,22,29,6,20,1,17,87,79,33,14,20,22,6,17,10,7,22,29,6,20,1,17,87,1.25,3.7,135.1,0.04,0,0,100,1,3.5,86.8,54.05,2.9,7.1,"2023-2024"
"BOL","VAL","16_3","Regular Season","Martin  Hermannsson",9,4,1,1,100,0,1,0,2,2,100,0,0,0,1,0,2,0,0,2,1,1,"H","W",79,33,14,20,22,6,17,10,7,22,29,6,20,1,17,87,79,33,14,20,22,6,17,10,7,22,29,6,20,1,17,87,1,4.7,85.1,0,21.3,0.5,50,1,0.9,69.4,42.55,5.7,0,"2023-2024"
"VAL","BOL","16_3","Regular Season","Isaia  Cordinier",25,7,2,3,66.7,1,3,33.3,0,0,NA,2,2,4,1,3,3,0,0,3,1,7,"A","L",71,26,24,18,16,9,12,21,6,14,20,16,18,0,21,74,71,26,24,18,16,9,12,21,6,14,20,16,18,0,21,74,1.17,6.7,104.5,0.05,14.9,0.3,58.3,0,5.5,58.3,44.78,3.8,16.7,"2023-2024"
"VAL","BOL","16_3","Regular Season","Marco  Belinelli",22,11,2,6,33.3,2,6,33.3,1,1,100,0,0,0,1,2,1,0,0,3,0,2,"A","L",71,26,24,18,16,9,12,21,6,14,20,16,18,0,21,74,71,26,24,18,16,9,12,21,6,14,20,16,18,0,21,74,0.85,12.9,85.3,0.02,7.8,1,41.7,0.08,4.7,44.2,7.75,6.4,0,"2023-2024"
"VAL","BOL","16_3","Regular Season","Tornike  Shengelia",32,15,4,8,50,1,4,25,4,6,66.7,1,7,8,6,4,7,0,1,3,6,19,"A","L",71,26,24,18,16,9,12,21,6,14,20,16,18,0,21,74,71,26,24,18,16,9,12,21,6,14,20,16,18,0,21,74,0.83,19.8,75.8,0.12,30.3,0.9,45.8,0.5,10.6,51.2,35.35,7.1,8.3,"2023-2024"
"VAL","BOL","16_3","Regular Season","Daniel  Hackett",30,7,2,3,66.7,1,3,33.3,0,1,0,0,2,2,6,1,3,0,0,2,2,9,"A","L",71,26,24,18,16,9,12,21,6,14,20,16,18,0,21,74,71,26,24,18,16,9,12,21,6,14,20,16,18,0,21,74,1,9.1,76.9,0.06,65.9,2,58.3,0.17,5.6,54.3,32.97,3.3,0,"2023-2024"
"VAL","BOL","16_3","Regular Season","Bryant  Dunston",21,5,2,2,100,0,0,NA,1,4,25,3,0,3,1,1,0,0,0,1,3,9,"A","L",71,26,24,18,16,9,12,21,6,14,20,16,18,0,21,74,71,26,24,18,16,9,12,21,6,14,20,16,18,0,21,74,0.83,0.7,714.3,0.04,142.9,Inf,100,2,6.6,66.5,0,1.9,25,"2023-2024"
"VAL","BOL","16_3","Regular Season","Gabriel  Lundberg",20,13,1,1,100,3,4,75,2,2,100,0,1,1,2,0,3,0,0,2,2,12,"A","L",71,26,24,18,16,9,12,21,6,14,20,16,18,0,21,74,71,26,24,18,16,9,12,21,6,14,20,16,18,0,21,74,1.86,8.5,152.9,0.09,23.5,0.7,110,0.4,9,110.5,35.29,4.7,0,"2023-2024"
"VAL","BOL","16_3","Regular Season","Alessandro  Pajola",8,3,0,0,NA,1,1,100,0,0,NA,0,0,0,2,2,1,0,0,3,1,4,"A","L",71,26,24,18,16,9,12,21,6,14,20,16,18,0,21,74,71,26,24,18,16,9,12,21,6,14,20,16,18,0,21,74,3,1.9,157.9,0.03,105.3,2,150,0,3.9,150,52.63,2.6,0,"2023-2024"
"VAL","BOL","16_3","Regular Season","Ognjen  Dobric",14,2,1,1,100,0,1,0,0,0,NA,0,0,0,0,0,0,0,0,1,0,0,"A","L",71,26,24,18,16,9,12,21,6,14,20,16,18,0,21,74,71,26,24,18,16,9,12,21,6,14,20,16,18,0,21,74,1,1.9,105.3,0,0,NA,50,0,0.6,50,0,1.5,0,"2023-2024"
"VAL","BOL","16_3","Regular Season","Devontae  Cacok",18,8,2,2,100,0,0,NA,4,4,100,0,2,2,1,3,0,0,0,3,2,13,"A","L",71,26,24,18,16,9,12,21,6,14,20,16,18,0,21,74,71,26,24,18,16,9,12,21,6,14,20,16,18,0,21,74,1.33,3.6,222.2,0.1,27.8,Inf,100,2,10.5,106.4,0,2.2,0,"2023-2024"
"VAL","BOL","16_3","Regular Season","Achille  Polonara",8,0,0,0,NA,0,2,0,0,0,NA,0,0,0,1,0,0,0,0,0,0,-1,"A","L",71,26,24,18,16,9,12,21,6,14,20,16,18,0,21,74,71,26,24,18,16,9,12,21,6,14,20,16,18,0,21,74,0,1.9,0,-0.01,52.6,Inf,0,0,-0.7,0,0,2.6,0,"2023-2024"
"BER","FEN","16_4","Regular Season","Johnathan  Motley",21,14,7,10,70,0,0,NA,0,0,NA,3,3,6,1,0,2,0,0,4,3,15,"A","W",91,36,28,12,22,12,11,25,10,22,32,3,16,3,18,105,91,36,28,12,22,12,11,25,10,22,32,3,16,3,18,105,1.4,8.6,162.8,0.06,11.6,0.5,70,0,9.9,70,23.26,5.4,15,"2023-2024"
"BER","FEN","16_4","Regular Season","Scottie  Wilbekin",26,20,2,3,66.7,5,11,45.5,1,1,100,0,3,3,6,1,2,0,0,2,3,22,"A","W",91,36,28,12,22,12,11,25,10,22,32,3,16,3,18,105,91,36,28,12,22,12,11,25,10,22,32,3,16,3,18,105,1.33,15.8,126.6,0.12,38,3,67.9,0.07,16.3,69.3,12.66,5.9,0,"2023-2024"
"BER","FEN","16_4","Regular Season","Nigel  Hayes-Davis",33,7,2,3,66.7,1,4,25,0,0,NA,1,4,5,0,0,2,0,0,3,4,7,"A","W",91,36,28,12,22,12,11,25,10,22,32,3,16,3,18,105,91,36,28,12,22,12,11,25,10,22,32,3,16,3,18,105,1,7.7,90.9,0.02,0,0,50,0,2,50,25.97,2.6,5,"2023-2024"
"BER","FEN","16_4","Regular Season","Dyshawn  Pierre",32,4,1,3,33.3,0,1,0,2,2,100,2,3,5,1,0,1,0,0,1,1,6,"A","W",91,36,28,12,22,12,11,25,10,22,32,3,16,3,18,105,91,36,28,12,22,12,11,25,10,22,32,3,16,3,18,105,0.67,3.7,108.1,0.02,27,1,25,0.5,3.2,41,27.03,1.7,10,"2023-2024"
"BER","FEN","16_4","Regular Season","Nick  Calathes",30,4,2,6,33.3,0,1,0,0,0,NA,1,4,5,13,2,2,1,1,0,0,17,"A","W",91,36,28,12,22,12,11,25,10,22,32,3,16,3,18,105,91,36,28,12,22,12,11,25,10,22,32,3,16,3,18,105,0.57,7.7,51.9,0.1,168.8,6.5,28.6,0,11.6,28.6,25.97,2.8,5,"2023-2024"
"BER","FEN","16_4","Regular Season","Sertac  Sanli",6,4,2,3,66.7,0,1,0,0,0,NA,1,2,3,0,0,1,0,0,3,0,1,"A","W",91,36,28,12,22,12,11,25,10,22,32,3,16,3,18,105,91,36,28,12,22,12,11,25,10,22,32,3,16,3,18,105,1,3.8,105.3,0,0,0,50,0,1.1,50,26.32,7.8,5,"2023-2024"
"BER","FEN","16_4","Regular Season","Georgios  Papagiannis",13,15,2,3,66.7,3,4,75,2,2,100,1,1,2,0,0,1,1,0,2,1,14,"A","W",91,36,28,12,22,12,11,25,10,22,32,3,16,3,18,105,91,36,28,12,22,12,11,25,10,22,32,3,16,3,18,105,1.67,7.6,197.4,0.07,0,0,92.9,0.29,12,95.2,13.16,6.4,5,"2023-2024"
"BER","FEN","16_4","Regular Season","Tarik  Biberovic",1,0,0,0,NA,0,0,NA,0,0,NA,0,0,0,0,0,0,0,0,0,0,0,"A","W",91,36,28,12,22,12,11,25,10,22,32,3,16,3,18,105,91,36,28,12,22,12,11,25,10,22,32,3,16,3,18,105,NA,0,NA,0,NA,NA,NA,NA,0,NA,NA,0,0,"2023-2024"
"BER","FEN","16_4","Regular Season","Marko  Guduric",8,2,1,1,100,0,2,0,0,0,NA,0,1,1,1,0,2,0,0,1,0,-1,"A","W",91,36,28,12,22,12,11,25,10,22,32,3,16,3,18,105,91,36,28,12,22,12,11,25,10,22,32,3,16,3,18,105,0.67,4.8,41.7,-0.01,20.8,0.5,33.3,0,-1.1,33.3,41.67,5.9,0,"2023-2024"
"BER","FEN","16_4","Regular Season","Tyler  Dorsey",14,12,1,2,50,2,2,100,4,5,80,0,0,0,1,0,1,0,0,0,3,13,"A","W",91,36,28,12,22,12,11,25,10,22,32,3,16,3,18,105,91,36,28,12,22,12,11,25,10,22,32,3,16,3,18,105,1.33,6.9,173.9,0.06,14.5,1,100,1.25,9.7,96.8,14.49,4.8,0,"2023-2024"
"BER","FEN","16_4","Regular Season","Yam  Madar",10,4,2,2,100,0,0,NA,0,0,NA,1,1,2,2,0,2,0,0,0,1,7,"A","W",91,36,28,12,22,12,11,25,10,22,32,3,16,3,18,105,91,36,28,12,22,12,11,25,10,22,32,3,16,3,18,105,2,2.9,137.9,0.03,69,1,100,0,3.8,100,68.97,3.8,5,"2023-2024"
"BER","FEN","16_4","Regular Season","Nathan  Sestina",6,5,0,0,NA,1,2,50,2,2,100,0,0,0,0,0,0,1,0,2,1,4,"A","W",91,36,28,12,22,12,11,25,10,22,32,3,16,3,18,105,91,36,28,12,22,12,11,25,10,22,32,3,16,3,18,105,1.25,2.8,178.6,0.02,0,NA,75,1,3.9,86.8,0,4.5,0,"2023-2024"
"FEN","BER","16_4","Regular Season","Sterling  Brown",27,15,4,8,50,2,4,50,1,2,50,2,3,5,1,2,3,1,0,2,1,13,"H","L",82,48,16,20,24,7,13,15,7,17,24,10,7,1,17,83,82,48,16,20,24,7,13,15,7,17,24,10,7,1,17,83,1.07,13.3,112.8,0.08,7.5,0.3,58.3,0.17,10.5,58.2,22.56,5.9,14.3,"2023-2024"
"FEN","BER","16_4","Regular Season","Matteo  Spagnolo",21,8,4,7,57.1,0,0,NA,0,0,NA,1,2,3,1,0,1,0,0,1,0,7,"H","L",82,48,16,20,24,7,13,15,7,17,24,10,7,1,17,83,82,48,16,20,24,7,13,15,7,17,24,10,7,1,17,83,1.14,6.7,119.4,0.05,14.9,1,57.1,0,5.3,57.1,14.93,3.8,7.1,"2023-2024"
"FEN","BER","16_4","Regular Season","Christ  Koumadje",12,8,3,5,60,0,0,NA,2,5,40,2,3,5,0,1,1,0,0,2,3,9,"H","L",82,48,16,20,24,7,13,15,7,17,24,10,7,1,17,83,82,48,16,20,24,7,13,15,7,17,24,10,7,1,17,83,0.8,6,133.3,0.04,0,0,60,1,6,55.6,16.67,6.9,14.3,"2023-2024"
"FEN","BER","16_4","Regular Season","Johannes  Thiemann",27,8,2,7,28.6,0,0,NA,4,6,66.7,1,3,4,3,2,1,0,2,1,8,14,"H","L",82,48,16,20,24,7,13,15,7,17,24,10,7,1,17,83,82,48,16,20,24,7,13,15,7,17,24,10,7,1,17,83,0.62,9.3,86,0.06,32.3,3,28.6,0.86,7.4,41.5,10.75,4,7.1,"2023-2024"
"FEN","BER","16_4","Regular Season","Justin  Bean",13,0,0,1,0,0,0,NA,0,0,NA,0,1,1,1,0,0,0,0,0,2,3,"H","L",82,48,16,20,24,7,13,15,7,17,24,10,7,1,17,83,82,48,16,20,24,7,13,15,7,17,24,10,7,1,17,83,0,1,0,0.01,100,Inf,0,0,0.3,0,0,0.8,0,"2023-2024"
"FEN","BER","16_4","Regular Season","Gabriele  Procida",18,11,2,4,50,1,3,33.3,4,5,80,0,1,1,1,2,0,0,0,2,2,10,"H","L",82,48,16,20,24,7,13,15,7,17,24,10,7,1,17,83,82,48,16,20,24,7,13,15,7,17,24,10,7,1,17,83,0.92,8.8,125,0.06,11.4,Inf,50,0.71,9.1,59.8,0,5.1,0,"2023-2024"
"FEN","BER","16_4","Regular Season","Yannick  Wetzell",25,12,5,10,50,0,0,NA,2,2,100,0,1,1,1,0,0,0,0,3,2,8,"H","L",82,48,16,20,24,7,13,15,7,17,24,10,7,1,17,83,82,48,16,20,24,7,13,15,7,17,24,10,7,1,17,83,1,10.4,115.4,0.05,9.6,Inf,50,0.2,6.8,55.1,0,4.4,0,"2023-2024"
"FEN","BER","16_4","Regular Season","Malte  Delow",19,4,2,2,100,0,1,0,0,0,NA,1,3,4,4,3,1,0,0,3,0,10,"H","L",82,48,16,20,24,7,13,15,7,17,24,10,7,1,17,83,82,48,16,20,24,7,13,15,7,17,24,10,7,1,17,83,1.33,2.9,137.9,0.07,137.9,4,66.7,0,7.9,66.7,34.48,2.1,7.1,"2023-2024"
"FEN","BER","16_4","Regular Season","Tim  Schneider",16,3,0,0,NA,1,3,33.3,0,0,NA,0,0,0,2,0,0,0,0,2,0,1,"H","L",82,48,16,20,24,7,13,15,7,17,24,10,7,1,17,83,82,48,16,20,24,7,13,15,7,17,24,10,7,1,17,83,1,2.9,103.4,0.01,69,Inf,50,0,1.9,50,0,1.9,0,"2023-2024"
"FEN","BER","16_4","Regular Season","Matt  Thomas",21,13,2,4,50,3,5,60,0,0,NA,0,0,0,1,0,0,0,1,1,0,8,"H","L",82,48,16,20,24,7,13,15,7,17,24,10,7,1,17,83,82,48,16,20,24,7,13,15,7,17,24,10,7,1,17,83,1.44,8.6,151.2,0.07,11.6,Inf,72.2,0,9,72.2,0,4.3,0,"2023-2024"
"BAS","EFE","16_5","Regular Season","Shane  Larkin",34,23,5,7,71.4,4,11,36.4,1,1,100,2,3,5,5,0,2,0,0,1,4,25,"H","L",80,44,26,12,26,6,10,16,10,23,33,4,8,4,18,88,80,44,26,12,26,6,10,16,10,23,33,4,8,4,18,88,1.21,17.7,129.9,0.16,28.2,2.5,61.1,0.06,17.4,62.4,11.3,5.8,10,"2023-2024"
"BAS","EFE","16_5","Regular Season","Elijah  Bryant",26,8,3,5,60,0,4,0,2,2,100,1,6,7,4,1,1,0,0,0,6,19,"H","L",80,44,26,12,26,6,10,16,10,23,33,4,8,4,18,88,80,44,26,12,26,6,10,16,10,23,33,4,8,4,18,88,0.73,9.5,84.2,0.1,42.1,4,33.3,0.22,8.2,40.5,10.53,4,5,"2023-2024"
"BAS","EFE","16_5","Regular Season","Darius  Thompson",29,8,4,7,57.1,0,2,0,0,0,NA,1,3,4,2,1,0,0,1,1,2,10,"H","L",80,44,26,12,26,6,10,16,10,23,33,4,8,4,18,88,80,44,26,12,26,6,10,16,10,23,33,4,8,4,18,88,0.89,7.7,103.9,0.07,26,Inf,44.4,0,6.9,44.4,0,3,5,"2023-2024"
"BAS","EFE","16_5","Regular Season","Ercan  Osmani",20,8,3,5,60,0,1,0,2,2,100,1,2,3,2,1,0,0,0,2,1,10,"H","L",80,44,26,12,26,6,10,16,10,23,33,4,8,4,18,88,80,44,26,12,26,6,10,16,10,23,33,4,8,4,18,88,1,5.6,142.9,0.07,35.7,Inf,50,0.33,7.9,58.1,0,3.3,5,"2023-2024"
"BAS","EFE","16_5","Regular Season","Daniel  Oturu",26,14,6,8,75,0,0,NA,2,3,66.7,3,4,7,0,0,1,3,0,4,3,19,"H","L",80,44,26,12,26,6,10,16,10,23,33,4,8,4,18,88,80,44,26,12,26,6,10,16,10,23,33,4,8,4,18,88,1.27,7,200,0.1,0,0,75,0.38,13.2,75.1,14.29,3.8,15,"2023-2024"
"BAS","EFE","16_5","Regular Season","Rodrigue  Beaubois",21,5,1,4,25,1,5,20,0,0,NA,1,2,3,2,0,1,0,0,2,0,0,"H","L",80,44,26,12,26,6,10,16,10,23,33,4,8,4,18,88,80,44,26,12,26,6,10,16,10,23,33,4,8,4,18,88,0.56,8.6,58.1,0,23.3,2,27.8,0,0.4,27.8,11.63,4.6,5,"2023-2024"
"BAS","EFE","16_5","Regular Season","Erten  Gazi",8,3,1,1,100,0,1,0,1,2,50,0,0,0,0,0,0,0,0,2,2,1,"H","L",80,44,26,12,26,6,10,16,10,23,33,4,8,4,18,88,80,44,26,12,26,6,10,16,10,23,33,4,8,4,18,88,0.75,2.8,107.1,-0.01,0,NA,50,1,0.8,52.1,0,3.5,0,"2023-2024"
"BAS","EFE","16_5","Regular Season","Justus  Hollatz",6,2,0,0,NA,0,0,NA,2,2,100,0,1,1,0,0,0,0,0,1,1,3,"H","L",80,44,26,12,26,6,10,16,10,23,33,4,8,4,18,88,80,44,26,12,26,6,10,16,10,23,33,4,8,4,18,88,1,0.8,250,0.02,0,NA,NA,Inf,1.9,113.6,0,1.4,0,"2023-2024"
"BAS","EFE","16_5","Regular Season","Mike  Daum",11,3,0,1,0,1,2,50,0,0,NA,0,0,0,0,1,2,0,0,2,0,-2,"H","L",80,44,26,12,26,6,10,16,10,23,33,4,8,4,18,88,80,44,26,12,26,6,10,16,10,23,33,4,8,4,18,88,1,4.8,62.5,-0.02,0,0,50,0,-0.5,50,41.67,4.4,0,"2023-2024"
"BAS","EFE","16_5","Regular Season","Ante  Zizic",4,2,1,2,50,0,0,NA,0,0,NA,0,1,1,0,0,0,0,1,0,0,1,"H","L",80,44,26,12,26,6,10,16,10,23,33,4,8,4,18,88,80,44,26,12,26,6,10,16,10,23,33,4,8,4,18,88,1,1.9,105.3,0.02,0,NA,50,0,1.3,50,0,4.8,0,"2023-2024"
"BAS","EFE","16_5","Regular Season","Tyrique  Jones",13,4,2,4,50,0,0,NA,0,0,NA,1,1,2,1,0,1,1,0,3,0,2,"H","L",80,44,26,12,26,6,10,16,10,23,33,4,8,4,18,88,80,44,26,12,26,6,10,16,10,23,33,4,8,4,18,88,1,3.8,105.3,0.01,26.3,1,50,0,2.2,50,26.32,3.7,5,"2023-2024"
"EFE","BAS","16_5","Regular Season","Sander  Raieste",11,0,0,0,NA,0,1,0,0,0,NA,0,1,1,0,0,1,0,0,3,0,-4,"A","W",87,32,30,18,17,13,14,18,9,25,34,2,10,2,19,91,87,32,30,18,17,13,14,18,9,25,34,2,10,2,19,91,0,1.9,0,-0.03,0,0,0,0,-2.6,0,52.63,1.8,0,"2023-2024"
"EFE","BAS","16_5","Regular Season","Tadas  Sedekerskis",31,11,3,4,75,1,3,33.3,2,2,100,2,4,6,1,1,1,1,1,0,2,17,"A","W",87,32,30,18,17,13,14,18,9,25,34,2,10,2,19,91,87,32,30,18,17,13,14,18,9,25,34,2,10,2,19,91,1.22,6.6,166.7,0.1,15.2,1,64.3,0.29,11.7,69.8,15.15,2.9,11.1,"2023-2024"
"EFE","BAS","16_5","Regular Season","Vanja  Marinkovic",29,14,0,3,0,4,8,50,2,2,100,0,2,2,3,0,0,0,1,2,2,11,"A","W",87,32,30,18,17,13,14,18,9,25,34,2,10,2,19,91,87,32,30,18,17,13,14,18,9,25,34,2,10,2,19,91,1.08,11.4,122.8,0.07,26.3,Inf,54.5,0.18,9.8,58.9,0,4.1,0,"2023-2024"
"EFE","BAS","16_5","Regular Season","Codi  Miller-McIntyre",36,14,3,5,60,1,5,20,5,6,83.3,0,9,9,10,0,2,0,0,1,3,26,"A","W",87,32,30,18,17,13,14,18,9,25,34,2,10,2,19,91,87,32,30,18,17,13,14,18,9,25,34,2,10,2,19,91,0.88,14.1,99.3,0.16,70.9,5,45,0.6,15.5,55.4,14.18,4.1,0,"2023-2024"
"EFE","BAS","16_5","Regular Season","Maik  Kotsar",20,0,0,2,0,0,0,NA,0,2,0,3,2,5,1,0,3,1,0,3,4,1,"A","W",87,32,30,18,17,13,14,18,9,25,34,2,10,2,19,91,87,32,30,18,17,13,14,18,9,25,34,2,10,2,19,91,0,2.8,0,-0.03,35.7,0.3,0,1,-2.3,0,107.14,2.9,16.7,"2023-2024"
"EFE","BAS","16_5","Regular Season","Markus  Howard",22,28,5,6,83.3,5,8,62.5,3,4,75,0,1,1,1,1,1,0,0,5,3,23,"A","W",87,32,30,18,17,13,14,18,9,25,34,2,10,2,19,91,87,32,30,18,17,13,14,18,9,25,34,2,10,2,19,91,1.56,16.1,173.9,0.14,6.2,1,89.3,0.29,20.8,88.8,6.21,7.6,0,"2023-2024"
"EFE","BAS","16_5","Regular Season","Christopher  Chiozza",5,2,1,1,100,0,0,NA,0,0,NA,0,0,0,0,0,0,0,0,0,0,2,"A","W",87,32,30,18,17,13,14,18,9,25,34,2,10,2,19,91,87,32,30,18,17,13,14,18,9,25,34,2,10,2,19,91,2,1,200,0.01,0,NA,100,0,1.7,100,0,2,0,"2023-2024"
"EFE","BAS","16_5","Regular Season","Nikos  Rogkavopoulos",16,5,1,2,50,1,1,100,0,0,NA,0,1,1,1,0,0,0,0,2,1,5,"A","W",87,32,30,18,17,13,14,18,9,25,34,2,10,2,19,91,87,32,30,18,17,13,14,18,9,25,34,2,10,2,19,91,1.67,2.9,172.4,0.03,34.5,Inf,83.3,0,3.9,83.3,0,1.9,0,"2023-2024"
"EFE","BAS","16_5","Regular Season","Khalifa  Diop",5,0,0,2,0,0,0,NA,0,0,NA,0,0,0,0,0,0,0,0,0,0,-2,"A","W",87,32,30,18,17,13,14,18,9,25,34,2,10,2,19,91,87,32,30,18,17,13,14,18,9,25,34,2,10,2,19,91,0,1.9,0,-0.01,0,NA,0,0,-1.4,0,0,4,0,"2023-2024"
"EFE","BAS","16_5","Regular Season","Chima  Moneke",24,13,4,7,57.1,1,4,25,2,2,100,4,5,9,1,0,2,0,2,3,2,12,"A","W",87,32,30,18,17,13,14,18,9,25,34,2,10,2,19,91,87,32,30,18,17,13,14,18,9,25,34,2,10,2,19,91,1,9.5,136.8,0.07,10.5,0.5,50,0.18,9.1,54.7,21.05,5.8,22.2,"2023-2024"
"ASM","BAY","16_6","Regular Season","Carsen  Edwards",23,16,3,5,60,2,6,33.3,4,5,80,0,2,2,1,1,3,0,0,4,5,11,"H","L",80,27,35,9,15,14,8,18,11,22,33,4,17,1,28,73,80,27,35,9,15,14,8,18,11,22,33,4,17,1,28,73,1,15.6,102.6,0.06,6.4,0.3,54.5,0.45,7.6,60.6,19.23,6.8,0,"2023-2024"
"ASM","BAY","16_6","Regular Season","Isaac  Bonga",19,7,1,3,33.3,1,5,20,2,2,100,1,2,3,2,0,1,0,0,4,1,2,"H","L",80,27,35,9,15,14,8,18,11,22,33,4,17,1,28,73,80,27,35,9,15,14,8,18,11,22,33,4,17,1,28,73,0.7,8.5,82.4,0,23.5,2,31.2,0.25,2.3,39.4,11.76,5,4.5,"2023-2024"
"ASM","BAY","16_6","Regular Season","Leandro  Bolmaro",11,7,2,3,66.7,1,1,100,0,0,NA,0,0,0,3,0,2,0,0,3,1,5,"H","L",80,27,35,9,15,14,8,18,11,22,33,4,17,1,28,73,80,27,35,9,15,14,8,18,11,22,33,4,17,1,28,73,1.75,5.8,120.7,0.04,51.7,1.5,87.5,0,4.3,87.5,34.48,5.3,0,"2023-2024"
"ASM","BAY","16_6","Regular Season","Serge  Ibaka",18,6,3,4,75,0,2,0,0,0,NA,3,4,7,0,0,1,0,0,4,2,7,"H","L",80,27,35,9,15,14,8,18,11,22,33,4,17,1,28,73,80,27,35,9,15,14,8,18,11,22,33,4,17,1,28,73,1,3.8,157.9,0.03,0,0,50,0,3.7,50,26.32,3.8,13.6,"2023-2024"
"ASM","BAY","16_6","Regular Season","Devin   Booker",25,2,1,6,16.7,0,1,0,0,0,NA,2,4,6,0,0,3,0,1,2,1,-3,"H","L",80,27,35,9,15,14,8,18,11,22,33,4,17,1,28,73,80,27,35,9,15,14,8,18,11,22,33,4,17,1,28,73,0.29,7.7,26,-0.04,0,0,14.3,0,-3.7,14.3,38.96,3.9,9.1,"2023-2024"
"ASM","BAY","16_6","Regular Season","Nick  Weiler-Babb",25,9,0,1,0,3,5,60,0,0,NA,1,3,4,4,1,0,0,0,1,0,14,"H","L",80,27,35,9,15,14,8,18,11,22,33,4,17,1,28,73,80,27,35,9,15,14,8,18,11,22,33,4,17,1,28,73,1.5,4.8,187.5,0.13,83.3,Inf,75,0,11,75,0,2.3,4.5,"2023-2024"
"ASM","BAY","16_6","Regular Season","Sylvain  Francisco",23,21,2,2,100,5,9,55.6,2,2,100,1,0,1,4,1,2,0,0,2,7,26,"H","L",80,27,35,9,15,14,8,18,11,22,33,4,17,1,28,73,80,27,35,9,15,14,8,18,11,22,33,4,17,1,28,73,1.62,12.4,169.4,0.18,32.3,2,86.4,0.18,17.8,88.4,16.13,5.8,4.5,"2023-2024"
"ASM","BAY","16_6","Regular Season","Niels  Giffey",5,2,1,1,100,0,0,NA,0,0,NA,0,1,1,0,0,0,0,0,0,0,3,"H","L",80,27,35,9,15,14,8,18,11,22,33,4,17,1,28,73,80,27,35,9,15,14,8,18,11,22,33,4,17,1,28,73,2,1,200,0.03,0,NA,100,0,2,100,0,1.9,0,"2023-2024"
"ASM","BAY","16_6","Regular Season","Vladimir  Lucic",19,2,1,1,100,0,3,0,0,0,NA,0,2,2,1,1,3,1,0,2,0,-1,"H","L",80,27,35,9,15,14,8,18,11,22,33,4,17,1,28,73,80,27,35,9,15,14,8,18,11,22,33,4,17,1,28,73,0.5,6.7,29.9,-0.01,14.9,0.3,25,0,-1.2,25,44.78,3.6,0,"2023-2024"
"ASM","BAY","16_6","Regular Season","Andreas  Obst",16,6,0,0,NA,2,3,66.7,0,0,NA,1,1,2,2,0,1,0,0,2,0,6,"H","L",80,27,35,9,15,14,8,18,11,22,33,4,17,1,28,73,80,27,35,9,15,14,8,18,11,22,33,4,17,1,28,73,2,2.9,206.9,0.05,69,2,100,0,5.3,100,34.48,2.4,4.5,"2023-2024"
"ASM","BAY","16_6","Regular Season","Jan Niklas  Wimberg",8,0,0,0,NA,0,0,NA,0,0,NA,1,2,3,1,0,0,0,0,1,0,3,"H","L",80,27,35,9,15,14,8,18,11,22,33,4,17,1,28,73,80,27,35,9,15,14,8,18,11,22,33,4,17,1,28,73,NA,-1,0,0.02,-100,Inf,NA,NA,1.6,NA,0,0,4.5,"2023-2024"
"ASM","BAY","16_6","Regular Season","Danko   Brankovic",7,2,1,1,100,0,0,NA,0,0,NA,1,1,2,0,0,1,0,0,3,0,0,"H","L",80,27,35,9,15,14,8,18,11,22,33,4,17,1,28,73,80,27,35,9,15,14,8,18,11,22,33,4,17,1,28,73,2,1,200,0,0,0,100,0,0.5,100,100,2.8,4.5,"2023-2024"
"BAY","ASM","16_6","Regular Season","John  Brown III",27,12,5,5,100,0,0,NA,2,2,100,1,2,3,0,0,0,0,0,3,2,14,"A","W",91,43,17,31,26,5,24,12,7,20,27,5,7,1,17,103,91,43,17,31,26,5,24,12,7,20,27,5,7,1,17,103,1.71,4.7,255.3,0.08,0,NA,100,0.4,10.6,102,0,2.2,7.1,"2023-2024"
"BAY","ASM","16_6","Regular Season","Jaron  Blossomgame",28,6,3,4,75,0,1,0,0,0,NA,1,4,5,1,0,2,0,0,3,1,6,"A","W",91,43,17,31,26,5,24,12,7,20,27,5,7,1,17,103,91,43,17,31,26,5,24,12,7,20,27,5,7,1,17,103,1.2,5.8,103.4,0.03,17.2,0.5,60,0,3.1,60,34.48,2.5,7.1,"2023-2024"
"BAY","ASM","16_6","Regular Season","Kemba  Walker",18,5,0,1,0,1,4,25,2,3,66.7,0,1,1,1,0,1,0,0,2,1,0,"A","W",91,43,17,31,26,5,24,12,7,20,27,5,7,1,17,103,91,43,17,31,26,5,24,12,7,20,27,5,7,1,17,103,0.62,7,71.4,-0.01,14.3,1,30,0.6,0.7,39.6,14.29,4,0,"2023-2024"
"BAY","ASM","16_6","Regular Season","Donatas  Motiejunas",13,0,0,3,0,0,2,0,0,0,NA,0,3,3,2,1,0,0,0,1,3,3,"A","W",91,43,17,31,26,5,24,12,7,20,27,5,7,1,17,103,91,43,17,31,26,5,24,12,7,20,27,5,7,1,17,103,0,4.8,0,0,41.7,Inf,0,0,-0.6,0,0,3.8,0,"2023-2024"
"BAY","ASM","16_6","Regular Season","Mike  James",31,28,7,10,70,2,4,50,8,10,80,0,2,2,3,0,2,0,0,2,7,29,"A","W",91,43,17,31,26,5,24,12,7,20,27,5,7,1,17,103,91,43,17,31,26,5,24,12,7,20,27,5,7,1,17,103,1.17,19.6,142.9,0.15,15.3,1.5,71.4,0.71,20.9,76.1,10.2,6.5,0,"2023-2024"
"BAY","ASM","16_6","Regular Season","Elie  Okobo",24,19,4,7,57.1,1,2,50,8,8,100,0,2,2,5,1,1,0,0,2,6,26,"A","W",91,43,17,31,26,5,24,12,7,20,27,5,7,1,17,103,91,43,17,31,26,5,24,12,7,20,27,5,7,1,17,103,1.12,13,146.2,0.14,38.5,5,61.1,0.89,18,75.9,7.69,5.6,0,"2023-2024"
"BAY","ASM","16_6","Regular Season","Alpha  Diallo",28,13,4,8,50,1,3,33.3,2,2,100,1,3,4,0,1,1,1,0,1,3,14,"A","W",91,43,17,31,26,5,24,12,7,20,27,5,7,1,17,103,91,43,17,31,26,5,24,12,7,20,27,5,7,1,17,103,1,11.4,114,0.07,0,0,50,0.18,9.2,54.7,8.77,4.6,7.1,"2023-2024"
"BAY","ASM","16_6","Regular Season","Petr  Cornelie",9,1,0,0,NA,0,1,0,1,2,50,1,0,1,0,1,0,0,0,2,1,0,"A","W",91,43,17,31,26,5,24,12,7,20,27,5,7,1,17,103,91,43,17,31,26,5,24,12,7,20,27,5,7,1,17,103,0.33,0.8,125,-0.01,0,NA,0,2,0.8,26.6,0,2.1,7.1,"2023-2024"
"BAY","ASM","16_6","Regular Season","Matthew  Strazel",7,0,0,1,0,0,0,NA,0,0,NA,0,1,1,0,0,0,0,0,1,2,1,"A","W",91,43,17,31,26,5,24,12,7,20,27,5,7,1,17,103,91,43,17,31,26,5,24,12,7,20,27,5,7,1,17,103,0,1,0,-0.01,0,NA,0,0,-0.8,0,0,1.4,0,"2023-2024"
"BAY","ASM","16_6","Regular Season","Donta  Hall",15,7,3,4,75,0,0,NA,1,4,25,3,2,5,0,1,0,0,1,0,2,10,"A","W",91,43,17,31,26,5,24,12,7,20,27,5,7,1,17,103,91,43,17,31,26,5,24,12,7,20,27,5,7,1,17,103,0.88,2.6,269.2,0.05,0,NA,75,1,7.9,60.8,0,3.8,21.4,"2023-2024"
"MIL","PAN","16_7","Regular Season","Kostas  Sloukas",32,9,1,1,100,1,3,33.3,4,5,80,0,5,5,6,1,1,0,0,2,4,19,"A","W",76,44,15,17,20,7,15,17,8,27,35,7,13,2,17,87,76,44,15,17,20,7,15,17,8,27,35,7,13,2,17,87,1,6.9,130.4,0.11,87,6,62.5,1.25,11.5,72.6,14.49,2.3,0,"2023-2024"
"MIL","PAN","16_7","Regular Season","Jerian  Grant",32,10,2,4,50,2,4,50,0,0,NA,1,2,3,2,1,1,0,0,2,1,10,"A","W",76,44,15,17,20,7,15,17,8,27,35,7,13,2,17,87,76,44,15,17,20,7,15,17,8,27,35,7,13,2,17,87,1.25,7.7,129.9,0.06,26,2,62.5,0,7.9,62.5,12.99,2.8,6.2,"2023-2024"
"MIL","PAN","16_7","Regular Season","Mathias  Lessort",28,16,7,11,63.6,0,0,NA,2,2,100,1,5,6,0,0,3,0,1,3,6,17,"A","W",76,44,15,17,20,7,15,17,8,27,35,7,13,2,17,87,76,44,15,17,20,7,15,17,8,27,35,7,13,2,17,87,1.23,13.3,120.3,0.08,0,0,63.6,0.18,9.1,67.3,22.56,5.3,6.2,"2023-2024"
"MIL","PAN","16_7","Regular Season","Marius  Grigonis",22,3,0,2,0,1,1,100,0,0,NA,0,3,3,1,1,0,0,0,2,0,4,"A","W",76,44,15,17,20,7,15,17,8,27,35,7,13,2,17,87,76,44,15,17,20,7,15,17,8,27,35,7,13,2,17,87,1,2.9,103.4,0.03,34.5,Inf,50,0,3.1,50,0,1.4,0,"2023-2024"
"MIL","PAN","16_7","Regular Season","Konstantinos  Mitoglou",24,7,3,7,42.9,0,3,0,1,2,50,3,4,7,0,2,0,0,0,1,3,10,"A","W",76,44,15,17,20,7,15,17,8,27,35,7,13,2,17,87,76,44,15,17,20,7,15,17,8,27,35,7,13,2,17,87,0.58,7.6,92.1,0.04,0,NA,30,0.2,5.7,32.2,0,4.6,18.8,"2023-2024"
"MIL","PAN","16_7","Regular Season","Luca  Vildoza",9,2,1,3,33.3,0,0,NA,0,0,NA,0,0,0,1,1,1,0,1,0,0,0,"A","W",76,44,15,17,20,7,15,17,8,27,35,7,13,2,17,87,76,44,15,17,20,7,15,17,8,27,35,7,13,2,17,87,0.67,3.8,52.6,0.01,26.3,1,33.3,0,1,33.3,26.32,4.5,0,"2023-2024"
"MIL","PAN","16_7","Regular Season","Kendrick  Nunn",27,17,4,9,44.4,2,3,66.7,3,3,100,0,1,1,5,0,6,0,1,2,1,9,"A","W",76,44,15,17,20,7,15,17,8,27,35,7,13,2,17,87,76,44,15,17,20,7,15,17,8,27,35,7,13,2,17,87,1.13,18.5,91.9,0.07,27,0.8,58.3,0.25,8,63.8,32.43,7.2,0,"2023-2024"
"MIL","PAN","16_7","Regular Season","Kostas  Antetokounmpo",8,5,2,4,50,0,0,NA,1,1,100,1,2,3,0,0,1,1,1,3,2,4,"A","W",76,44,15,17,20,7,15,17,8,27,35,7,13,2,17,87,76,44,15,17,20,7,15,17,8,27,35,7,13,2,17,87,1,4.3,116.3,0.01,0,0,50,0.25,2.8,56.3,23.26,6.8,6.2,"2023-2024"
"MIL","PAN","16_7","Regular Season","Juan  Hernangomez",17,7,0,3,0,1,1,100,4,4,100,2,5,7,2,1,0,1,1,2,2,14,"A","W",76,44,15,17,20,7,15,17,8,27,35,7,13,2,17,87,76,44,15,17,20,7,15,17,8,27,35,7,13,2,17,87,0.88,3.6,194.4,0.08,55.6,Inf,37.5,1,9.8,60.8,0,3.4,12.5,"2023-2024"
"PAN","MIL","16_7","Regular Season","Nicolo  Melli",27,7,2,4,50,1,2,50,0,0,NA,1,7,8,2,3,1,2,0,5,5,18,"H","L",68,31,31,9,18,8,8,14,8,23,31,8,12,5,19,73,68,31,31,9,18,8,8,14,8,23,31,8,12,5,19,73,1.17,5.8,120.7,0.11,34.5,2,58.3,0,9.6,58.3,17.24,2.7,6.2,"2023-2024"
"PAN","MIL","16_7","Regular Season","Diego  Flaccadori",16,10,5,7,71.4,0,2,0,0,0,NA,0,2,2,1,0,1,0,0,3,0,5,"H","L",68,31,31,9,18,8,8,14,8,23,31,8,12,5,19,73,68,31,31,9,18,8,8,14,8,23,31,8,12,5,19,73,1.11,9.6,104.2,0.05,10.4,1,55.6,0,4.8,55.6,10.42,6.4,0,"2023-2024"
"PAN","MIL","16_7","Regular Season","Devon  Hall",32,3,0,1,0,1,6,16.7,0,0,NA,0,0,0,3,0,1,0,0,4,3,-2,"H","L",68,31,31,9,18,8,8,14,8,23,31,8,12,5,19,73,68,31,31,9,18,8,8,14,8,23,31,8,12,5,19,73,0.43,7.7,39,-0.05,39,3,21.4,0,-2,21.4,12.99,2.6,0,"2023-2024"
"PAN","MIL","16_7","Regular Season","Shavon  Shields",31,13,1,3,33.3,3,7,42.9,2,3,66.7,3,4,7,3,1,3,0,0,0,4,18,"H","L",68,31,31,9,18,8,8,14,8,23,31,8,12,5,19,73,68,31,31,9,18,8,8,14,8,23,31,8,12,5,19,73,1,10.9,119.3,0.12,27.5,1,55,0.3,10.6,57.4,27.52,4.7,18.8,"2023-2024"
"PAN","MIL","16_7","Regular Season","Johannes  Voigtmann",26,12,3,5,60,2,6,33.3,0,0,NA,2,4,6,0,0,2,0,0,1,1,10,"H","L",68,31,31,9,18,8,8,14,8,23,31,8,12,5,19,73,68,31,31,9,18,8,8,14,8,23,31,8,12,5,19,73,1.09,10.6,113.2,0.08,0,0,54.5,0,6.5,54.5,18.87,5.1,12.5,"2023-2024"
"PAN","MIL","16_7","Regular Season","Alex  Poythress",13,2,1,3,33.3,0,0,NA,0,0,NA,0,0,0,0,0,0,3,0,2,1,2,"H","L",68,31,31,9,18,8,8,14,8,23,31,8,12,5,19,73,68,31,31,9,18,8,8,14,8,23,31,8,12,5,19,73,0.67,2.9,69,0,0,NA,33.3,0,1.6,33.3,0,2.4,0,"2023-2024"
"PAN","MIL","16_7","Regular Season","Giordano  Bortolani",9,7,0,0,NA,1,4,25,4,4,100,0,2,2,2,0,0,0,0,0,2,10,"H","L",68,31,31,9,18,8,8,14,8,23,31,8,12,5,19,73,68,31,31,9,18,8,8,14,8,23,31,8,12,5,19,73,0.88,5.5,127.3,0.08,36.4,Inf,37.5,1,6.6,60.8,0,6.6,0,"2023-2024"
"PAN","MIL","16_7","Regular Season","Stefano  Tonut",19,6,3,3,100,0,2,0,0,0,NA,0,2,2,0,2,1,0,1,0,0,6,"H","L",68,31,31,9,18,8,8,14,8,23,31,8,12,5,19,73,68,31,31,9,18,8,8,14,8,23,31,8,12,5,19,73,1.2,5.8,103.4,0.07,0,0,60,0,5.3,60,17.24,3.2,0,"2023-2024"
"PAN","MIL","16_7","Regular Season","Billy   Baron",13,4,2,3,66.7,0,1,0,0,0,NA,0,2,2,3,1,2,0,1,0,0,5,"H","L",68,31,31,9,18,8,8,14,8,23,31,8,12,5,19,73,68,31,31,9,18,8,8,14,8,23,31,8,12,5,19,73,1,5.8,69,0.06,51.7,1.5,50,0,3.7,50,34.48,4.7,0,"2023-2024"
"PAN","MIL","16_7","Regular Season","Ismael  Kamagate",1,0,0,0,NA,0,0,NA,0,0,NA,0,0,0,0,0,0,0,0,0,0,0,"H","L",68,31,31,9,18,8,8,14,8,23,31,8,12,5,19,73,68,31,31,9,18,8,8,14,8,23,31,8,12,5,19,73,NA,0,NA,0,NA,NA,NA,NA,0,NA,NA,0,0,"2023-2024"
"PAN","MIL","16_7","Regular Season","Guglielmo   Caruso",2,0,0,1,0,0,0,NA,0,0,NA,0,0,0,0,0,0,0,0,0,0,-1,"H","L",68,31,31,9,18,8,8,14,8,23,31,8,12,5,19,73,68,31,31,9,18,8,8,14,8,23,31,8,12,5,19,73,0,1,0,-0.01,0,NA,0,0,-0.7,0,0,5.1,0,"2023-2024"
"PAN","MIL","16_7","Regular Season","Kyle  Hines",11,4,1,1,100,0,1,0,2,2,100,2,0,2,0,1,1,0,0,4,1,2,"H","L",68,31,31,9,18,8,8,14,8,23,31,8,12,5,19,73,68,31,31,9,18,8,8,14,8,23,31,8,12,5,19,73,1,1.8,222.2,0,0,0,50,1,2.8,69.4,55.56,3.6,12.5,"2023-2024"
"OLY","VIL","16_8","Regular Season","Paris  Lee",36,16,1,3,33.3,3,10,30,5,5,100,0,2,2,7,3,2,0,1,2,5,19,"H","L",73,43,19,20,22,4,17,18,9,14,23,6,14,0,15,69,73,43,19,20,22,4,17,18,9,14,23,6,14,0,15,69,0.89,16.5,97,0.16,42.4,3.5,42.3,0.38,14.2,52.6,12.12,4.5,0,"2023-2024"
"OLY","VIL","16_8","Regular Season","Joffrey  Lauvergne",31,10,3,8,37.5,0,1,0,4,4,100,3,5,8,3,1,2,0,2,0,4,16,"H","L",73,43,19,20,22,4,17,18,9,14,23,6,14,0,15,69,73,43,19,20,22,4,17,18,9,14,23,6,14,0,15,69,0.77,9.4,106.4,0.13,31.9,1.5,33.3,0.44,9.6,46.5,21.28,3.9,16.7,"2023-2024"
"OLY","VIL","16_8","Regular Season","Timothe  Luwawu-Cabarrot",28,16,5,11,45.5,1,1,100,3,6,50,0,1,1,1,0,3,0,1,4,5,6,"H","L",73,43,19,20,22,4,17,18,9,14,23,6,14,0,15,69,73,43,19,20,22,4,17,18,9,14,23,6,14,0,15,69,0.89,16.9,94.7,0.02,5.9,0.3,54.2,0.5,5.2,54.6,17.75,5.9,0,"2023-2024"
"OLY","VIL","16_8","Regular Season","Youssoupha  Fall",15,4,2,5,40,0,0,NA,0,0,NA,1,1,2,0,1,1,0,0,2,1,2,"H","L",73,43,19,20,22,4,17,18,9,14,23,6,14,0,15,69,73,43,19,20,22,4,17,18,9,14,23,6,14,0,15,69,0.8,4.8,83.3,0.01,0,0,40,0,1.5,40,20.83,3.8,5.6,"2023-2024"
"OLY","VIL","16_8","Regular Season","David  Lighty",14,0,0,0,NA,0,2,0,0,0,NA,0,0,0,0,0,1,0,0,2,1,-4,"H","L",73,43,19,20,22,4,17,18,9,14,23,6,14,0,15,69,73,43,19,20,22,4,17,18,9,14,23,6,14,0,15,69,0,2.9,0,-0.05,0,0,0,0,-3.2,0,34.48,2,0,"2023-2024"
"OLY","VIL","16_8","Regular Season","Mike  Scott",28,12,4,6,66.7,0,2,0,4,4,100,0,2,2,1,0,1,0,0,1,6,15,"H","L",73,43,19,20,22,4,17,18,9,14,23,6,14,0,15,69,73,43,19,20,22,4,17,18,9,14,23,6,14,0,15,69,1,10.3,116.5,0.09,9.7,1,50,0.5,7.9,61.5,9.71,3.6,0,"2023-2024"
"OLY","VIL","16_8","Regular Season","Charles Lombahe Kahudi",14,9,4,6,66.7,0,3,0,1,1,100,2,1,3,2,0,1,0,2,1,2,7,"H","L",73,43,19,20,22,4,17,18,9,14,23,6,14,0,15,69,73,43,19,20,22,4,17,18,9,14,23,6,14,0,15,69,0.9,8.1,111.1,0.06,24.7,2,44.4,0.11,6,47.7,12.35,7,11.1,"2023-2024"
"OLY","VIL","16_8","Regular Season","Edwin  Jackson",12,0,0,0,NA,0,0,NA,0,0,NA,1,0,1,0,0,2,0,0,1,0,-2,"H","L",73,43,19,20,22,4,17,18,9,14,23,6,14,0,15,69,73,43,19,20,22,4,17,18,9,14,23,6,14,0,15,69,NA,1,0,-0.03,0,0,NA,NA,-1.7,NA,200,1.6,5.6,"2023-2024"
"OLY","VIL","16_8","Regular Season","John  Egbunu",19,6,3,4,75,0,0,NA,0,0,NA,2,2,4,3,1,1,0,1,0,0,11,"H","L",73,43,19,20,22,4,17,18,9,14,23,6,14,0,15,69,73,43,19,20,22,4,17,18,9,14,23,6,14,0,15,69,1.5,2.9,206.9,0.12,103.4,3,75,0,8.5,75,34.48,2.5,11.1,"2023-2024"
"OLY","VIL","16_8","Regular Season","Mbaye  Ndiaye",3,0,0,0,NA,0,0,NA,0,0,NA,0,0,0,1,0,0,0,0,2,0,-1,"H","L",73,43,19,20,22,4,17,18,9,14,23,6,14,0,15,69,73,43,19,20,22,4,17,18,9,14,23,6,14,0,15,69,NA,0,NA,-0.01,Inf,Inf,NA,NA,-0.1,NA,NA,0,0,"2023-2024"
"OLY","VIL","16_8","Regular Season","Noam  Yaacov",0,0,0,0,NA,0,0,NA,0,0,NA,0,0,0,0,0,0,0,0,0,0,0,"H","L",73,43,19,20,22,4,17,18,9,14,23,6,14,0,15,69,73,43,19,20,22,4,17,18,9,14,23,6,14,0,15,69,NA,0,NA,0,NA,NA,NA,NA,0,NA,NA,NA,0,"2023-2024"
"VIL","OLY","16_8","Regular Season","Thomas  Walkup",14,8,1,1,100,2,5,40,0,0,NA,1,0,1,3,0,1,0,0,3,1,6,"A","W",85,30,26,12,20,11,12,24,6,22,28,7,11,7,24,106,85,30,26,12,20,11,12,24,6,22,28,7,11,7,24,106,1.33,5.8,137.9,0.03,51.7,3,66.7,0,5.6,66.7,17.24,5.5,8.3,"2023-2024"
"VIL","OLY","16_8","Regular Season","Isaiah  Canaan",30,19,3,4,75,4,7,57.1,1,1,100,0,1,1,0,1,0,0,0,2,3,18,"A","W",85,30,26,12,20,11,12,24,6,22,28,7,11,7,24,106,85,30,26,12,20,11,12,24,6,22,28,7,11,7,24,106,1.58,11,172.7,0.09,0,NA,81.8,0.09,14.6,83,0,4.2,0,"2023-2024"
"VIL","OLY","16_8","Regular Season","Moustapha  Fall",34,2,1,2,50,0,0,NA,0,0,NA,1,6,7,7,1,2,7,0,2,3,22,"A","W",85,30,26,12,20,11,12,24,6,22,28,7,11,7,24,106,85,30,26,12,20,11,12,24,6,22,28,7,11,7,24,106,1,2.9,69,0.09,241.4,3.5,50,0,11.5,50,68.97,1.3,8.3,"2023-2024"
"VIL","OLY","16_8","Regular Season","Kostas  Papanikolaou",19,3,0,0,NA,1,2,50,0,0,NA,0,4,4,2,2,2,0,0,3,0,5,"A","W",85,30,26,12,20,11,12,24,6,22,28,7,11,7,24,106,85,30,26,12,20,11,12,24,6,22,28,7,11,7,24,106,1.5,3.8,78.9,0.03,52.6,1,75,0,3.4,75,52.63,2.3,0,"2023-2024"
"VIL","OLY","16_8","Regular Season","Alec  Peters",25,17,6,8,75,1,3,33.3,2,2,100,2,1,3,0,0,2,0,0,0,1,15,"A","W",85,30,26,12,20,11,12,24,6,22,28,7,11,7,24,106,85,30,26,12,20,11,12,24,6,22,28,7,11,7,24,106,1.31,11.4,149.1,0.08,0,0,68.2,0.18,11.8,71.5,17.54,6.1,16.7,"2023-2024"
"VIL","OLY","16_8","Regular Season","Nigel  Williams-Goss",26,11,4,7,57.1,0,1,0,3,3,100,1,4,5,7,1,1,0,0,1,3,21,"A","W",85,30,26,12,20,11,12,24,6,22,28,7,11,7,24,106,85,30,26,12,20,11,12,24,6,22,28,7,11,7,24,106,1,8.9,123.6,0.1,78.7,7,50,0.38,13.4,59,11.24,4.4,8.3,"2023-2024"
"VIL","OLY","16_8","Regular Season","Giannoulis  Larentzakis",10,8,2,4,50,1,2,50,1,1,100,1,1,2,2,1,0,0,0,4,0,6,"A","W",85,30,26,12,20,11,12,24,6,22,28,7,11,7,24,106,85,30,26,12,20,11,12,24,6,22,28,7,11,7,24,106,1.14,5.2,153.8,0.03,38.5,Inf,58.3,0.17,6.8,62.1,0,7.1,8.3,"2023-2024"
"VIL","OLY","16_8","Regular Season","Ignas  Brazdeikis",3,0,0,0,NA,0,0,NA,0,0,NA,0,1,1,0,0,0,0,0,0,0,1,"A","W",85,30,26,12,20,11,12,24,6,22,28,7,11,7,24,106,85,30,26,12,20,11,12,24,6,22,28,7,11,7,24,106,NA,0,NA,0.01,NA,NA,NA,NA,0.3,NA,NA,0,0,"2023-2024"
"VIL","OLY","16_8","Regular Season","Filip  Petrusev",15,4,1,2,50,0,1,0,2,2,100,0,3,3,1,0,0,0,0,2,2,6,"A","W",85,30,26,12,20,11,12,24,6,22,28,7,11,7,24,106,85,30,26,12,20,11,12,24,6,22,28,7,11,7,24,106,0.8,3.7,108.1,0.02,27,Inf,33.3,0.67,3.1,51.5,0,2.9,0,"2023-2024"
"VIL","OLY","16_8","Regular Season","Nikola  Milutinov",1,0,0,0,NA,0,0,NA,0,0,NA,0,0,0,1,0,1,0,0,2,0,-2,"A","W",85,30,26,12,20,11,12,24,6,22,28,7,11,7,24,106,85,30,26,12,20,11,12,24,6,22,28,7,11,7,24,106,NA,1,0,-0.01,100,1,NA,NA,-1.1,NA,100,11.1,0,"2023-2024"
"VIL","OLY","16_8","Regular Season","Luke  Sikma",5,0,0,0,NA,0,0,NA,0,0,NA,0,1,1,0,0,2,0,0,3,0,-4,"A","W",85,30,26,12,20,11,12,24,6,22,28,7,11,7,24,106,85,30,26,12,20,11,12,24,6,22,28,7,11,7,24,106,NA,1.9,0,-0.02,0,0,NA,NA,-2.9,NA,105.26,4.4,0,"2023-2024"
"VIL","OLY","16_8","Regular Season","Shaquielle  McKissic",18,13,2,2,100,2,5,40,3,3,100,0,0,0,1,1,0,0,0,2,2,12,"A","W",85,30,26,12,20,11,12,24,6,22,28,7,11,7,24,106,85,30,26,12,20,11,12,24,6,22,28,7,11,7,24,106,1.3,8,162.5,0.06,12.5,Inf,71.4,0.43,10.6,78.1,0,5.1,0,"2023-2024"
"BAR","ZAL","16_9","Regular Season","Keenan  Evans",27,13,2,5,40,2,6,33.3,3,3,100,0,6,6,2,0,2,0,0,3,4,13,"H","L",80,34,20,20,20,8,16,17,4,22,26,4,12,0,21,83,80,34,20,20,20,8,16,17,4,22,26,4,12,0,21,83,0.93,13.7,94.9,0.07,14.6,1,45.5,0.27,6.9,52.8,14.6,5.7,0,"2023-2024"
"BAR","ZAL","16_9","Regular Season","Kevarrius  Hayes",14,0,0,2,0,0,0,NA,0,0,NA,0,3,3,1,1,1,0,1,1,0,0,"H","L",80,34,20,20,20,8,16,17,4,22,26,4,12,0,21,83,80,34,20,20,20,8,16,17,4,22,26,4,12,0,21,83,0,2.9,0,0.01,34.5,1,0,0,-0.2,0,34.48,2.3,0,"2023-2024"
"BAR","ZAL","16_9","Regular Season","Dovydas  Giedraitis",17,6,0,0,NA,2,3,66.7,0,0,NA,0,0,0,2,1,2,0,0,2,0,4,"H","L",80,34,20,20,20,8,16,17,4,22,26,4,12,0,21,83,80,34,20,20,20,8,16,17,4,22,26,4,12,0,21,83,2,4.8,125,0.03,41.7,1,100,0,4.3,100,41.67,3.1,0,"2023-2024"
"BAR","ZAL","16_9","Regular Season","Rolands  Smits",31,11,3,6,50,1,3,33.3,2,2,100,2,5,7,2,1,2,0,1,2,4,15,"H","L",80,34,20,20,20,8,16,17,4,22,26,4,12,0,21,83,80,34,20,20,20,8,16,17,4,22,26,4,12,0,21,83,1,9.5,115.8,0.09,21.1,1,50,0.22,8.8,55.7,21.05,4.1,25,"2023-2024"
"BAR","ZAL","16_9","Regular Season","Edgaras  Ulanovas",29,15,4,6,66.7,1,2,50,4,4,100,0,3,3,2,0,0,0,0,1,4,20,"H","L",80,34,20,20,20,8,16,17,4,22,26,4,12,0,21,83,80,34,20,20,20,8,16,17,4,22,26,4,12,0,21,83,1.25,9.4,159.6,0.13,21.3,Inf,68.8,0.5,13.3,76.8,0,3.6,0,"2023-2024"
"BAR","ZAL","16_9","Regular Season","Lukas  Lekavicius",2,0,0,0,NA,0,0,NA,0,0,NA,0,0,0,1,0,0,0,0,1,0,0,"H","L",80,34,20,20,20,8,16,17,4,22,26,4,12,0,21,83,80,34,20,20,20,8,16,17,4,22,26,4,12,0,21,83,NA,0,NA,0,Inf,Inf,NA,NA,0.3,NA,NA,0,0,"2023-2024"
"BAR","ZAL","16_9","Regular Season","Laurynas  Birutis",24,18,8,10,80,0,0,NA,2,4,50,1,2,3,1,0,0,0,0,2,4,20,"H","L",80,34,20,20,20,8,16,17,4,22,26,4,12,0,21,83,80,34,20,20,20,8,16,17,4,22,26,4,12,0,21,83,1.29,10.3,174.8,0.12,9.7,Inf,80,0.4,14.6,76.5,0,5.2,12.5,"2023-2024"
"BAR","ZAL","16_9","Regular Season","Austin  Hollins",15,3,0,0,NA,1,3,33.3,0,0,NA,0,1,1,1,1,0,0,0,2,1,3,"H","L",80,34,20,20,20,8,16,17,4,22,26,4,12,0,21,83,80,34,20,20,20,8,16,17,4,22,26,4,12,0,21,83,1,2.9,103.4,0.02,34.5,Inf,50,0,2.5,50,0,2.1,0,"2023-2024"
"BAR","ZAL","16_9","Regular Season","Edmond  Sumner",9,7,2,3,66.7,0,0,NA,3,5,60,0,1,1,1,0,2,0,0,4,2,2,"H","L",80,34,20,20,20,8,16,17,4,22,26,4,12,0,21,83,80,34,20,20,20,8,16,17,4,22,26,4,12,0,21,83,0.88,6.9,101.4,0,14.5,0.5,66.7,1.67,2.3,67.3,28.99,8.6,0,"2023-2024"
"BAR","ZAL","16_9","Regular Season","Tomas  Dimsa",23,5,0,1,0,1,3,33.3,2,2,100,0,1,1,4,0,3,0,0,2,1,3,"H","L",80,34,20,20,20,8,16,17,4,22,26,4,12,0,21,83,80,34,20,20,20,8,16,17,4,22,26,4,12,0,21,83,0.83,7.6,65.8,0.02,52.6,1.3,37.5,0.5,1.9,51.2,39.47,3.7,0,"2023-2024"
"BAR","ZAL","16_9","Regular Season","Danielius  Lavrinovicius",7,2,1,1,100,0,0,NA,0,0,NA,1,0,1,0,0,0,0,0,1,1,3,"H","L",80,34,20,20,20,8,16,17,4,22,26,4,12,0,21,83,80,34,20,20,20,8,16,17,4,22,26,4,12,0,21,83,2,0,Inf,0.01,NA,NA,100,0,2,100,NA,1.5,12.5,"2023-2024"
"ZAL","BAR","16_9","Regular Season","Oscar  da Silva",12,0,0,0,NA,0,0,NA,0,2,0,0,0,0,0,1,0,1,0,2,1,-1,"A","W",85,32,30,19,18,12,13,25,10,19,29,3,9,2,22,96,85,32,30,19,18,12,13,25,10,19,29,3,9,2,22,96,0,0.8,0,-0.02,0,NA,NA,Inf,0.1,0,0,0.7,0,"2023-2024"
"ZAL","BAR","16_9","Regular Season","Jan  Vesely",25,15,6,7,85.7,0,0,NA,3,5,60,3,2,5,0,1,1,1,0,3,7,22,"A","W",85,32,30,19,18,12,13,25,10,19,29,3,9,2,22,96,85,32,30,19,18,12,13,25,10,19,29,3,9,2,22,96,1.25,6.9,217.4,0.09,0,0,85.7,0.71,13.9,81.5,14.49,4.1,15,"2023-2024"
"ZAL","BAR","16_9","Regular Season","Nikola  Kalinic",36,12,0,4,0,4,9,44.4,0,0,NA,2,6,8,6,1,1,0,0,3,1,15,"A","W",85,32,30,19,18,12,13,25,10,19,29,3,9,2,22,96,85,32,30,19,18,12,13,25,10,19,29,3,9,2,22,96,0.92,11.5,104.3,0.09,52.2,6,46.2,0,10.7,46.2,8.7,3.9,10,"2023-2024"
"ZAL","BAR","16_9","Regular Season","Tomas  Satoransky",27,10,1,1,100,2,4,50,2,3,66.7,1,2,3,6,0,1,0,0,3,3,15,"A","W",85,32,30,19,18,12,13,25,10,19,29,3,9,2,22,96,85,32,30,19,18,12,13,25,10,19,29,3,9,2,22,96,1.25,6.1,163.9,0.08,98.4,6,80,0.6,10.6,79.1,16.39,2.7,5,"2023-2024"
"ZAL","BAR","16_9","Regular Season","Nicolas  Laprovittola",29,18,2,5,40,4,9,44.4,2,2,100,1,2,3,4,0,2,0,0,2,2,15,"A","W",85,32,30,19,18,12,13,25,10,19,29,3,9,2,22,96,85,32,30,19,18,12,13,25,10,19,29,3,9,2,22,96,1.12,15.2,118.4,0.09,26.3,2,57.1,0.14,11.9,60.5,13.16,5.9,5,"2023-2024"
"ZAL","BAR","16_9","Regular Season","Dario  Brizuela",11,8,1,1,100,2,4,50,0,0,NA,0,0,0,0,0,2,0,0,2,3,5,"A","W",85,32,30,19,18,12,13,25,10,19,29,3,9,2,22,96,85,32,30,19,18,12,13,25,10,19,29,3,9,2,22,96,1.6,6.7,119.4,0.01,0,0,80,0,2.9,80,29.85,6.4,0,"2023-2024"
"ZAL","BAR","16_9","Regular Season","Willy  Hernangomez",10,6,3,4,75,0,0,NA,0,0,NA,1,1,2,3,0,1,0,0,2,0,7,"A","W",85,32,30,19,18,12,13,25,10,19,29,3,9,2,22,96,85,32,30,19,18,12,13,25,10,19,29,3,9,2,22,96,1.5,3.8,157.9,0.05,78.9,3,75,0,5.7,75,26.32,5,5,"2023-2024"
"ZAL","BAR","16_9","Regular Season","Jabari  Parker",28,8,2,5,40,0,3,0,4,4,100,2,6,8,2,0,0,0,0,2,2,12,"A","W",85,32,30,19,18,12,13,25,10,19,29,3,9,2,22,96,85,32,30,19,18,12,13,25,10,19,29,3,9,2,22,96,0.67,7.4,108.1,0.07,27,Inf,25,0.5,7,41,0,3.5,10,"2023-2024"
"ZAL","BAR","16_9","Regular Season","James  Nnaji",4,2,1,1,100,0,0,NA,0,0,NA,0,0,0,0,0,1,0,0,1,0,0,"A","W",85,32,30,19,18,12,13,25,10,19,29,3,9,2,22,96,85,32,30,19,18,12,13,25,10,19,29,3,9,2,22,96,2,1.9,105.3,0,0,0,100,0,0.3,100,52.63,5,0,"2023-2024"
"ZAL","BAR","16_9","Regular Season","Rokas  Jokubaitis",15,6,2,4,50,0,1,0,2,3,66.7,0,0,0,4,0,0,0,0,2,2,6,"A","W",85,32,30,19,18,12,13,25,10,19,29,3,9,2,22,96,85,32,30,19,18,12,13,25,10,19,29,3,9,2,22,96,0.75,6.1,98.4,0.03,65.6,Inf,40,0.6,4.9,47.5,0,4.2,0,"2023-2024"
"ZAL","BAR","16_9","Regular Season","Joel  Parra",1,0,0,0,NA,0,0,NA,0,0,NA,0,0,0,0,0,0,0,0,0,0,0,"A","W",85,32,30,19,18,12,13,25,10,19,29,3,9,2,22,96,85,32,30,19,18,12,13,25,10,19,29,3,9,2,22,96,NA,0,NA,0,NA,NA,NA,NA,0,NA,NA,0,0,"2023-2024"
"EFE","FEN","17_1","Regular Season","Johnathan  Motley",10,5,2,2,100,0,0,NA,1,2,50,1,0,1,1,0,3,0,0,2,2,3,"A","W",89,32,31,10,23,12,7,22,8,24,32,6,13,0,17,103,89,32,31,10,23,12,7,22,8,24,32,6,13,0,17,103,1.25,4.7,106.4,0,21.3,0.3,100,1,1.6,86.8,63.83,5.9,6.2,"2023-2024"
"EFE","FEN","17_1","Regular Season","Scottie  Wilbekin",28,6,0,0,NA,2,7,28.6,0,0,NA,1,3,4,7,1,2,0,0,4,1,8,"A","W",89,32,31,10,23,12,7,22,8,24,32,6,13,0,17,103,89,32,31,10,23,12,7,22,8,24,32,6,13,0,17,103,0.86,7.7,77.9,0.04,90.9,3.5,42.9,0,5.8,42.9,25.97,3.2,6.2,"2023-2024"
"EFE","FEN","17_1","Regular Season","Nigel  Hayes-Davis",36,24,5,8,62.5,4,5,80,2,2,100,2,4,6,0,0,2,0,0,0,3,27,"A","W",89,32,31,10,23,12,7,22,8,24,32,6,13,0,17,103,89,32,31,10,23,12,7,22,8,24,32,6,13,0,17,103,1.6,13.3,180.5,0.14,0,0,84.6,0.15,19.1,86.5,15.04,4.4,12.5,"2023-2024"
"EFE","FEN","17_1","Regular Season","Dyshawn  Pierre",13,2,1,1,100,0,1,0,0,0,NA,0,3,3,0,0,1,0,0,0,1,4,"A","W",89,32,31,10,23,12,7,22,8,24,32,6,13,0,17,103,89,32,31,10,23,12,7,22,8,24,32,6,13,0,17,103,1,2.9,69,0.02,0,0,50,0,0.9,50,34.48,2.3,0,"2023-2024"
"EFE","FEN","17_1","Regular Season","Nick  Calathes",26,17,4,4,100,3,5,60,0,1,0,0,1,1,8,3,1,0,0,2,1,24,"A","W",89,32,31,10,23,12,7,22,8,24,32,6,13,0,17,103,89,32,31,10,23,12,7,22,8,24,32,6,13,0,17,103,1.7,10,170,0.14,80,8,94.4,0.11,20.2,90,10,4,0,"2023-2024"
"EFE","FEN","17_1","Regular Season","Sertac  Sanli",11,2,1,2,50,0,1,0,0,0,NA,1,1,2,0,0,1,0,0,3,0,-2,"A","W",89,32,31,10,23,12,7,22,8,24,32,6,13,0,17,103,89,32,31,10,23,12,7,22,8,24,32,6,13,0,17,103,0.67,2.9,69,-0.01,0,0,33.3,0,-0.9,33.3,34.48,3.6,6.2,"2023-2024"
"EFE","FEN","17_1","Regular Season","Georgios  Papagiannis",18,12,6,7,85.7,0,0,NA,0,1,0,1,4,5,1,1,0,0,0,0,2,19,"A","W",89,32,31,10,23,12,7,22,8,24,32,6,13,0,17,103,89,32,31,10,23,12,7,22,8,24,32,6,13,0,17,103,1.5,6.2,193.5,0.1,16.1,Inf,85.7,0.14,12.7,80.6,0,4.1,6.2,"2023-2024"
"EFE","FEN","17_1","Regular Season","Tarik  Biberovic",22,7,1,2,50,1,5,20,2,2,100,0,5,5,1,0,0,0,0,1,1,8,"A","W",89,32,31,10,23,12,7,22,8,24,32,6,13,0,17,103,89,32,31,10,23,12,7,22,8,24,32,6,13,0,17,103,0.78,7.6,92.1,0.04,13.2,Inf,35.7,0.29,4.7,44.4,0,3.6,0,"2023-2024"
"EFE","FEN","17_1","Regular Season","Marko  Guduric",17,8,3,4,75,0,2,0,2,2,100,2,1,3,2,0,2,0,0,4,1,5,"A","W",89,32,31,10,23,12,7,22,8,24,32,6,13,0,17,103,89,32,31,10,23,12,7,22,8,24,32,6,13,0,17,103,1,6.6,121.2,0.02,30.3,1,50,0.33,4.5,58.1,30.3,5.2,12.5,"2023-2024"
"EFE","FEN","17_1","Regular Season","Tyler  Dorsey",11,0,0,2,0,0,3,0,0,0,NA,0,2,2,2,1,0,0,0,0,2,2,"A","W",89,32,31,10,23,12,7,22,8,24,32,6,13,0,17,103,89,32,31,10,23,12,7,22,8,24,32,6,13,0,17,103,0,4.8,0,0,41.7,Inf,0,0,-0.5,0,0,4.5,0,"2023-2024"
"EFE","FEN","17_1","Regular Season","Yam  Madar",4,3,0,0,NA,1,1,100,0,0,NA,0,0,0,0,0,1,0,0,0,1,3,"A","W",89,32,31,10,23,12,7,22,8,24,32,6,13,0,17,103,89,32,31,10,23,12,7,22,8,24,32,6,13,0,17,103,3,1.9,157.9,0.01,0,0,150,0,1.7,150,52.63,5,0,"2023-2024"
"EFE","FEN","17_1","Regular Season","Nathan  Sestina",2,3,0,0,NA,1,1,100,0,0,NA,0,0,0,0,0,0,0,0,1,0,2,"A","W",89,32,31,10,23,12,7,22,8,24,32,6,13,0,17,103,89,32,31,10,23,12,7,22,8,24,32,6,13,0,17,103,3,1,300,0.01,0,NA,150,0,2.3,150,0,5,0,"2023-2024"
"FEN","EFE","17_1","Regular Season","Shane  Larkin",35,28,7,9,77.8,2,6,33.3,8,8,100,0,5,5,5,2,0,0,0,3,6,37,"H","L",84,43,20,17,29,4,14,17,8,21,29,3,9,0,15,92,84,43,20,17,29,4,14,17,8,21,29,3,9,0,15,92,1.22,17.8,157.3,0.22,28.1,Inf,66.7,0.53,26.9,75.6,0,5.3,0,"2023-2024"
"FEN","EFE","17_1","Regular Season","Rodrigue  Beaubois",26,10,5,7,71.4,0,3,0,0,0,NA,0,1,1,2,0,0,0,0,2,0,6,"H","L",84,43,20,17,29,4,14,17,8,21,29,3,9,0,15,92,84,43,20,17,29,4,14,17,8,21,29,3,9,0,15,92,1,9.6,104.2,0.04,20.8,Inf,50,0,5.9,50,0,3.9,0,"2023-2024"
"FEN","EFE","17_1","Regular Season","Elijah  Bryant",22,8,1,3,33.3,2,4,50,0,0,NA,0,2,2,3,0,1,0,0,3,0,5,"H","L",84,43,20,17,29,4,14,17,8,21,29,3,9,0,15,92,84,43,20,17,29,4,14,17,8,21,29,3,9,0,15,92,1.14,7.7,103.9,0.03,39,3,57.1,0,4.8,57.1,12.99,3.7,0,"2023-2024"
"FEN","EFE","17_1","Regular Season","Ercan  Osmani",8,0,0,1,0,0,0,NA,0,0,NA,0,0,0,0,0,2,0,0,0,0,-3,"H","L",84,43,20,17,29,4,14,17,8,21,29,3,9,0,15,92,84,43,20,17,29,4,14,17,8,21,29,3,9,0,15,92,0,2.9,0,-0.02,0,0,0,0,-2.7,0,68.97,3.8,0,"2023-2024"
"FEN","EFE","17_1","Regular Season","Daniel  Oturu",30,19,8,9,88.9,0,0,NA,3,4,75,3,4,7,2,0,3,0,0,4,3,22,"H","L",84,43,20,17,29,4,14,17,8,21,29,3,9,0,15,92,84,43,20,17,29,4,14,17,8,21,29,3,9,0,15,92,1.46,10.3,184.5,0.12,19.4,0.7,88.9,0.44,15.6,88.3,29.13,4.6,18.8,"2023-2024"
"FEN","EFE","17_1","Regular Season","Darius  Thompson",28,7,2,6,33.3,0,2,0,3,4,75,1,3,4,3,1,3,0,0,1,4,8,"H","L",84,43,20,17,29,4,14,17,8,21,29,3,9,0,15,92,84,43,20,17,29,4,14,17,8,21,29,3,9,0,15,92,0.58,11.3,61.9,0.02,26.5,1,25,0.5,3.1,35.9,26.55,4.6,6.2,"2023-2024"
"FEN","EFE","17_1","Regular Season","Justus  Hollatz",2,0,0,0,NA,0,0,NA,0,0,NA,0,0,0,0,0,0,0,0,0,0,0,"H","L",84,43,20,17,29,4,14,17,8,21,29,3,9,0,15,92,84,43,20,17,29,4,14,17,8,21,29,3,9,0,15,92,NA,0,NA,0,NA,NA,NA,NA,0,NA,NA,0,0,"2023-2024"
"FEN","EFE","17_1","Regular Season","Mike  Daum",29,6,3,4,75,0,5,0,0,0,NA,0,3,3,0,0,0,0,0,2,0,1,"H","L",84,43,20,17,29,4,14,17,8,21,29,3,9,0,15,92,84,43,20,17,29,4,14,17,8,21,29,3,9,0,15,92,0.67,8.6,69.8,0.01,0,NA,33.3,0,1,33.3,0,3.1,0,"2023-2024"
"FEN","EFE","17_1","Regular Season","Ante  Zizic",5,0,0,1,0,0,0,NA,0,0,NA,2,0,2,1,0,0,0,0,0,0,2,"H","L",84,43,20,17,29,4,14,17,8,21,29,3,9,0,15,92,84,43,20,17,29,4,14,17,8,21,29,3,9,0,15,92,0,-1,0,0.01,-100,Inf,0,0,1.4,0,0,2,12.5,"2023-2024"
"FEN","EFE","17_1","Regular Season","Tyrique  Jones",16,6,3,3,100,0,0,NA,0,1,0,2,3,5,1,0,0,0,0,0,3,14,"H","L",84,43,20,17,29,4,14,17,8,21,29,3,9,0,15,92,84,43,20,17,29,4,14,17,8,21,29,3,9,0,15,92,1.5,1.4,428.6,0.07,71.4,Inf,100,0.33,7.7,87.2,0,2.2,12.5,"2023-2024"
"BAY","VAL","17_2","Regular Season","Josep  Puerto",20,0,0,2,0,0,1,0,0,0,NA,0,3,3,0,0,1,0,1,1,1,-2,"A","L",84,41,20,18,24,8,12,19,5,26,31,3,9,3,23,89,84,41,20,18,24,8,12,19,5,26,31,3,9,3,23,89,0,3.8,0,-0.01,0,0,0,0,-2.6,0,26.32,2.1,0,"2023-2024"
"BAY","VAL","17_2","Regular Season","Jaime  Pradilla",22,4,2,2,100,0,0,NA,0,0,NA,1,3,4,0,0,0,0,0,2,1,7,"A","L",84,41,20,18,24,8,12,19,5,26,31,3,9,3,23,89,84,41,20,18,24,8,12,19,5,26,31,3,9,3,23,89,2,1,400,0.04,0,NA,100,0,4.2,100,0,0.9,10,"2023-2024"
"BAY","VAL","17_2","Regular Season","Chris  Jones",29,19,4,7,57.1,3,5,60,2,2,100,1,3,4,7,1,2,0,1,4,1,20,"A","L",84,41,20,18,24,8,12,19,5,26,31,3,9,3,23,89,84,41,20,18,24,8,12,19,5,26,31,3,9,3,23,89,1.36,13.3,142.9,0.14,52.6,3.5,70.8,0.17,17.3,73.8,15.04,5.3,10,"2023-2024"
"BAY","VAL","17_2","Regular Season","Kassius  Robertson",24,8,1,2,50,2,4,50,0,0,NA,0,3,3,1,0,0,0,0,2,1,8,"A","L",84,41,20,18,24,8,12,19,5,26,31,3,9,3,23,89,84,41,20,18,24,8,12,19,5,26,31,3,9,3,23,89,1.33,5.8,137.9,0.05,17.2,Inf,66.7,0,5.8,66.7,0,2.6,0,"2023-2024"
"BAY","VAL","17_2","Regular Season","Brandon  Davies",25,21,8,14,57.1,1,3,33.3,2,4,50,1,3,4,3,1,1,1,1,3,3,18,"A","L",84,41,20,18,24,8,12,19,5,26,31,3,9,3,23,89,84,41,20,18,24,8,12,19,5,26,31,3,9,3,23,89,1,18,116.7,0.11,16.7,3,55.9,0.24,15.1,56,5.56,8.1,10,"2023-2024"
"BAY","VAL","17_2","Regular Season","Nate  Reuvers",19,7,1,3,33.3,1,2,50,2,4,50,0,5,5,0,1,0,1,0,4,4,9,"A","L",84,41,20,18,24,8,12,19,5,26,31,3,9,3,23,89,84,41,20,18,24,8,12,19,5,26,31,3,9,3,23,89,0.78,6.5,107.7,0.03,0,NA,50,0.8,5.1,51.8,0,3.7,0,"2023-2024"
"BAY","VAL","17_2","Regular Season","Justin  Anderson",20,8,2,3,66.7,1,2,50,1,2,50,0,1,1,1,0,0,0,0,3,1,5,"A","L",84,41,20,18,24,8,12,19,5,26,31,3,9,3,23,89,84,41,20,18,24,8,12,19,5,26,31,3,9,3,23,89,1.14,5.6,142.9,0.03,17.9,Inf,70,0.4,5.1,68,0,3,0,"2023-2024"
"BAY","VAL","17_2","Regular Season","Xabi  Lopez-Arostegui",14,9,3,3,100,0,3,0,3,3,100,1,3,4,2,0,1,0,0,1,3,13,"A","L",84,41,20,18,24,8,12,19,5,26,31,3,9,3,23,89,84,41,20,18,24,8,12,19,5,26,31,3,9,3,23,89,1,7,128.6,0.07,28.6,2,50,0.5,7.6,61.5,14.29,6.1,10,"2023-2024"
"BAY","VAL","17_2","Regular Season","Boubacar  Toure",13,4,1,3,33.3,0,0,NA,2,3,66.7,1,1,2,1,0,2,1,0,2,3,4,"A","L",84,41,20,18,24,8,12,19,5,26,31,3,9,3,23,89,84,41,20,18,24,8,12,19,5,26,31,3,9,3,23,89,0.67,5.1,78.4,0,19.6,0.5,33.3,1,1.5,46.3,39.22,5,10,"2023-2024"
"BAY","VAL","17_2","Regular Season","Martin  Hermannsson",13,4,2,2,100,0,0,NA,0,0,NA,0,1,1,4,0,2,0,0,1,1,7,"A","L",84,41,20,18,24,8,12,19,5,26,31,3,9,3,23,89,84,41,20,18,24,8,12,19,5,26,31,3,9,3,23,89,2,3.8,105.3,0.04,105.3,2,100,0,4.1,100,52.63,3.2,0,"2023-2024"
"VAL","BAY","17_2","Regular Season","Carsen  Edwards",17,10,0,4,0,3,5,60,1,2,50,0,1,1,1,1,1,0,1,0,3,7,"H","W",85,39,29,25,19,10,17,21,11,23,34,6,6,3,19,97,85,39,29,25,19,10,17,21,11,23,34,6,6,3,19,97,0.91,10.4,96.2,0.04,9.6,1,50,0.22,5.5,50.6,9.62,6,0,"2023-2024"
"VAL","BAY","17_2","Regular Season","Isaac  Bonga",23,5,2,4,50,0,0,NA,1,2,50,2,5,7,3,1,0,1,0,2,2,14,"H","W",85,39,29,25,19,10,17,21,11,23,34,6,6,3,19,97,85,39,29,25,19,10,17,21,11,23,34,6,6,3,19,97,0.83,2.8,178.6,0.07,107.1,Inf,50,0.5,8.5,51.2,0,2,9.1,"2023-2024"
"VAL","BAY","17_2","Regular Season","Leandro  Bolmaro",24,13,4,7,57.1,1,2,50,2,2,100,0,4,4,5,0,1,1,0,0,2,20,"H","W",85,39,29,25,19,10,17,21,11,23,34,6,6,3,19,97,85,39,29,25,19,10,17,21,11,23,34,6,6,3,19,97,1.18,10.4,125,0.12,48.1,5,61.1,0.22,13.1,65.8,9.62,4.3,0,"2023-2024"
"VAL","BAY","17_2","Regular Season","Danko   Brankovic",19,11,5,8,62.5,0,1,0,1,2,50,3,5,8,2,1,0,1,0,5,3,16,"H","W",85,39,29,25,19,10,17,21,11,23,34,6,6,3,19,97,85,39,29,25,19,10,17,21,11,23,34,6,6,3,19,97,1,6.6,166.7,0.08,30.3,Inf,55.6,0.22,11,55.7,0,4.9,13.6,"2023-2024"
"VAL","BAY","17_2","Regular Season","Devin   Booker",27,13,4,7,57.1,1,3,33.3,2,5,40,2,2,4,2,0,1,0,0,1,3,12,"H","W",85,39,29,25,19,10,17,21,11,23,34,6,6,3,19,97,85,39,29,25,19,10,17,21,11,23,34,6,6,3,19,97,0.87,10.8,120.4,0.06,18.5,2,55,0.5,8.8,53.3,9.26,4.6,9.1,"2023-2024"
"VAL","BAY","17_2","Regular Season","Nick  Weiler-Babb",12,2,1,1,100,0,5,0,0,0,NA,1,0,1,2,0,0,0,1,2,0,-3,"H","W",85,39,29,25,19,10,17,21,11,23,34,6,6,3,19,97,85,39,29,25,19,10,17,21,11,23,34,6,6,3,19,97,0.33,4.8,41.7,-0.02,41.7,Inf,16.7,0,-0.5,16.7,0,4.7,4.5,"2023-2024"
"VAL","BAY","17_2","Regular Season","Sylvain  Francisco",13,3,0,2,0,0,5,0,3,4,75,2,1,3,3,1,0,0,0,2,3,3,"H","W",85,39,29,25,19,10,17,21,11,23,34,6,6,3,19,97,85,39,29,25,19,10,17,21,11,23,34,6,6,3,19,97,0.27,6.5,46.2,-0.01,46.2,Inf,0,0.57,1.7,17.1,0,6.3,9.1,"2023-2024"
"VAL","BAY","17_2","Regular Season","Niels  Giffey",8,2,1,1,100,0,0,NA,0,0,NA,0,2,2,1,1,0,0,0,0,2,8,"H","W",85,39,29,25,19,10,17,21,11,23,34,6,6,3,19,97,85,39,29,25,19,10,17,21,11,23,34,6,6,3,19,97,2,1,200,0.04,100,Inf,100,0,4,100,0,1.2,0,"2023-2024"
"VAL","BAY","17_2","Regular Season","Dino  Radoncic",4,2,1,2,50,0,0,NA,0,0,NA,0,2,2,0,0,0,0,0,1,0,2,"H","W",85,39,29,25,19,10,17,21,11,23,34,6,6,3,19,97,85,39,29,25,19,10,17,21,11,23,34,6,6,3,19,97,1,1.9,105.3,0.01,0,NA,50,0,1.2,50,0,4.7,0,"2023-2024"
"VAL","BAY","17_2","Regular Season","Vladimir  Lucic",26,12,1,2,50,2,2,100,4,5,80,0,1,1,2,1,2,0,0,2,3,13,"H","W",85,39,29,25,19,10,17,21,11,23,34,6,6,3,19,97,85,39,29,25,19,10,17,21,11,23,34,6,6,3,19,97,1.33,7.9,151.9,0.07,25.3,1,100,1.25,9.9,96.8,25.32,3,0,"2023-2024"
"VAL","BAY","17_2","Regular Season","Andreas  Obst",22,12,0,1,0,3,6,50,3,3,100,1,0,1,0,0,1,0,1,3,2,6,"H","W",85,39,29,25,19,10,17,21,11,23,34,6,6,3,19,97,85,39,29,25,19,10,17,21,11,23,34,6,6,3,19,97,1.2,8,150,0.03,0,0,64.3,0.43,6.8,72.1,12.5,4,4.5,"2023-2024"
"VAL","BAY","17_2","Regular Season","Elias  Harris",3,0,0,0,NA,0,0,NA,0,0,NA,0,0,0,0,0,0,0,0,1,0,-1,"H","W",85,39,29,25,19,10,17,21,11,23,34,6,6,3,19,97,85,39,29,25,19,10,17,21,11,23,34,6,6,3,19,97,NA,0,NA,-0.01,NA,NA,NA,NA,-0.4,NA,NA,0,0,"2023-2024"
"BAS","MIL","17_3","Regular Season","Nicolo  Melli",32,21,7,11,63.6,2,4,50,1,2,50,1,2,3,3,0,1,3,0,3,5,24,"H","W",76,40,23,17,20,8,12,21,8,27,35,11,15,4,24,86,76,40,23,17,20,8,12,21,8,27,35,11,15,4,24,86,1.24,15.2,138.2,0.14,19.7,3,66.7,0.13,17,66.1,6.58,4.9,6.2,"2023-2024"
"BAS","MIL","17_3","Regular Season","Diego  Flaccadori",28,14,1,6,16.7,3,6,50,3,4,75,1,3,4,5,4,3,0,0,3,2,14,"H","W",76,40,23,17,20,8,12,21,8,27,35,11,15,4,24,86,76,40,23,17,20,8,12,21,8,27,35,11,15,4,24,86,0.88,15.1,92.7,0.09,33.1,1.7,45.8,0.33,11.7,50.9,19.87,5.6,6.2,"2023-2024"
"BAS","MIL","17_3","Regular Season","Devon  Hall",31,0,0,4,0,0,2,0,0,0,NA,0,3,3,2,2,0,1,0,3,1,0,"H","W",76,40,23,17,20,8,12,21,8,27,35,11,15,4,24,86,76,40,23,17,20,8,12,21,8,27,35,11,15,4,24,86,0,5.8,0,-0.01,34.5,Inf,0,0,-0.4,0,0,1.8,0,"2023-2024"
"BAS","MIL","17_3","Regular Season","Kyle  Hines",23,8,3,5,60,0,0,NA,2,2,100,3,3,6,3,0,2,0,0,3,2,12,"H","W",76,40,23,17,20,8,12,21,8,27,35,11,15,4,24,86,76,40,23,17,20,8,12,21,8,27,35,11,15,4,24,86,1.14,4.7,170.2,0.07,63.8,1.5,60,0.4,7.6,68,42.55,3.2,18.8,"2023-2024"
"BAS","MIL","17_3","Regular Season","Johannes  Voigtmann",28,19,4,6,66.7,3,6,50,2,4,50,2,10,12,3,1,2,0,0,0,3,29,"H","W",76,40,23,17,20,8,12,21,8,27,35,11,15,4,24,86,76,40,23,17,20,8,12,21,8,27,35,11,15,4,24,86,1.19,13.2,143.9,0.2,22.7,1.5,70.8,0.33,18.1,69,15.15,5.3,12.5,"2023-2024"
"BAS","MIL","17_3","Regular Season","Alex  Poythress",16,5,2,3,66.7,0,0,NA,1,1,100,1,2,3,1,1,2,0,0,4,1,4,"H","W",76,40,23,17,20,8,12,21,8,27,35,11,15,4,24,86,76,40,23,17,20,8,12,21,8,27,35,11,15,4,24,86,1.25,4.3,116.3,0.02,23.3,0.5,66.7,0.33,3.1,72.7,46.51,3.2,6.2,"2023-2024"
"BAS","MIL","17_3","Regular Season","Giordano  Bortolani",3,0,0,1,0,0,1,0,0,0,NA,0,0,0,0,0,0,0,0,2,0,-4,"H","W",76,40,23,17,20,8,12,21,8,27,35,11,15,4,24,86,76,40,23,17,20,8,12,21,8,27,35,11,15,4,24,86,0,1.9,0,-0.03,0,NA,0,0,-2.2,0,0,6.2,0,"2023-2024"
"BAS","MIL","17_3","Regular Season","Stefano  Tonut",22,7,2,2,100,0,1,0,3,4,75,0,2,2,2,2,2,0,0,1,2,10,"H","W",76,40,23,17,20,8,12,21,8,27,35,11,15,4,24,86,76,40,23,17,20,8,12,21,8,27,35,11,15,4,24,86,1,6.5,107.7,0.06,30.8,1,66.7,1.33,6.9,73.5,30.77,2.9,0,"2023-2024"
"BAS","MIL","17_3","Regular Season","Billy   Baron",15,0,0,1,0,0,3,0,0,0,NA,0,2,2,2,1,3,0,0,4,2,-4,"H","W",76,40,23,17,20,8,12,21,8,27,35,11,15,4,24,86,76,40,23,17,20,8,12,21,8,27,35,11,15,4,24,86,0,6.7,0,-0.05,29.9,0.7,0,0,-4.4,0,44.78,4.4,0,"2023-2024"
"BAS","MIL","17_3","Regular Season","Ismael  Kamagate",1,2,1,1,100,0,0,NA,0,0,NA,0,0,0,0,0,0,0,0,1,0,1,"H","W",76,40,23,17,20,8,12,21,8,27,35,11,15,4,24,86,76,40,23,17,20,8,12,21,8,27,35,11,15,4,24,86,2,1,200,0.01,0,NA,100,0,1.3,100,0,9.4,0,"2023-2024"
"BAS","MIL","17_3","Regular Season","Guglielmo   Caruso",1,0,0,0,NA,0,0,NA,0,0,NA,0,0,0,0,0,0,0,0,0,0,0,"H","W",76,40,23,17,20,8,12,21,8,27,35,11,15,4,24,86,76,40,23,17,20,8,12,21,8,27,35,11,15,4,24,86,NA,0,NA,0,NA,NA,NA,NA,0,NA,NA,0,0,"2023-2024"
"MIL","BAS","17_3","Regular Season","Tadas  Sedekerskis",36,12,5,7,71.4,0,0,NA,2,3,66.7,1,8,9,1,1,2,0,1,1,3,19,"A","L",67,36,17,26,19,3,20,19,5,27,32,9,15,0,18,77,67,36,17,26,19,3,20,19,5,27,32,9,15,0,18,77,1.2,8.9,134.8,0.15,11.2,0.5,71.4,0.43,11.1,72.1,22.47,2.9,10,"2023-2024"
"MIL","BAS","17_3","Regular Season","Vanja  Marinkovic",23,10,3,4,75,1,3,33.3,1,1,100,0,0,0,1,2,0,0,0,0,2,12,"A","L",67,36,17,26,19,3,20,19,5,27,32,9,15,0,18,77,67,36,17,26,19,3,20,19,5,27,32,9,15,0,18,77,1.25,7.1,140.8,0.09,14.1,Inf,64.3,0.14,9.4,67.2,0,3.3,0,"2023-2024"
"MIL","BAS","17_3","Regular Season","Codi  Miller-McIntyre",26,4,2,5,40,0,0,NA,0,0,NA,0,4,4,5,1,4,0,1,2,1,5,"A","L",67,36,17,26,19,3,20,19,5,27,32,9,15,0,18,77,67,36,17,26,19,3,20,19,5,27,32,9,15,0,18,77,0.8,8.6,46.5,0.05,58.1,1.2,40,0,2.2,40,46.51,3.5,0,"2023-2024"
"MIL","BAS","17_3","Regular Season","Daniel  Diez",3,0,0,0,NA,0,1,0,0,0,NA,0,0,0,0,0,0,0,0,0,0,-1,"A","L",67,36,17,26,19,3,20,19,5,27,32,9,15,0,18,77,67,36,17,26,19,3,20,19,5,27,32,9,15,0,18,77,0,1,0,-0.01,0,NA,0,0,-0.7,0,0,3.4,0,"2023-2024"
"MIL","BAS","17_3","Regular Season","Maik  Kotsar",13,2,0,4,0,0,0,NA,2,2,100,2,0,2,1,0,0,0,1,0,2,2,"A","L",67,36,17,26,19,3,20,19,5,27,32,9,15,0,18,77,67,36,17,26,19,3,20,19,5,27,32,9,15,0,18,77,0.33,2.8,71.4,0,35.7,Inf,0,0.5,1.3,20.5,0,3.8,20,"2023-2024"
"MIL","BAS","17_3","Regular Season","Markus  Howard",17,7,1,4,25,1,6,16.7,2,3,66.7,0,0,0,0,0,2,0,1,3,1,-7,"A","L",67,36,17,26,19,3,20,19,5,27,32,9,15,0,18,77,67,36,17,26,19,3,20,19,5,27,32,9,15,0,18,77,0.54,12.8,54.7,-0.06,0,0,25,0.3,-2.8,30.9,15.62,7.9,0,"2023-2024"
"MIL","BAS","17_3","Regular Season","Christopher  Chiozza",16,0,0,0,NA,0,1,0,0,0,NA,0,3,3,7,2,3,0,0,2,2,8,"A","L",67,36,17,26,19,3,20,19,5,27,32,9,15,0,18,77,67,36,17,26,19,3,20,19,5,27,32,9,15,0,18,77,0,3.8,0,0.06,184.2,2.3,0,0,3.3,0,78.95,2.5,0,"2023-2024"
"MIL","BAS","17_3","Regular Season","Nikos  Rogkavopoulos",14,6,1,1,100,0,2,0,4,4,100,0,2,2,0,0,0,0,0,2,2,6,"A","L",67,36,17,26,19,3,20,19,5,27,32,9,15,0,18,77,67,36,17,26,19,3,20,19,5,27,32,9,15,0,18,77,0.86,4.6,130.4,0.04,0,NA,33.3,1.33,4.1,63,0,3.4,0,"2023-2024"
"MIL","BAS","17_3","Regular Season","Khalifa  Diop",6,3,1,1,100,0,0,NA,1,3,33.3,2,0,2,1,0,0,0,0,0,3,7,"A","L",67,36,17,26,19,3,20,19,5,27,32,9,15,0,18,77,67,36,17,26,19,3,20,19,5,27,32,9,15,0,18,77,0.75,0.3,1000,0.03,333.3,Inf,100,3,4,64.7,0,3.9,20,"2023-2024"
"MIL","BAS","17_3","Regular Season","Matthew  Costello",19,9,2,3,66.7,1,4,25,2,2,100,0,2,2,3,0,1,0,0,5,2,6,"A","L",67,36,17,26,19,3,20,19,5,27,32,9,15,0,18,77,67,36,17,26,19,3,20,19,5,27,32,9,15,0,18,77,1,8.5,105.9,0.04,35.3,3,50,0.29,5,57.1,11.76,4.7,0,"2023-2024"
"MIL","BAS","17_3","Regular Season","Chima  Moneke",27,14,4,7,57.1,0,0,NA,6,8,75,0,8,8,0,3,3,0,0,3,6,20,"A","L",67,36,17,26,19,3,20,19,5,27,32,9,15,0,18,77,67,36,17,26,19,3,20,19,5,27,32,9,15,0,18,77,0.93,13,107.7,0.13,0,0,57.1,1.14,11.1,66.5,23.08,5,0,"2023-2024"
"CRV","PAN","17_4","Regular Season","Kostas  Sloukas",28,9,1,2,50,2,4,50,1,2,50,0,3,3,7,1,2,0,0,1,4,17,"H","W",82,43,22,18,26,5,15,13,13,24,37,8,11,0,15,97,82,43,22,18,26,5,15,13,13,24,37,8,11,0,15,97,1.12,8.5,105.9,0.09,82.4,3.5,66.7,0.33,10,65.4,23.53,3,0,"2023-2024"
"CRV","PAN","17_4","Regular Season","Kendrick  Nunn",24,6,3,7,42.9,0,5,0,0,0,NA,0,2,2,1,0,1,0,1,2,1,-3,"H","W",82,43,22,18,26,5,15,13,13,24,37,8,11,0,15,97,82,43,22,18,26,5,15,13,13,24,37,8,11,0,15,97,0.5,12.5,48,-0.02,8,1,25,0,-1.7,25,8,5.2,0,"2023-2024"
"CRV","PAN","17_4","Regular Season","Kostas  Antetokounmpo",9,8,4,6,66.7,0,0,NA,0,0,NA,2,4,6,0,2,2,0,0,2,2,12,"H","W",82,43,22,18,26,5,15,13,13,24,37,8,11,0,15,97,82,43,22,18,26,5,15,13,13,24,37,8,11,0,15,97,1.33,5.8,137.9,0.06,0,0,66.7,0,7.2,66.7,34.48,8.5,7.7,"2023-2024"
"CRV","PAN","17_4","Regular Season","Marius  Grigonis",17,9,2,4,50,1,2,50,2,2,100,1,4,5,0,0,0,0,0,1,1,11,"H","W",82,43,22,18,26,5,15,13,13,24,37,8,11,0,15,97,82,43,22,18,26,5,15,13,13,24,37,8,11,0,15,97,1.12,5.6,160.7,0.07,0,NA,58.3,0.33,7.5,65.4,0,3.9,3.8,"2023-2024"
"CRV","PAN","17_4","Regular Season","Konstantinos  Mitoglou",23,15,5,6,83.3,0,2,0,5,5,100,2,3,5,2,1,0,0,0,3,3,20,"H","W",82,43,22,18,26,5,15,13,13,24,37,8,11,0,15,97,82,43,22,18,26,5,15,13,13,24,37,8,11,0,15,97,1.15,7.9,189.9,0.11,25.3,Inf,62.5,0.62,14.9,73.5,0,4.2,7.7,"2023-2024"
"CRV","PAN","17_4","Regular Season","Panagiotis  Kalaitzakis",9,2,1,1,100,0,1,0,0,0,NA,1,0,1,0,0,1,0,0,1,0,0,"H","W",82,43,22,18,26,5,15,13,13,24,37,8,11,0,15,97,82,43,22,18,26,5,15,13,13,24,37,8,11,0,15,97,1,1.9,105.3,0,0,0,50,0,0.3,50,52.63,3.2,3.8,"2023-2024"
"CRV","PAN","17_4","Regular Season","Luca  Vildoza",15,2,1,3,33.3,0,2,0,0,0,NA,0,0,0,0,1,1,0,0,0,0,-2,"H","W",82,43,22,18,26,5,15,13,13,24,37,8,11,0,15,97,82,43,22,18,26,5,15,13,13,24,37,8,11,0,15,97,0.4,5.8,34.5,-0.01,0,0,20,0,-1.1,20,17.24,3.8,0,"2023-2024"
"CRV","PAN","17_4","Regular Season","Aleksander  Balcerowski",1,0,0,1,0,0,0,NA,0,0,NA,0,0,0,0,0,0,0,1,1,0,-3,"H","W",82,43,22,18,26,5,15,13,13,24,37,8,11,0,15,97,82,43,22,18,26,5,15,13,13,24,37,8,11,0,15,97,0,1,0,-0.01,0,NA,0,0,-1.1,0,0,9.5,0,"2023-2024"
"CRV","PAN","17_4","Regular Season","Jerian  Grant",26,14,3,4,75,2,3,66.7,2,2,100,1,2,3,2,2,1,0,0,1,2,19,"H","W",82,43,22,18,26,5,15,13,13,24,37,8,11,0,15,97,82,43,22,18,26,5,15,13,13,24,37,8,11,0,15,97,1.56,7.6,184.2,0.12,26.3,2,85.7,0.29,14.4,88.8,13.16,3.3,3.8,"2023-2024"
"CRV","PAN","17_4","Regular Season","Mathias  Lessort",29,13,4,5,80,0,0,NA,5,7,71.4,2,2,4,1,0,3,0,1,1,8,18,"H","W",82,43,22,18,26,5,15,13,13,24,37,8,11,0,15,97,82,43,22,18,26,5,15,13,13,24,37,8,11,0,15,97,1.08,8.7,149.4,0.07,11.5,0.3,80,1.4,9.6,80.4,34.48,3.6,7.7,"2023-2024"
"CRV","PAN","17_4","Regular Season","Juan  Hernangomez",17,4,2,4,50,0,3,0,0,0,NA,4,4,8,0,1,0,0,0,2,2,8,"H","W",82,43,22,18,26,5,15,13,13,24,37,8,11,0,15,97,82,43,22,18,26,5,15,13,13,24,37,8,11,0,15,97,0.57,2.9,137.9,0.03,0,NA,28.6,0,4.1,28.6,0,3.9,15.4,"2023-2024"
"PAN","CRV","17_4","Regular Season","Milos  Teodosic",19,0,0,0,NA,0,2,0,0,0,NA,0,1,1,3,1,2,0,0,2,2,1,"A","L",65,34,25,10,22,4,9,12,7,21,28,7,14,3,23,59,65,34,25,10,22,4,9,12,7,21,28,7,14,3,23,59,0,3.8,0,-0.01,78.9,1.5,0,0,-0.8,0,52.63,2.2,0,"2023-2024"
"PAN","CRV","17_4","Regular Season","Adam  Hanga",17,6,3,3,100,0,4,0,0,0,NA,0,0,0,1,0,2,0,0,4,1,-2,"A","L",65,34,25,10,22,4,9,12,7,21,28,7,14,3,23,59,65,34,25,10,22,4,9,12,7,21,28,7,14,3,23,59,0.86,8.6,69.8,-0.04,11.6,0.5,42.9,0,-0.6,42.9,23.26,5.5,0,"2023-2024"
"PAN","CRV","17_4","Regular Season","Luka  Mitrovic",21,12,6,9,66.7,0,0,NA,0,0,NA,2,4,6,0,2,0,1,0,0,1,19,"A","L",65,34,25,10,22,4,9,12,7,21,28,7,14,3,23,59,65,34,25,10,22,4,9,12,7,21,28,7,14,3,23,59,1.33,6.7,179.1,0.21,0,NA,66.7,0,13.4,66.7,0,4.4,14.3,"2023-2024"
"PAN","CRV","17_4","Regular Season","Branko  Lazic",15,0,0,0,NA,0,1,0,0,0,NA,0,0,0,1,0,0,0,0,2,0,-2,"A","L",65,34,25,10,22,4,9,12,7,21,28,7,14,3,23,59,65,34,25,10,22,4,9,12,7,21,28,7,14,3,23,59,0,1,0,-0.03,100,Inf,0,0,-0.8,0,0,0.7,0,"2023-2024"
"PAN","CRV","17_4","Regular Season","Joel  Bolomboy",24,15,5,6,83.3,1,2,50,2,2,100,4,1,5,0,0,2,0,0,2,2,16,"A","L",65,34,25,10,22,4,9,12,7,21,28,7,14,3,23,59,65,34,25,10,22,4,9,12,7,21,28,7,14,3,23,59,1.5,6.6,227.3,0.15,0,0,81.2,0.25,12.1,84.5,30.3,4.7,28.6,"2023-2024"
"PAN","CRV","17_4","Regular Season","Stefan  Lazarevic",3,0,0,0,NA,0,0,NA,0,0,NA,0,0,0,0,1,0,0,0,1,0,0,"A","L",65,34,25,10,22,4,9,12,7,21,28,7,14,3,23,59,65,34,25,10,22,4,9,12,7,21,28,7,14,3,23,59,NA,0,NA,0,NA,NA,NA,NA,0.6,NA,NA,0,0,"2023-2024"
"PAN","CRV","17_4","Regular Season","Dejan  Davidovac",19,2,0,1,0,0,3,0,2,2,100,1,6,7,0,0,0,1,0,4,1,3,"A","L",65,34,25,10,22,4,9,12,7,21,28,7,14,3,23,59,65,34,25,10,22,4,9,12,7,21,28,7,14,3,23,59,0.33,3.7,54.1,0.01,0,NA,0,0.5,0.8,20.5,0,2.7,7.1,"2023-2024"
"PAN","CRV","17_4","Regular Season","Marko  Simonovic",4,0,0,2,0,0,2,0,0,0,NA,0,1,1,0,1,1,0,0,1,0,-4,"A","L",65,34,25,10,22,4,9,12,7,21,28,7,14,3,23,59,65,34,25,10,22,4,9,12,7,21,28,7,14,3,23,59,0,4.8,0,-0.05,0,0,0,0,-2.9,0,20.83,12.9,0,"2023-2024"
"PAN","CRV","17_4","Regular Season","Mike  Tobey",9,2,1,1,100,0,2,0,0,0,NA,0,2,2,0,0,0,1,0,1,1,3,"A","L",65,34,25,10,22,4,9,12,7,21,28,7,14,3,23,59,65,34,25,10,22,4,9,12,7,21,28,7,14,3,23,59,0.67,2.9,69,0.02,0,NA,33.3,0,1.2,33.3,0,3.4,0,"2023-2024"
"PAN","CRV","17_4","Regular Season","Nemanja  Nedovic",25,15,4,5,80,1,4,25,4,4,100,0,2,2,1,0,4,0,0,1,4,13,"A","L",65,34,25,10,22,4,9,12,7,21,28,7,14,3,23,59,65,34,25,10,22,4,9,12,7,21,28,7,14,3,23,59,1.15,14.2,105.6,0.12,7,0.2,61.1,0.44,7.6,69.7,28.17,6.1,0,"2023-2024"
"PAN","CRV","17_4","Regular Season","Rokas  Giedraitis",18,1,0,1,0,0,1,0,1,2,50,0,1,1,2,2,1,0,0,0,1,3,"A","L",65,34,25,10,22,4,9,12,7,21,28,7,14,3,23,59,65,34,25,10,22,4,9,12,7,21,28,7,14,3,23,59,0.25,3.7,27,0.03,54.1,2,0,1,1.9,17.4,27.03,2.2,0,"2023-2024"
"PAN","CRV","17_4","Regular Season","Yago Mateus dos Santos",24,12,3,6,50,2,4,50,0,0,NA,0,3,3,4,0,2,0,0,5,2,9,"A","L",65,34,25,10,22,4,9,12,7,21,28,7,14,3,23,59,65,34,25,10,22,4,9,12,7,21,28,7,14,3,23,59,1.2,11.5,104.3,0.09,34.8,2,60,0,6.7,60,17.39,5.2,0,"2023-2024"
"RMB","VIL","17_5","Regular Season","Paris  Lee",35,17,5,8,62.5,1,6,16.7,4,4,100,0,2,2,7,2,2,0,0,3,4,19,"H","L",76,45,18,13,25,6,8,16,6,24,30,4,9,0,23,70,76,45,18,13,25,6,8,16,6,24,30,4,9,0,23,70,0.94,17,100,0.14,41.2,3.5,46.4,0.29,13.9,53.9,11.76,5.2,0,"2023-2024"
"RMB","VIL","17_5","Regular Season","Charles Lombahe Kahudi",29,5,1,2,50,1,2,50,0,0,NA,1,5,6,1,0,0,0,0,3,3,10,"H","L",76,45,18,13,25,6,8,16,6,24,30,4,9,0,23,70,76,45,18,13,25,6,8,16,6,24,30,4,9,0,23,70,1.25,2.9,172.4,0.06,34.5,Inf,62.5,0,4.7,62.5,0,1.4,8.3,"2023-2024"
"RMB","VIL","17_5","Regular Season","Joffrey  Lauvergne",26,16,8,13,61.5,0,1,0,0,0,NA,0,2,2,2,1,0,0,3,2,1,11,"H","L",76,45,18,13,25,6,8,16,6,24,30,4,9,0,23,70,76,45,18,13,25,6,8,16,6,24,30,4,9,0,23,70,1.14,13.4,119.4,0.12,14.9,Inf,57.1,0,11.6,57.1,0,5.5,0,"2023-2024"
"RMB","VIL","17_5","Regular Season","Timothe  Luwawu-Cabarrot",30,20,5,8,62.5,2,3,66.7,4,5,80,0,1,1,3,0,2,0,0,5,4,16,"H","L",76,45,18,13,25,6,8,16,6,24,30,4,9,0,23,70,76,45,18,13,25,6,8,16,6,24,30,4,9,0,23,70,1.25,14.6,137,0.11,20.5,1.5,72.7,0.45,13.1,75.8,13.7,5.2,0,"2023-2024"
"RMB","VIL","17_5","Regular Season","Youssoupha  Fall",17,4,2,4,50,0,0,NA,0,0,NA,2,4,6,0,0,1,0,0,5,1,3,"H","L",76,45,18,13,25,6,8,16,6,24,30,4,9,0,23,70,76,45,18,13,25,6,8,16,6,24,30,4,9,0,23,70,1,2.9,137.9,0.01,0,0,50,0,1.6,50,34.48,3,16.7,"2023-2024"
"RMB","VIL","17_5","Regular Season","Mike  Scott",24,10,2,3,66.7,2,3,66.7,0,0,NA,0,4,4,1,1,2,0,0,4,0,8,"H","L",76,45,18,13,25,6,8,16,6,24,30,4,9,0,23,70,76,45,18,13,25,6,8,16,6,24,30,4,9,0,23,70,1.67,7.7,129.9,0.07,13,0.5,83.3,0,6.7,83.3,25.97,3.4,0,"2023-2024"
"RMB","VIL","17_5","Regular Season","Edwin  Jackson",14,0,0,2,0,0,1,0,0,0,NA,0,1,1,1,0,2,0,0,1,1,-3,"H","L",76,45,18,13,25,6,8,16,6,24,30,4,9,0,23,70,76,45,18,13,25,6,8,16,6,24,30,4,9,0,23,70,0,4.8,0,-0.04,20.8,0.5,0,0,-3.5,0,41.67,3.7,0,"2023-2024"
"RMB","VIL","17_5","Regular Season","John  Egbunu",17,4,2,4,50,0,0,NA,0,2,0,2,3,5,1,0,0,0,0,0,1,7,"H","L",76,45,18,13,25,6,8,16,6,24,30,4,9,0,23,70,76,45,18,13,25,6,8,16,6,24,30,4,9,0,23,70,0.67,2.8,142.9,0.05,35.7,Inf,50,0.5,4.2,41,0,3,16.7,"2023-2024"
"RMB","VIL","17_5","Regular Season","David  Lighty",8,0,0,1,0,0,2,0,0,2,0,1,2,3,0,0,0,0,0,0,1,-1,"H","L",76,45,18,13,25,6,8,16,6,24,30,4,9,0,23,70,76,45,18,13,25,6,8,16,6,24,30,4,9,0,23,70,0,2.8,0,-0.02,0,NA,0,0.67,-1.6,0,0,5,8.3,"2023-2024"
"VIL","RMB","17_5","Regular Season","Fabien  Causeur",23,9,3,4,75,1,2,50,0,0,NA,0,1,1,2,0,0,0,0,2,0,8,"A","W",77,46,15,23,24,5,14,19,8,22,30,6,8,3,16,93,77,46,15,23,24,5,14,19,8,22,30,6,8,3,16,93,1.5,5.8,155.2,0.06,34.5,Inf,75,0,7.3,75,0,2.6,0,"2023-2024"
"VIL","RMB","17_5","Regular Season","Facundo  Campazzo",24,6,1,2,50,0,3,0,4,6,66.7,1,1,2,4,1,2,0,0,3,4,6,"A","W",77,46,15,23,24,5,14,19,8,22,30,6,8,3,16,93,77,46,15,23,24,5,14,19,8,22,30,6,8,3,16,93,0.55,8.3,72.3,0.01,48.2,2,20,1.2,3.7,39.3,24.1,4.1,6.2,"2023-2024"
"VIL","RMB","17_5","Regular Season","Walter  Tavares",28,16,7,13,53.8,0,0,NA,2,3,66.7,5,7,12,1,1,2,2,0,3,6,26,"A","W",77,46,15,23,24,5,14,19,8,22,30,6,8,3,16,93,77,46,15,23,24,5,14,19,8,22,30,6,8,3,16,93,1,10.9,146.8,0.13,9.2,0.5,53.8,0.23,14.8,55.9,18.35,5.9,31.2,"2023-2024"
"VIL","RMB","17_5","Regular Season","Eli  Ndiaye",15,0,0,0,NA,0,0,NA,0,0,NA,0,1,1,0,1,1,0,0,1,0,0,"A","W",77,46,15,23,24,5,14,19,8,22,30,6,8,3,16,93,77,46,15,23,24,5,14,19,8,22,30,6,8,3,16,93,NA,1,0,0,0,0,NA,NA,-0.1,NA,100,0.7,0,"2023-2024"
"VIL","RMB","17_5","Regular Season","Dzanan  Musa",25,10,3,5,60,0,1,0,4,4,100,0,1,1,1,0,1,1,0,2,3,10,"A","W",77,46,15,23,24,5,14,19,8,22,30,6,8,3,16,93,77,46,15,23,24,5,14,19,8,22,30,6,8,3,16,93,1,8.4,119,0.05,11.9,1,50,0.67,6.9,64.4,11.9,3.5,0,"2023-2024"
"VIL","RMB","17_5","Regular Season","Ismaila  Diagne",0,0,0,0,NA,0,0,NA,0,0,NA,0,0,0,0,0,0,0,0,0,0,0,"A","W",77,46,15,23,24,5,14,19,8,22,30,6,8,3,16,93,77,46,15,23,24,5,14,19,8,22,30,6,8,3,16,93,NA,0,NA,0,NA,NA,NA,NA,0,NA,NA,NA,0,"2023-2024"
"VIL","RMB","17_5","Regular Season","Alberto   Abalde",22,7,0,1,0,2,2,100,1,2,50,0,4,4,1,1,0,0,0,1,2,12,"A","W",77,46,15,23,24,5,14,19,8,22,30,6,8,3,16,93,77,46,15,23,24,5,14,19,8,22,30,6,8,3,16,93,1.4,3.7,189.2,0.08,27,Inf,100,0.67,7.8,90.2,0,1.8,0,"2023-2024"
"VIL","RMB","17_5","Regular Season","Hugo  Gonzalez",7,0,0,0,NA,0,2,0,0,0,NA,0,0,0,0,0,0,0,0,2,0,-4,"A","W",77,46,15,23,24,5,14,19,8,22,30,6,8,3,16,93,77,46,15,23,24,5,14,19,8,22,30,6,8,3,16,93,0,1.9,0,-0.03,0,NA,0,0,-2.2,0,0,2.9,0,"2023-2024"
"VIL","RMB","17_5","Regular Season","Sergio  Rodriguez",14,3,0,2,0,1,2,50,0,0,NA,1,0,1,6,1,2,0,0,2,0,4,"A","W",77,46,15,23,24,5,14,19,8,22,30,6,8,3,16,93,77,46,15,23,24,5,14,19,8,22,30,6,8,3,16,93,0.75,4.8,62.5,0.03,125,3,37.5,0,3.7,37.5,41.67,4.3,6.2,"2023-2024"
"VIL","RMB","17_5","Regular Season","Vincent  Poirier",21,17,8,11,72.7,0,1,0,1,4,25,1,6,7,0,0,0,0,0,0,4,21,"A","W",77,46,15,23,24,5,14,19,8,22,30,6,8,3,16,93,77,46,15,23,24,5,14,19,8,22,30,6,8,3,16,93,1.06,12.2,139.3,0.13,0,NA,66.7,0.33,13.1,61.8,0,6.6,6.2,"2023-2024"
"VIL","RMB","17_5","Regular Season","Sergio  Llull",19,9,2,8,25,1,2,50,2,4,50,0,1,1,4,1,0,0,0,0,4,10,"A","W",77,46,15,23,24,5,14,19,8,22,30,6,8,3,16,93,77,46,15,23,24,5,14,19,8,22,30,6,8,3,16,93,0.64,11.3,79.6,0.05,35.4,Inf,35,0.4,6.5,38.3,0,6.3,0,"2023-2024"
"MAC","ZAL","17_6","Regular Season","Keenan  Evans",31,18,6,11,54.5,0,6,0,6,6,100,2,2,4,2,1,2,1,2,1,4,14,"H","L",70,38,28,13,19,7,11,10,12,18,30,7,14,3,18,57,70,38,28,13,19,7,11,10,12,18,30,7,14,3,18,57,0.78,18.9,95.2,0.14,10.6,1,35.3,0.35,11.2,45.8,10.58,6.5,8.3,"2023-2024"
"MAC","ZAL","17_6","Regular Season","Rolands  Smits",27,6,3,3,100,0,3,0,0,0,NA,1,3,4,2,1,1,0,0,3,3,9,"H","L",70,38,28,13,19,7,11,10,12,18,30,7,14,3,18,57,70,38,28,13,19,7,11,10,12,18,30,7,14,3,18,57,1,5.8,103.4,0.07,34.5,2,50,0,4.8,50,17.24,2.4,4.2,"2023-2024"
"MAC","ZAL","17_6","Regular Season","Laurynas  Birutis",18,8,4,5,80,0,0,NA,0,0,NA,3,6,9,0,0,0,1,0,2,2,17,"H","L",70,38,28,13,19,7,11,10,12,18,30,7,14,3,18,57,70,38,28,13,19,7,11,10,12,18,30,7,14,3,18,57,1.6,1.9,421.1,0.17,0,NA,80,0,9.9,80,0,2.6,12.5,"2023-2024"
"MAC","ZAL","17_6","Regular Season","Edmond  Sumner",17,14,2,2,100,3,5,60,1,2,50,0,0,0,1,0,2,0,0,2,1,9,"H","L",70,38,28,13,19,7,11,10,12,18,30,7,14,3,18,57,70,38,28,13,19,7,11,10,12,18,30,7,14,3,18,57,1.56,9.5,147.4,0.1,10.5,0.5,92.9,0.29,8.6,88.8,21.05,5.4,0,"2023-2024"
"MAC","ZAL","17_6","Regular Season","Edgaras  Ulanovas",29,8,1,4,25,2,5,40,0,0,NA,3,4,7,3,2,1,0,0,1,3,15,"H","L",70,38,28,13,19,7,11,10,12,18,30,7,14,3,18,57,70,38,28,13,19,7,11,10,12,18,30,7,14,3,18,57,0.89,6.7,119.4,0.14,44.8,3,44.4,0,8.9,44.4,14.93,3.2,12.5,"2023-2024"
"MAC","ZAL","17_6","Regular Season","Lukas  Lekavicius",5,2,1,2,50,0,1,0,0,0,NA,0,0,0,1,0,1,0,1,1,0,-2,"H","L",70,38,28,13,19,7,11,10,12,18,30,7,14,3,18,57,70,38,28,13,19,7,11,10,12,18,30,7,14,3,18,57,0.67,3.8,52.6,-0.01,26.3,1,33.3,0,-0.4,33.3,26.32,7.5,0,"2023-2024"
"MAC","ZAL","17_6","Regular Season","Kevarrius  Hayes",13,2,1,2,50,0,0,NA,0,0,NA,2,0,2,0,1,1,1,0,2,1,3,"H","L",70,38,28,13,19,7,11,10,12,18,30,7,14,3,18,57,70,38,28,13,19,7,11,10,12,18,30,7,14,3,18,57,1,1,200,0.01,0,0,50,0,2.3,50,100,2.2,8.3,"2023-2024"
"MAC","ZAL","17_6","Regular Season","Dovydas  Giedraitis",23,7,1,5,20,1,2,50,2,2,100,0,1,1,1,2,2,0,1,1,1,3,"H","L",70,38,28,13,19,7,11,10,12,18,30,7,14,3,18,57,70,38,28,13,19,7,11,10,12,18,30,7,14,3,18,57,0.78,9.5,73.7,0.04,10.5,0.5,35.7,0.29,3.5,44.4,21.05,4,0,"2023-2024"
"MAC","ZAL","17_6","Regular Season","Austin  Hollins",5,2,0,0,NA,0,2,0,2,3,66.7,0,0,0,0,0,0,0,0,2,1,-2,"H","L",70,38,28,13,19,7,11,10,12,18,30,7,14,3,18,57,70,38,28,13,19,7,11,10,12,18,30,7,14,3,18,57,0.4,3.2,62.5,-0.04,0,NA,0,1.5,-0.6,30.1,0,6.2,0,"2023-2024"
"MAC","ZAL","17_6","Regular Season","Tomas  Dimsa",9,0,0,3,0,0,2,0,0,0,NA,0,0,0,0,0,1,0,1,2,0,-9,"H","L",70,38,28,13,19,7,11,10,12,18,30,7,14,3,18,57,70,38,28,13,19,7,11,10,12,18,30,7,14,3,18,57,0,5.8,0,-0.1,0,0,0,0,-5.3,0,17.24,6.2,0,"2023-2024"
"MAC","ZAL","17_6","Regular Season","Danielius  Lavrinovicius",8,0,0,1,0,0,0,NA,0,0,NA,1,0,1,0,0,1,0,0,0,0,-1,"H","L",70,38,28,13,19,7,11,10,12,18,30,7,14,3,18,57,70,38,28,13,19,7,11,10,12,18,30,7,14,3,18,57,0,1,0,-0.02,0,0,0,0,-1,0,100,2.3,4.2,"2023-2024"
"MAC","ZAL","17_6","Regular Season","Brady   Manek",14,3,0,0,NA,1,2,50,0,0,NA,0,2,2,0,0,2,0,0,1,0,1,"H","L",70,38,28,13,19,7,11,10,12,18,30,7,14,3,18,57,70,38,28,13,19,7,11,10,12,18,30,7,14,3,18,57,1.5,3.8,78.9,0.01,0,0,75,0,0.2,75,52.63,2.7,0,"2023-2024"
"ZAL","MAC","17_6","Regular Season","Antonius  Cleveland",6,0,0,1,0,0,2,0,0,0,NA,0,1,1,1,1,0,1,1,1,0,-1,"A","W",78,45,20,15,21,8,12,21,10,23,33,8,14,5,16,91,78,45,20,15,21,8,12,21,10,23,33,8,14,5,16,91,0,2.9,0,0,34.5,Inf,0,0,0.2,0,0,4.7,0,"2023-2024"
"ZAL","MAC","17_6","Regular Season","Lorenzo  Brown",33,11,4,10,40,1,6,16.7,0,0,NA,0,2,2,5,2,6,0,0,2,3,4,"A","W",78,45,20,15,21,8,12,21,10,23,33,8,14,5,16,91,78,45,20,15,21,8,12,21,10,23,33,8,14,5,16,91,0.69,21.1,52.1,0.01,23.7,0.8,34.4,0,1.1,34.4,28.44,6.2,0,"2023-2024"
"ZAL","MAC","17_6","Regular Season","Roman  Sorkin",22,11,4,8,50,1,1,100,0,0,NA,2,4,6,1,0,0,1,1,1,0,13,"A","W",78,45,20,15,21,8,12,21,10,23,33,8,14,5,16,91,78,45,20,15,21,8,12,21,10,23,33,8,14,5,16,91,1.22,6.7,164.2,0.09,14.9,Inf,61.1,0,10.3,61.1,0,3.8,10,"2023-2024"
"ZAL","MAC","17_6","Regular Season","Josh  Nebo",25,22,8,11,72.7,0,0,NA,6,6,100,4,2,6,2,0,2,1,0,3,4,27,"A","W",78,45,20,15,21,8,12,21,10,23,33,8,14,5,16,91,78,45,20,15,21,8,12,21,10,23,33,8,14,5,16,91,1.29,11.2,196.4,0.15,17.9,1,72.7,0.55,19.8,80.6,17.86,5.8,20,"2023-2024"
"ZAL","MAC","17_6","Regular Season","Bonzie  Colson",28,11,1,2,50,3,4,75,0,0,NA,0,5,5,0,1,0,0,0,1,1,15,"A","W",78,45,20,15,21,8,12,21,10,23,33,8,14,5,16,91,78,45,20,15,21,8,12,21,10,23,33,8,14,5,16,91,1.83,5.8,189.7,0.1,0,NA,91.7,0,10.5,91.7,0,2,0,"2023-2024"
"ZAL","MAC","17_6","Regular Season","James  Webb III",11,1,0,2,0,0,1,0,1,2,50,0,1,1,0,1,1,2,0,0,1,1,"A","W",78,45,20,15,21,8,12,21,10,23,33,8,14,5,16,91,78,45,20,15,21,8,12,21,10,23,33,8,14,5,16,91,0.2,4.7,21.3,-0.01,0,0,0,0.67,0.2,12.9,21.28,4.1,0,"2023-2024"
"ZAL","MAC","17_6","Regular Season","Rafael  Menco",10,4,0,0,NA,1,2,50,1,2,50,1,3,4,1,1,0,0,0,1,1,8,"A","W",78,45,20,15,21,8,12,21,10,23,33,8,14,5,16,91,78,45,20,15,21,8,12,21,10,23,33,8,14,5,16,91,1,1.8,222.2,0.05,55.6,Inf,75,1,5.5,69.4,0,2.7,5,"2023-2024"
"ZAL","MAC","17_6","Regular Season","John  Dibartolomeo",18,0,0,2,0,0,0,NA,0,0,NA,0,0,0,2,2,0,0,0,4,4,2,"A","W",78,45,20,15,21,8,12,21,10,23,33,8,14,5,16,91,78,45,20,15,21,8,12,21,10,23,33,8,14,5,16,91,0,1.9,0,-0.01,105.3,Inf,0,0,0.4,0,0,1,0,"2023-2024"
"ZAL","MAC","17_6","Regular Season","Jasiel  Rivero",15,4,2,5,40,0,0,NA,0,0,NA,2,3,5,0,0,2,0,1,1,1,3,"A","W",78,45,20,15,21,8,12,21,10,23,33,8,14,5,16,91,78,45,20,15,21,8,12,21,10,23,33,8,14,5,16,91,0.8,4.8,83.3,0.01,0,0,40,0,1.2,40,41.67,4.4,10,"2023-2024"
"ZAL","MAC","17_6","Regular Season","Jake  Cohen",5,0,0,0,NA,0,0,NA,0,0,NA,0,0,0,1,0,1,0,0,0,0,0,"A","W",78,45,20,15,21,8,12,21,10,23,33,8,14,5,16,91,78,45,20,15,21,8,12,21,10,23,33,8,14,5,16,91,NA,1,0,0,100,1,NA,NA,-0.3,NA,100,1.9,0,"2023-2024"
"ZAL","MAC","17_6","Regular Season","Tamir  Blatt",27,14,2,4,50,2,4,50,4,5,80,1,2,3,8,0,2,0,0,2,3,19,"A","W",78,45,20,15,21,8,12,21,10,23,33,8,14,5,16,91,78,45,20,15,21,8,12,21,10,23,33,8,14,5,16,91,1.08,10.8,129.6,0.11,74.1,4,62.5,0.62,13.7,68.6,18.52,4.2,5,"2023-2024"
"BER","OLY","17_7","Regular Season","Thomas  Walkup",24,4,1,3,33.3,0,0,NA,2,2,100,1,1,2,9,4,1,0,0,3,2,15,"A","W",94,31,23,22,23,10,18,30,5,23,28,9,10,5,12,138,94,31,23,22,23,10,18,30,5,23,28,9,10,5,12,138,0.8,3.7,108.1,0.05,243.2,9,33.3,0.67,11.4,51.5,27.03,2.2,10,"2023-2024"
"BER","OLY","17_7","Regular Season","Isaiah  Canaan",19,6,0,0,NA,2,4,50,0,0,NA,0,0,0,2,0,2,0,0,0,0,4,"A","W",94,31,23,22,23,10,18,30,5,23,28,9,10,5,12,138,94,31,23,22,23,10,18,30,5,23,28,9,10,5,12,138,1.5,5.8,103.4,0.02,34.5,1,75,0,3.4,75,34.48,3.4,0,"2023-2024"
"BER","OLY","17_7","Regular Season","Moustapha  Fall",19,12,4,4,100,0,0,NA,4,5,80,1,5,6,3,0,0,2,0,0,3,25,"A","W",94,31,23,22,23,10,18,30,5,23,28,9,10,5,12,138,94,31,23,22,23,10,18,30,5,23,28,9,10,5,12,138,1.33,5,240,0.09,60,Inf,100,1.25,16.1,96.8,0,3.5,10,"2023-2024"
"BER","OLY","17_7","Regular Season","Kostas  Papanikolaou",23,9,1,2,50,2,5,40,1,2,50,1,3,4,5,1,3,0,0,2,2,11,"A","W",94,31,23,22,23,10,18,30,5,23,28,9,10,5,12,138,94,31,23,22,23,10,18,30,5,23,28,9,10,5,12,138,1,9.5,94.7,0.04,52.6,1.7,57.1,0.29,7.2,57.1,31.58,5.1,10,"2023-2024"
"BER","OLY","17_7","Regular Season","Alec  Peters",26,23,7,7,100,2,4,50,3,5,60,1,6,7,1,0,0,0,0,3,3,27,"A","W",94,31,23,22,23,10,18,30,5,23,28,9,10,5,12,138,94,31,23,22,23,10,18,30,5,23,28,9,10,5,12,138,1.44,11.7,196.6,0.1,8.5,Inf,90.9,0.45,20.1,87.1,0,5.5,10,"2023-2024"
"BER","OLY","17_7","Regular Season","Nigel  Williams-Goss",21,13,5,8,62.5,1,1,100,0,0,NA,0,2,2,2,1,2,0,1,2,1,11,"A","W",94,31,23,22,23,10,18,30,5,23,28,9,10,5,12,138,94,31,23,22,23,10,18,30,5,23,28,9,10,5,12,138,1.44,10.6,122.6,0.05,18.9,1,72.2,0,9.3,72.2,18.87,5.7,0,"2023-2024"
"BER","OLY","17_7","Regular Season","Giannoulis  Larentzakis",20,10,0,1,0,2,4,50,4,4,100,0,0,0,7,0,1,0,0,0,5,18,"A","W",94,31,23,22,23,10,18,30,5,23,28,9,10,5,12,138,94,31,23,22,23,10,18,30,5,23,28,9,10,5,12,138,1.11,7.4,135.1,0.06,94.6,7,60,0.8,11.2,74,13.51,4.2,0,"2023-2024"
"BER","OLY","17_7","Regular Season","Nikola  Milutinov",21,4,1,1,100,0,0,NA,2,2,100,0,3,3,0,1,0,3,0,0,2,13,"A","W",94,31,23,22,23,10,18,30,5,23,28,9,10,5,12,138,94,31,23,22,23,10,18,30,5,23,28,9,10,5,12,138,1.33,1.8,222.2,0.04,0,NA,100,2,7.7,106.4,0,1,0,"2023-2024"
"BER","OLY","17_7","Regular Season","Luke  Sikma",14,4,1,1,100,0,2,0,2,2,100,1,1,2,0,1,1,0,0,1,1,4,"A","W",94,31,23,22,23,10,18,30,5,23,28,9,10,5,12,138,94,31,23,22,23,10,18,30,5,23,28,9,10,5,12,138,0.8,3.7,108.1,0.01,0,0,33.3,0.67,2.9,51.5,27.03,3.8,10,"2023-2024"
"BER","OLY","17_7","Regular Season","Shaquielle  McKissic",14,9,3,4,75,1,3,33.3,0,0,NA,0,2,2,1,1,0,0,0,1,1,10,"A","W",94,31,23,22,23,10,18,30,5,23,28,9,10,5,12,138,94,31,23,22,23,10,18,30,5,23,28,9,10,5,12,138,1.29,6.7,134.3,0.04,14.9,Inf,64.3,0,7.6,64.3,0,5.4,0,"2023-2024"
"OLY","BER","17_7","Regular Season","Matteo  Spagnolo",23,11,3,8,37.5,1,2,50,2,2,100,0,2,2,5,0,2,0,2,0,1,9,"H","L",67,36,27,5,15,11,4,20,6,15,21,4,11,1,20,51,67,36,27,5,15,11,4,20,6,15,21,4,11,1,20,51,0.92,12.4,88.7,0.12,40.3,2.5,45,0.2,7.7,50.6,16.13,5.9,0,"2023-2024"
"OLY","BER","17_7","Regular Season","Yannick  Wetzell",21,8,4,6,66.7,0,0,NA,0,0,NA,2,1,3,1,0,0,0,1,3,0,6,"H","L",67,36,27,5,15,11,4,20,6,15,21,4,11,1,20,51,67,36,27,5,15,11,4,20,6,15,21,4,11,1,20,51,1.33,3.8,210.5,0.07,26.3,Inf,66.7,0,6.6,66.7,0,3,16.7,"2023-2024"
"OLY","BER","17_7","Regular Season","Matt  Thomas",22,15,3,4,75,3,7,42.9,0,1,0,0,0,0,1,1,1,0,0,1,1,10,"H","L",67,36,27,5,15,11,4,20,6,15,21,4,11,1,20,51,67,36,27,5,15,11,4,20,6,15,21,4,11,1,20,51,1.25,11.9,126.1,0.11,8.4,1,68.2,0.09,9.6,65.6,8.4,5.9,0,"2023-2024"
"OLY","BER","17_7","Regular Season","Johannes  Thiemann",18,5,0,3,0,1,1,100,2,2,100,0,4,4,5,1,0,0,1,1,2,12,"H","L",67,36,27,5,15,11,4,20,6,15,21,4,11,1,20,51,67,36,27,5,15,11,4,20,6,15,21,4,11,1,20,51,0.83,4.7,106.4,0.14,106.4,Inf,37.5,0.5,7.9,51.2,0,2.8,0,"2023-2024"
"OLY","BER","17_7","Regular Season","Justin  Bean",19,6,0,4,0,2,3,66.7,0,0,NA,0,1,1,1,0,1,0,0,3,1,0,"H","L",67,36,27,5,15,11,4,20,6,15,21,4,11,1,20,51,67,36,27,5,15,11,4,20,6,15,21,4,11,1,20,51,0.86,7.7,77.9,-0.01,13,1,42.9,0,0.7,42.9,12.99,4.4,0,"2023-2024"
"OLY","BER","17_7","Regular Season","Sterling  Brown",21,10,2,5,40,2,4,50,0,0,NA,0,1,1,2,1,2,0,1,2,0,4,"H","L",67,36,27,5,15,11,4,20,6,15,21,4,11,1,20,51,67,36,27,5,15,11,4,20,6,15,21,4,11,1,20,51,1.11,10.6,94.3,0.06,18.9,1,55.6,0,5.2,55.6,18.87,5.5,0,"2023-2024"
"OLY","BER","17_7","Regular Season","Malte  Delow",17,5,1,3,33.3,1,3,33.3,0,0,NA,1,1,2,3,0,2,0,0,2,0,2,"H","L",67,36,27,5,15,11,4,20,6,15,21,4,11,1,20,51,67,36,27,5,15,11,4,20,6,15,21,4,11,1,20,51,0.83,6.7,74.6,0.02,44.8,1.5,41.7,0,1.9,41.7,29.85,4.9,8.3,"2023-2024"
"OLY","BER","17_7","Regular Season","Jonas  Mattisseck",14,3,0,0,NA,1,2,50,0,0,NA,0,1,1,0,0,0,0,0,3,4,4,"H","L",67,36,27,5,15,11,4,20,6,15,21,4,11,1,20,51,67,36,27,5,15,11,4,20,6,15,21,4,11,1,20,51,1.5,1.9,157.9,0,0,NA,75,0,1.1,75,0,1.5,0,"2023-2024"
"OLY","BER","17_7","Regular Season","Tim  Schneider",19,2,1,1,100,0,5,0,0,0,NA,0,3,3,1,1,1,0,0,2,3,2,"H","L",67,36,27,5,15,11,4,20,6,15,21,4,11,1,20,51,67,36,27,5,15,11,4,20,6,15,21,4,11,1,20,51,0.33,6.7,29.9,-0.01,14.9,1,16.7,0,-1,16.7,14.93,3.9,0,"2023-2024"
"OLY","BER","17_7","Regular Season","Christ  Koumadje",22,2,1,1,100,0,0,NA,0,0,NA,3,1,4,1,0,2,1,0,3,0,3,"H","L",67,36,27,5,15,11,4,20,6,15,21,4,11,1,20,51,67,36,27,5,15,11,4,20,6,15,21,4,11,1,20,51,2,0,Inf,0.01,Inf,0.5,100,0,2.3,100,Inf,1.4,25,"2023-2024"
"OLY","BER","17_7","Regular Season","Elias  Rapieque",3,0,0,1,0,0,0,NA,0,0,NA,0,0,0,0,0,0,0,0,0,0,-1,"H","L",67,36,27,5,15,11,4,20,6,15,21,4,11,1,20,51,67,36,27,5,15,11,4,20,6,15,21,4,11,1,20,51,0,1,0,-0.01,0,NA,0,0,-0.7,0,0,3.5,0,"2023-2024"
"ASM","BAR","17_8","Regular Season","Oscar  da Silva",9,0,0,1,0,0,1,0,0,0,NA,0,1,1,1,1,0,0,0,0,1,2,"A","L",71,32,27,20,16,8,15,13,11,25,36,2,14,2,17,72,71,32,27,20,16,8,15,13,11,25,36,2,14,2,17,72,0,1.9,0,0.01,52.6,Inf,0,0,0.6,0,0,2.2,0,"2023-2024"
"ASM","BAR","17_8","Regular Season","Jan  Vesely",23,6,2,4,50,0,0,NA,2,4,50,2,2,4,0,0,2,2,0,1,3,8,"A","L",71,32,27,20,16,8,15,13,11,25,36,2,14,2,17,72,71,32,27,20,16,8,15,13,11,25,36,2,14,2,17,72,0.75,5.5,109.1,0.03,0,0,50,1,4.2,52.1,36.36,3.3,9.1,"2023-2024"
"ASM","BAR","17_8","Regular Season","Nikola  Kalinic",18,10,2,3,66.7,2,5,40,0,0,NA,1,4,5,0,0,3,0,0,2,1,7,"A","L",71,32,27,20,16,8,15,13,11,25,36,2,14,2,17,72,71,32,27,20,16,8,15,13,11,25,36,2,14,2,17,72,1.25,9.6,104.2,0.06,0,0,62.5,0,4.1,62.5,31.25,6,4.5,"2023-2024"
"ASM","BAR","17_8","Regular Season","Tomas  Satoransky",24,2,0,1,0,0,2,0,2,2,100,1,1,2,4,1,0,0,0,2,1,5,"A","L",71,32,27,20,16,8,15,13,11,25,36,2,14,2,17,72,71,32,27,20,16,8,15,13,11,25,36,2,14,2,17,72,0.4,2.8,71.4,0.04,142.9,Inf,0,0.67,3.9,25.8,0,1.6,4.5,"2023-2024"
"ASM","BAR","17_8","Regular Season","Nicolas  Laprovittola",24,9,2,3,66.7,1,6,16.7,2,3,66.7,2,2,4,1,0,4,0,0,2,3,4,"A","L",71,32,27,20,16,8,15,13,11,25,36,2,14,2,17,72,71,32,27,20,16,8,15,13,11,25,36,2,14,2,17,72,0.75,11.8,76.3,0,8.5,0.2,38.9,0.33,1.4,43.6,33.9,5.8,9.1,"2023-2024"
"ASM","BAR","17_8","Regular Season","Oriol  Pauli",8,2,1,1,100,0,2,0,0,0,NA,1,1,2,2,0,1,0,0,0,0,3,"A","L",71,32,27,20,16,8,15,13,11,25,36,2,14,2,17,72,71,32,27,20,16,8,15,13,11,25,36,2,14,2,17,72,0.67,2.9,69,0.03,69,2,33.3,0,1.7,33.3,34.48,4.9,4.5,"2023-2024"
"ASM","BAR","17_8","Regular Season","Dario  Brizuela",12,2,1,2,50,0,1,0,0,0,NA,0,0,0,0,0,0,0,0,1,1,0,"A","L",71,32,27,20,16,8,15,13,11,25,36,2,14,2,17,72,71,32,27,20,16,8,15,13,11,25,36,2,14,2,17,72,0.67,2.9,69,-0.01,0,NA,33.3,0,-0.1,33.3,0,2.4,0,"2023-2024"
"ASM","BAR","17_8","Regular Season","Willy  Hernangomez",7,4,2,5,40,0,0,NA,0,0,NA,2,4,6,0,0,1,0,0,1,1,6,"A","L",71,32,27,20,16,8,15,13,11,25,36,2,14,2,17,72,71,32,27,20,16,8,15,13,11,25,36,2,14,2,17,72,0.8,3.8,105.3,0.04,0,0,40,0,2.5,40,26.32,8.4,9.1,"2023-2024"
"ASM","BAR","17_8","Regular Season","Jabari  Parker",27,15,2,3,66.7,2,6,33.3,5,5,100,1,4,5,0,0,1,0,0,3,3,14,"A","L",71,32,27,20,16,8,15,13,11,25,36,2,14,2,17,72,71,32,27,20,16,8,15,13,11,25,36,2,14,2,17,72,1.07,10.8,138.9,0.11,0,0,55.6,0.56,10,67,9.26,4.4,4.5,"2023-2024"
"ASM","BAR","17_8","Regular Season","James  Nnaji",10,4,1,3,33.3,0,0,NA,2,4,50,0,1,1,0,0,1,0,0,2,2,0,"A","L",71,32,27,20,16,8,15,13,11,25,36,2,14,2,17,72,71,32,27,20,16,8,15,13,11,25,36,2,14,2,17,72,0.57,5.5,72.7,-0.02,0,0,33.3,1.33,0,42,18.18,5.6,0,"2023-2024"
"ASM","BAR","17_8","Regular Season","Rokas  Jokubaitis",18,7,2,4,50,1,1,100,0,0,NA,1,2,3,3,0,1,0,0,1,1,10,"A","L",71,32,27,20,16,8,15,13,11,25,36,2,14,2,17,72,71,32,27,20,16,8,15,13,11,25,36,2,14,2,17,72,1.4,4.8,145.8,0.09,62.5,3,70,0,6.7,70,20.83,3.3,4.5,"2023-2024"
"ASM","BAR","17_8","Regular Season","Joel  Parra",19,10,1,2,50,2,3,66.7,2,2,100,0,3,3,2,0,0,0,0,2,2,13,"A","L",71,32,27,20,16,8,15,13,11,25,36,2,14,2,17,72,71,32,27,20,16,8,15,13,11,25,36,2,14,2,17,72,1.43,5.6,178.6,0.12,35.7,Inf,80,0.4,9.2,85,0,3,0,"2023-2024"
"BAR","ASM","17_8","Regular Season","John  Brown III",19,4,2,4,50,0,0,NA,0,2,0,1,3,4,2,2,1,1,0,3,1,6,"H","W",91,36,30,17,17,15,12,17,10,25,35,9,6,1,20,103,91,36,30,17,17,15,12,17,10,25,35,9,6,1,20,103,0.67,4.7,85.1,0.02,42.6,2,50,0.5,4.7,41,21.28,3.1,5,"2023-2024"
"BAR","ASM","17_8","Regular Season","Jaron  Blossomgame",24,11,3,4,75,1,3,33.3,2,2,100,1,2,3,1,0,1,0,0,2,2,11,"H","W",91,36,30,17,17,15,12,17,10,25,35,9,6,1,20,103,91,36,30,17,17,15,12,17,10,25,35,9,6,1,20,103,1.22,7.6,144.7,0.05,13.2,1,64.3,0.29,7.9,69.8,13.16,3.7,5,"2023-2024"
"BAR","ASM","17_8","Regular Season","Donatas  Motiejunas",15,8,2,3,66.7,1,2,50,1,2,50,1,2,3,0,0,0,0,0,1,1,8,"H","W",91,36,30,17,17,15,12,17,10,25,35,9,6,1,20,103,91,36,30,17,17,15,12,17,10,25,35,9,6,1,20,103,1.14,4.7,170.2,0.04,0,NA,70,0.4,6.2,68,0,3.9,5,"2023-2024"
"BAR","ASM","17_8","Regular Season","Matthew  Strazel",17,3,0,3,0,1,3,33.3,0,0,NA,0,0,0,2,2,0,0,0,0,1,3,"H","W",91,36,30,17,17,15,12,17,10,25,35,9,6,1,20,103,91,36,30,17,17,15,12,17,10,25,35,9,6,1,20,103,0.5,5.8,51.7,0.01,34.5,Inf,25,0,2.6,25,0,3.6,0,"2023-2024"
"BAR","ASM","17_8","Regular Season","Mike  James",28,20,4,7,57.1,3,7,42.9,3,3,100,1,4,5,5,2,3,0,1,2,4,23,"H","W",91,36,30,17,17,15,12,17,10,25,35,9,6,1,20,103,91,36,30,17,17,15,12,17,10,25,35,9,6,1,20,103,1.18,16.6,120.5,0.12,30.1,1.7,60.7,0.21,16.6,65.3,18.07,6.6,5,"2023-2024"
"BAR","ASM","17_8","Regular Season","Elie  Okobo",23,9,1,4,25,2,4,50,1,2,50,0,3,3,1,0,0,0,0,3,1,5,"H","W",91,36,30,17,17,15,12,17,10,25,35,9,6,1,20,103,91,36,30,17,17,15,12,17,10,25,35,9,6,1,20,103,0.9,8.5,105.9,0.02,11.8,Inf,50,0.25,4.6,50.7,0,3.9,0,"2023-2024"
"BAR","ASM","17_8","Regular Season","Alpha  Diallo",23,19,2,4,50,4,6,66.7,3,4,75,2,2,4,3,1,0,0,0,3,4,23,"H","W",91,36,30,17,17,15,12,17,10,25,35,9,6,1,20,103,91,36,30,17,17,15,12,17,10,25,35,9,6,1,20,103,1.36,9.4,202.1,0.11,31.9,Inf,80,0.4,17.9,80.8,0,5.1,10,"2023-2024"
"BAR","ASM","17_8","Regular Season","Petr  Cornelie",19,5,1,1,100,1,3,33.3,0,0,NA,1,3,4,2,0,1,0,0,4,0,4,"H","W",91,36,30,17,17,15,12,17,10,25,35,9,6,1,20,103,91,36,30,17,17,15,12,17,10,25,35,9,6,1,20,103,1.25,3.8,131.6,0.02,52.6,2,62.5,0,3.4,62.5,26.32,2.6,5,"2023-2024"
"BAR","ASM","17_8","Regular Season","Kemba  Walker",12,6,0,3,0,2,2,100,0,0,NA,1,2,3,0,1,0,0,0,0,0,7,"H","W",91,36,30,17,17,15,12,17,10,25,35,9,6,1,20,103,91,36,30,17,17,15,12,17,10,25,35,9,6,1,20,103,1.2,3.8,157.9,0.04,0,NA,60,0,5.6,60,0,4.2,5,"2023-2024"
"BAR","ASM","17_8","Regular Season","Donta  Hall",20,6,2,3,66.7,0,0,NA,2,2,100,2,4,6,1,1,0,0,1,2,3,13,"H","W",91,36,30,17,17,15,12,17,10,25,35,9,6,1,20,103,91,36,30,17,17,15,12,17,10,25,35,9,6,1,20,103,1.2,1.8,333.3,0.06,55.6,Inf,66.7,0.67,8.2,77.3,0,2,10,"2023-2024"
"BOL","PAR","17_9","Regular Season","Tristan  Vukcevic",8,0,0,1,0,0,1,0,0,0,NA,0,1,1,0,0,1,0,0,0,0,-2,"H","L",75,34,26,17,20,8,11,13,9,19,28,8,14,0,21,70,75,34,26,17,20,8,11,13,9,19,28,8,14,0,21,70,0,2.9,0,-0.02,0,0,0,0,-2.1,0,34.48,3.7,0,"2023-2024"
"BOL","PAR","17_9","Regular Season","Kevin  Punter",32,12,4,6,66.7,0,4,0,4,6,66.7,1,3,4,2,3,4,0,0,4,6,11,"H","L",75,34,26,17,20,8,11,13,9,19,28,8,14,0,21,70,75,34,26,17,20,8,11,13,9,19,28,8,14,0,21,70,0.75,15,80,0.05,13.3,0.5,40,0.6,6.2,47.5,26.67,5.1,5.6,"2023-2024"
"BOL","PAR","17_9","Regular Season","P.J.  Dozier",12,5,1,1,100,1,1,100,0,0,NA,0,1,1,1,0,1,0,0,5,1,2,"H","L",75,34,26,17,20,8,11,13,9,19,28,8,14,0,21,70,75,34,26,17,20,8,11,13,9,19,28,8,14,0,21,70,2.5,2.9,172.4,0.01,34.5,1,125,0,2.4,125,34.48,2.5,0,"2023-2024"
"BOL","PAR","17_9","Regular Season","Mateusz  Ponitka",13,2,1,2,50,0,1,0,0,0,NA,1,1,2,0,1,0,0,1,1,0,1,"H","L",75,34,26,17,20,8,11,13,9,19,28,8,14,0,21,70,75,34,26,17,20,8,11,13,9,19,28,8,14,0,21,70,0.67,1.9,105.3,0.02,0,NA,33.3,0,1.9,33.3,0,2.3,5.6,"2023-2024"
"BOL","PAR","17_9","Regular Season","Bruno  Caboclo",24,10,3,4,75,1,2,50,1,2,50,1,2,3,0,0,2,0,0,1,4,11,"H","L",75,34,26,17,20,8,11,13,9,19,28,8,14,0,21,70,75,34,26,17,20,8,11,13,9,19,28,8,14,0,21,70,1.25,7.6,131.6,0.07,0,0,75,0.33,5.9,72.7,26.32,3.6,5.6,"2023-2024"
"BOL","PAR","17_9","Regular Season","Zach  LeDay",26,5,0,4,0,1,4,25,2,2,100,1,2,3,0,0,1,0,0,2,2,0,"H","L",75,34,26,17,20,8,11,13,9,19,28,8,14,0,21,70,75,34,26,17,20,8,11,13,9,19,28,8,14,0,21,70,0.5,8.5,58.8,-0.03,0,0,18.8,0.25,-0.7,28.2,11.76,3.7,5.6,"2023-2024"
"BOL","PAR","17_9","Regular Season","Ognjen  Jaramaz",29,12,2,2,100,2,2,100,2,4,50,2,4,6,3,1,1,0,0,4,5,20,"H","L",75,34,26,17,20,8,11,13,9,19,28,8,14,0,21,70,75,34,26,17,20,8,11,13,9,19,28,8,14,0,21,70,1.5,4.6,260.9,0.15,65.2,3,125,1,13.1,104.2,21.74,2.3,11.1,"2023-2024"
"BOL","PAR","17_9","Regular Season","James  Nunnally",32,19,7,10,70,1,5,20,2,3,66.7,2,2,4,6,1,4,0,1,1,2,18,"H","L",75,34,26,17,20,8,11,13,9,19,28,8,14,0,21,70,75,34,26,17,20,8,11,13,9,19,28,8,14,0,21,70,1.06,17.6,108,0.17,34.1,1.5,56.7,0.2,14.1,58.2,22.73,6.2,11.1,"2023-2024"
"BOL","PAR","17_9","Regular Season","Danilo  Andjusic",5,0,0,0,NA,0,1,0,0,0,NA,0,1,1,0,1,0,0,0,0,1,2,"H","L",75,34,26,17,20,8,11,13,9,19,28,8,14,0,21,70,75,34,26,17,20,8,11,13,9,19,28,8,14,0,21,70,0,1,0,0.01,0,NA,0,0,0.6,0,0,2,0,"2023-2024"
"BOL","PAR","17_9","Regular Season","Frank  Kaminsky",15,10,2,4,50,2,5,40,0,0,NA,1,2,3,1,1,0,0,0,3,0,7,"H","L",75,34,26,17,20,8,11,13,9,19,28,8,14,0,21,70,75,34,26,17,20,8,11,13,9,19,28,8,14,0,21,70,1.11,7.7,129.9,0.07,13,Inf,55.6,0,7.1,55.6,0,5.9,5.6,"2023-2024"
"PAR","BOL","17_9","Regular Season","Isaia  Cordinier",20,9,3,5,60,1,2,50,0,0,NA,1,4,5,2,1,0,1,0,5,1,11,"A","W",77,26,28,17,16,10,15,20,5,21,26,8,14,2,21,88,77,26,28,17,16,10,15,20,5,21,26,8,14,2,21,88,1.29,5.8,155.2,0.07,34.5,Inf,64.3,0,8.7,64.3,0,3.7,10,"2023-2024"
"PAR","BOL","17_9","Regular Season","Marco  Belinelli",22,14,1,2,50,3,9,33.3,3,3,100,0,3,3,1,0,2,0,0,1,2,10,"A","W",77,26,28,17,16,10,15,20,5,21,26,8,14,2,21,88,77,26,28,17,16,10,15,20,5,21,26,8,14,2,21,88,1,13.7,102.2,0.06,7.3,0.5,50,0.27,7.1,56.8,14.6,6.9,0,"2023-2024"
"PAR","BOL","17_9","Regular Season","Tornike  Shengelia",32,10,4,4,100,0,3,0,2,2,100,0,1,1,4,0,4,0,0,2,6,12,"A","W",77,26,28,17,16,10,15,20,5,21,26,8,14,2,21,88,77,26,28,17,16,10,15,20,5,21,26,8,14,2,21,88,1.11,11.4,87.7,0.05,35.1,1,57.1,0.29,5,63.5,35.09,3.9,0,"2023-2024"
"PAR","BOL","17_9","Regular Season","Daniel  Hackett",26,10,1,2,50,2,4,50,2,2,100,0,2,2,4,3,3,0,0,2,3,14,"A","W",77,26,28,17,16,10,15,20,5,21,26,8,14,2,21,88,77,26,28,17,16,10,15,20,5,21,26,8,14,2,21,88,1.25,9.5,105.3,0.09,42.1,1.3,66.7,0.33,9.6,72.7,31.58,4,0,"2023-2024"
"PAR","BOL","17_9","Regular Season","Bryant  Dunston",21,3,1,1,100,0,0,NA,1,2,50,2,4,6,2,0,2,1,0,3,2,8,"A","W",77,26,28,17,16,10,15,20,5,21,26,8,14,2,21,88,77,26,28,17,16,10,15,20,5,21,26,8,14,2,21,88,1,1.8,166.7,0.03,111.1,1,100,2,3.8,79.8,111.11,2,20,"2023-2024"
"PAR","BOL","17_9","Regular Season","Gabriel  Lundberg",22,16,3,5,60,2,4,50,4,4,100,0,2,2,3,2,1,0,0,1,3,20,"A","W",77,26,28,17,16,10,15,20,5,21,26,8,14,2,21,88,77,26,28,17,16,10,15,20,5,21,26,8,14,2,21,88,1.23,11.3,141.6,0.13,26.5,3,66.7,0.44,15,74.3,8.85,5.7,0,"2023-2024"
"PAR","BOL","17_9","Regular Season","Alessandro  Pajola",14,1,0,1,0,0,2,0,1,2,50,0,1,1,2,1,0,0,0,3,2,0,"A","W",77,26,28,17,16,10,15,20,5,21,26,8,14,2,21,88,77,26,28,17,16,10,15,20,5,21,26,8,14,2,21,88,0.2,3.7,27,-0.02,54.1,Inf,0,0.67,0,12.9,0,2.9,0,"2023-2024"
"PAR","BOL","17_9","Regular Season","Ognjen  Dobric",9,0,0,0,NA,0,1,0,0,0,NA,0,0,0,0,0,1,0,0,1,0,-3,"A","W",77,26,28,17,16,10,15,20,5,21,26,8,14,2,21,88,77,26,28,17,16,10,15,20,5,21,26,8,14,2,21,88,0,1.9,0,-0.02,0,0,0,0,-2.1,0,52.63,2.4,0,"2023-2024"
"PAR","BOL","17_9","Regular Season","Devontae  Cacok",14,4,2,2,100,0,0,NA,0,0,NA,1,4,5,1,0,1,0,0,2,1,8,"A","W",77,26,28,17,16,10,15,20,5,21,26,8,14,2,21,88,77,26,28,17,16,10,15,20,5,21,26,8,14,2,21,88,2,1.9,210.5,0.05,52.6,1,100,0,4.2,100,52.63,2.3,10,"2023-2024"
"PAR","BOL","17_9","Regular Season","Achille  Polonara",7,0,0,2,0,0,0,NA,0,0,NA,0,0,0,1,1,0,0,0,1,0,-1,"A","W",77,26,28,17,16,10,15,20,5,21,26,8,14,2,21,88,77,26,28,17,16,10,15,20,5,21,26,8,14,2,21,88,0,1.9,0,-0.01,52.6,Inf,0,0,-0.1,0,0,3,0,"2023-2024"
"PAR","BOL","17_9","Regular Season","Awudu  Abass",14,10,1,2,50,2,3,66.7,2,2,100,1,0,1,0,0,0,0,0,0,0,9,"A","W",77,26,28,17,16,10,15,20,5,21,26,8,14,2,21,88,77,26,28,17,16,10,15,20,5,21,26,8,14,2,21,88,1.43,4.7,212.8,0.07,0,NA,80,0.4,8.4,85,0,4.5,10,"2023-2024"
"ASM","MAC","18_1","Regular Season","Lorenzo  Brown",33,12,2,7,28.6,2,3,66.7,2,2,100,1,4,5,5,1,2,0,0,2,1,14,"H","W",93,42,24,18,24,11,12,19,10,25,35,6,11,3,23,100,93,42,24,18,24,11,12,19,10,25,35,6,11,3,23,100,1,11.4,105.3,0.08,43.9,2.5,50,0.2,10.2,55.1,17.54,3.7,5,"2023-2024"
"ASM","MAC","18_1","Regular Season","Wade  Baldwin IV",27,12,3,7,42.9,2,4,50,0,0,NA,0,3,3,6,0,1,0,0,3,2,13,"H","W",93,42,24,18,24,11,12,19,10,25,35,6,11,3,23,100,93,42,24,18,24,11,12,19,10,25,35,6,11,3,23,100,1.09,11.5,104.3,0.07,52.2,6,54.5,0,9.2,54.5,8.7,4.2,0,"2023-2024"
"ASM","MAC","18_1","Regular Season","Roman  Sorkin",24,9,4,8,50,0,1,0,1,1,100,4,5,9,0,0,2,0,1,2,2,10,"H","W",93,42,24,18,24,11,12,19,10,25,35,6,11,3,23,100,93,42,24,18,24,11,12,19,10,25,35,6,11,3,23,100,0.9,7.1,126.8,0.04,0,0,44.4,0.11,5.8,47.7,28.17,4.5,20,"2023-2024"
"ASM","MAC","18_1","Regular Season","Josh  Nebo",20,8,3,3,100,0,0,NA,2,2,100,1,2,3,0,1,0,0,0,3,1,10,"H","W",93,42,24,18,24,11,12,19,10,25,35,6,11,3,23,100,93,42,24,18,24,11,12,19,10,25,35,6,11,3,23,100,1.6,2.8,285.7,0.05,0,NA,100,0.67,8.2,103.1,0,1.8,5,"2023-2024"
"ASM","MAC","18_1","Regular Season","Bonzie  Colson",25,27,9,10,90,2,3,66.7,3,4,75,3,2,5,0,2,1,1,0,2,5,34,"H","W",93,42,24,18,24,11,12,19,10,25,35,6,11,3,23,100,93,42,24,18,24,11,12,19,10,25,35,6,11,3,23,100,1.59,12.2,221.3,0.17,0,0,92.3,0.31,25.5,91.5,8.2,5.9,15,"2023-2024"
"ASM","MAC","18_1","Regular Season","Antonius  Cleveland",5,0,0,1,0,0,1,0,0,0,NA,0,0,0,0,0,0,0,1,1,0,-4,"H","W",93,42,24,18,24,11,12,19,10,25,35,6,11,3,23,100,93,42,24,18,24,11,12,19,10,25,35,6,11,3,23,100,0,1.9,0,-0.02,0,NA,0,0,-1.8,0,0,3.8,0,"2023-2024"
"ASM","MAC","18_1","Regular Season","James  Webb III",17,6,0,2,0,1,6,16.7,3,4,75,0,3,3,1,0,0,1,1,3,2,1,"H","W",93,42,24,18,24,11,12,19,10,25,35,6,11,3,23,100,93,42,24,18,24,11,12,19,10,25,35,6,11,3,23,100,0.5,9.4,63.8,0,10.6,Inf,18.8,0.5,1.5,30.7,0,5.4,0,"2023-2024"
"ASM","MAC","18_1","Regular Season","Rafael  Menco",9,9,0,1,0,3,3,100,0,0,NA,0,0,0,0,0,0,0,0,1,0,7,"H","W",93,42,24,18,24,11,12,19,10,25,35,6,11,3,23,100,93,42,24,18,24,11,12,19,10,25,35,6,11,3,23,100,2.25,3.8,236.8,0.04,0,NA,112.5,0,7,112.5,0,4.2,0,"2023-2024"
"ASM","MAC","18_1","Regular Season","Jasiel  Rivero",13,3,1,1,100,0,0,NA,1,5,20,1,1,2,2,2,2,0,0,4,5,4,"H","W",93,42,24,18,24,11,12,19,10,25,35,6,11,3,23,100,93,42,24,18,24,11,12,19,10,25,35,6,11,3,23,100,0.5,4,75,-0.01,50,1,100,5,1.9,46.9,50,3.8,5,"2023-2024"
"ASM","MAC","18_1","Regular Season","Jake  Cohen",5,0,0,0,NA,0,0,NA,0,0,NA,0,0,0,0,0,0,1,0,0,0,1,"H","W",93,42,24,18,24,11,12,19,10,25,35,6,11,3,23,100,93,42,24,18,24,11,12,19,10,25,35,6,11,3,23,100,NA,0,NA,0,NA,NA,NA,NA,0.7,NA,NA,0,0,"2023-2024"
"ASM","MAC","18_1","Regular Season","Tamir  Blatt",20,7,2,2,100,1,3,33.3,0,0,NA,0,5,5,5,0,3,0,0,2,0,10,"H","W",93,42,24,18,24,11,12,19,10,25,35,6,11,3,23,100,93,42,24,18,24,11,12,19,10,25,35,6,11,3,23,100,1.4,7.7,90.9,0.06,64.9,1.7,70,0,5.9,70,38.96,3.8,0,"2023-2024"
"MAC","ASM","18_1","Regular Season","John  Brown III",29,6,3,6,50,0,0,NA,0,0,NA,1,1,2,0,1,1,0,0,3,2,4,"A","L",83,35,26,24,19,9,18,15,5,19,24,5,10,3,18,83,83,35,26,24,19,9,18,15,5,19,24,5,10,3,18,83,1,5.8,103.4,0.01,0,0,50,0,2.8,50,17.24,2.4,10,"2023-2024"
"MAC","ASM","18_1","Regular Season","Alpha  Diallo",33,20,6,10,60,1,6,16.7,5,6,83.3,1,3,4,4,2,0,0,2,3,5,20,"A","L",83,35,26,24,19,9,18,15,5,19,24,5,10,3,18,83,83,35,26,24,19,9,18,15,5,19,24,5,10,3,18,83,0.91,16.9,118.3,0.14,23.7,Inf,46.9,0.38,16.4,53.6,0,5.5,10,"2023-2024"
"MAC","ASM","18_1","Regular Season","Donatas  Motiejunas",8,2,1,3,33.3,0,0,NA,0,0,NA,0,2,2,0,0,2,0,0,1,1,0,"A","L",83,35,26,24,19,9,18,15,5,19,24,5,10,3,18,83,83,35,26,24,19,9,18,15,5,19,24,5,10,3,18,83,0.67,4.8,41.7,-0.01,0,0,33.3,0,-1.5,33.3,41.67,6.1,0,"2023-2024"
"MAC","ASM","18_1","Regular Season","Yakuba  Ouattara",5,0,0,0,NA,0,1,0,0,0,NA,0,0,0,0,0,0,0,0,0,0,-1,"A","L",83,35,26,24,19,9,18,15,5,19,24,5,10,3,18,83,83,35,26,24,19,9,18,15,5,19,24,5,10,3,18,83,0,1,0,-0.01,0,NA,0,0,-0.7,0,0,2,0,"2023-2024"
"MAC","ASM","18_1","Regular Season","Mike  James",32,27,2,3,66.7,6,10,60,5,8,62.5,0,5,5,7,0,2,0,0,0,3,32,"A","L",83,35,26,24,19,9,18,15,5,19,24,5,10,3,18,83,83,35,26,24,19,9,18,15,5,19,24,5,10,3,18,83,1.29,17.8,151.7,0.25,39.3,3.5,84.6,0.62,24.3,81.7,11.24,5.7,0,"2023-2024"
"MAC","ASM","18_1","Regular Season","Elie  Okobo",21,11,3,4,75,0,1,0,5,6,83.3,0,1,1,1,0,3,0,0,2,4,9,"A","L",83,35,26,24,19,9,18,15,5,19,24,5,10,3,18,83,83,35,26,24,19,9,18,15,5,19,24,5,10,3,18,83,1,10.2,107.8,0.04,9.8,0.3,60,1.2,5.5,72,29.41,5,0,"2023-2024"
"MAC","ASM","18_1","Regular Season","Jaron  Blossomgame",17,0,0,1,0,0,2,0,0,0,NA,0,1,1,1,0,2,0,0,2,1,-4,"A","L",83,35,26,24,19,9,18,15,5,19,24,5,10,3,18,83,83,35,26,24,19,9,18,15,5,19,24,5,10,3,18,83,0,4.8,0,-0.04,20.8,0.5,0,0,-3.9,0,41.67,2.9,0,"2023-2024"
"MAC","ASM","18_1","Regular Season","Petr  Cornelie",7,3,0,1,0,1,2,50,0,0,NA,0,0,0,0,0,0,0,0,0,0,1,"A","L",83,35,26,24,19,9,18,15,5,19,24,5,10,3,18,83,83,35,26,24,19,9,18,15,5,19,24,5,10,3,18,83,1,2.9,103.4,0.01,0,NA,50,0,1.3,50,0,4.2,0,"2023-2024"
"MAC","ASM","18_1","Regular Season","Mouhammadou  Jaiteh",12,3,1,1,100,0,0,NA,1,2,50,1,1,2,0,0,0,0,0,2,2,4,"A","L",83,35,26,24,19,9,18,15,5,19,24,5,10,3,18,83,83,35,26,24,19,9,18,15,5,19,24,5,10,3,18,83,1,0.8,375,0.01,0,NA,100,2,2.5,79.8,0,1.5,10,"2023-2024"
"MAC","ASM","18_1","Regular Season","Kemba  Walker",21,9,2,4,50,1,3,33.3,2,2,100,1,5,6,2,1,0,0,1,3,4,14,"A","L",83,35,26,24,19,9,18,15,5,19,24,5,10,3,18,83,83,35,26,24,19,9,18,15,5,19,24,5,10,3,18,83,1,6.6,136.4,0.09,30.3,Inf,50,0.29,8.7,57.1,0,3.7,10,"2023-2024"
"MAC","ASM","18_1","Regular Season","Donta  Hall",13,2,1,2,50,0,1,0,0,0,NA,1,0,1,0,1,0,3,0,2,1,4,"A","L",83,35,26,24,19,9,18,15,5,19,24,5,10,3,18,83,83,35,26,24,19,9,18,15,5,19,24,5,10,3,18,83,0.67,1.9,105.3,0.01,0,NA,33.3,0,3.3,33.3,0,2.3,10,"2023-2024"
"MIL","OLY","18_2","Regular Season","Thomas  Walkup",23,8,0,2,0,2,4,50,2,2,100,1,3,4,3,0,5,0,0,3,1,4,"H","W",79,35,22,12,19,10,11,22,13,22,35,3,16,4,17,92,79,35,22,12,19,10,11,22,13,22,35,3,16,4,17,92,1,10.4,76.9,0.02,28.8,0.6,50,0.33,2.1,58.1,48.08,5.3,3.8,"2023-2024"
"MIL","OLY","18_2","Regular Season","Isaiah  Canaan",26,6,3,3,100,0,4,0,0,0,NA,0,1,1,3,0,1,1,0,4,0,2,"H","W",79,35,22,12,19,10,11,22,13,22,35,3,16,4,17,92,79,35,22,12,19,10,11,22,13,22,35,3,16,4,17,92,0.86,7.7,77.9,0.01,39,3,42.9,0,2.8,42.9,12.99,3.1,0,"2023-2024"
"MIL","OLY","18_2","Regular Season","Moustapha  Fall",22,12,5,5,100,0,0,NA,2,2,100,3,3,6,6,0,0,1,0,0,3,28,"H","W",79,35,22,12,19,10,11,22,13,22,35,3,16,4,17,92,79,35,22,12,19,10,11,22,13,22,35,3,16,4,17,92,1.71,2.8,428.6,0.16,214.3,Inf,100,0.4,18.4,102,0,2.7,11.5,"2023-2024"
"MIL","OLY","18_2","Regular Season","Kostas  Papanikolaou",20,2,1,3,33.3,0,1,0,0,0,NA,0,3,3,2,2,3,0,1,1,1,2,"H","W",79,35,22,12,19,10,11,22,13,22,35,3,16,4,17,92,79,35,22,12,19,10,11,22,13,22,35,3,16,4,17,92,0.5,6.7,29.9,0.01,29.9,0.7,25,0,0.5,25,44.78,3.6,0,"2023-2024"
"MIL","OLY","18_2","Regular Season","Alec  Peters",30,16,2,5,40,4,4,100,0,0,NA,2,4,6,3,0,0,0,2,0,3,23,"H","W",79,35,22,12,19,10,11,22,13,22,35,3,16,4,17,92,79,35,22,12,19,10,11,22,13,22,35,3,16,4,17,92,1.78,6.7,238.8,0.14,44.8,Inf,88.9,0,16.8,88.9,0,3.1,7.7,"2023-2024"
"MIL","OLY","18_2","Regular Season","Nigel  Williams-Goss",22,10,2,6,33.3,2,3,66.7,0,0,NA,2,3,5,1,0,0,0,0,4,2,9,"H","W",79,35,22,12,19,10,11,22,13,22,35,3,16,4,17,92,79,35,22,12,19,10,11,22,13,22,35,3,16,4,17,92,1.11,6.7,149.3,0.04,14.9,Inf,55.6,0,6.7,55.6,0,4.2,7.7,"2023-2024"
"MIL","OLY","18_2","Regular Season","Giannoulis  Larentzakis",14,8,1,2,50,2,4,50,0,0,NA,1,1,2,2,0,3,0,0,4,1,3,"H","W",79,35,22,12,19,10,11,22,13,22,35,3,16,4,17,92,79,35,22,12,19,10,11,22,13,22,35,3,16,4,17,92,1.33,7.7,103.9,0.01,26,0.7,66.7,0,2.8,66.7,38.96,6.6,3.8,"2023-2024"
"MIL","OLY","18_2","Regular Season","Filip  Petrusev",10,2,0,1,0,0,0,NA,2,2,100,1,1,2,1,0,0,1,1,0,1,5,"H","W",79,35,22,12,19,10,11,22,13,22,35,3,16,4,17,92,79,35,22,12,19,10,11,22,13,22,35,3,16,4,17,92,0.67,0.8,250,0.03,125,Inf,0,2,3.7,53.2,0,1.9,3.8,"2023-2024"
"MIL","OLY","18_2","Regular Season","Nikola  Milutinov",18,13,4,6,66.7,0,0,NA,5,6,83.3,3,2,5,1,0,3,1,0,0,4,18,"H","W",79,35,22,12,19,10,11,22,13,22,35,3,16,4,17,92,79,35,22,12,19,10,11,22,13,22,35,3,16,4,17,92,1.08,8.3,156.6,0.08,12,0.3,66.7,1,11.1,75.2,36.14,6.6,11.5,"2023-2024"
"MIL","OLY","18_2","Regular Season","Shaquielle  McKissic",13,2,1,2,50,0,2,0,0,0,NA,0,1,1,0,1,1,0,1,1,0,-2,"H","W",79,35,22,12,19,10,11,22,13,22,35,3,16,4,17,92,79,35,22,12,19,10,11,22,13,22,35,3,16,4,17,92,0.5,4.8,41.7,-0.01,0,0,25,0,-0.5,25,20.83,3.9,0,"2023-2024"
"OLY","MIL","18_2","Regular Season","Nicolo  Melli",26,4,2,4,50,0,2,0,0,0,NA,0,1,1,4,3,1,2,0,2,3,10,"A","L",74,34,22,7,20,9,7,21,3,12,15,11,9,5,16,87,74,34,22,7,20,9,7,21,3,12,15,11,9,5,16,87,0.67,6.7,59.7,0.04,59.7,4,33.3,0,6.3,33.3,14.93,3.2,0,"2023-2024"
"OLY","MIL","18_2","Regular Season","Shabazz  Napier",30,14,2,4,50,2,6,33.3,4,4,100,1,2,3,5,1,2,0,0,1,5,19,"A","L",74,34,22,7,20,9,7,21,3,12,15,11,9,5,16,87,74,34,22,7,20,9,7,21,3,12,15,11,9,5,16,87,1,12.2,114.8,0.1,41,2.5,50,0.4,12,59.5,16.39,5.4,16.7,"2023-2024"
"OLY","MIL","18_2","Regular Season","Ismael  Kamagate",4,0,0,0,NA,0,0,NA,0,0,NA,0,0,0,1,0,0,0,0,0,1,2,"A","L",74,34,22,7,20,9,7,21,3,12,15,11,9,5,16,87,74,34,22,7,20,9,7,21,3,12,15,11,9,5,16,87,NA,0,NA,0.01,Inf,Inf,NA,NA,0.7,NA,NA,0,0,"2023-2024"
"OLY","MIL","18_2","Regular Season","Devon  Hall",24,2,1,6,16.7,0,1,0,0,0,NA,0,3,3,1,1,2,0,1,1,0,-3,"A","L",74,34,22,7,20,9,7,21,3,12,15,11,9,5,16,87,74,34,22,7,20,9,7,21,3,12,15,11,9,5,16,87,0.29,8.6,23.3,-0.01,11.6,0.5,14.3,0,-2.3,14.3,23.26,4.4,0,"2023-2024"
"OLY","MIL","18_2","Regular Season","Johannes  Voigtmann",22,4,2,2,100,0,2,0,0,0,NA,1,1,2,2,1,3,0,0,1,1,4,"A","L",74,34,22,7,20,9,7,21,3,12,15,11,9,5,16,87,74,34,22,7,20,9,7,21,3,12,15,11,9,5,16,87,1,5.8,69,0.02,34.5,0.7,50,0,2,50,51.72,3.7,16.7,"2023-2024"
"OLY","MIL","18_2","Regular Season","Alex  Poythress",12,4,2,6,33.3,0,0,NA,0,0,NA,1,0,1,0,1,0,1,2,1,2,2,"A","L",74,34,22,7,20,9,7,21,3,12,15,11,9,5,16,87,74,34,22,7,20,9,7,21,3,12,15,11,9,5,16,87,0.67,4.8,83.3,0.01,0,NA,33.3,0,2.6,33.3,0,5.9,16.7,"2023-2024"
"OLY","MIL","18_2","Regular Season","Giordano  Bortolani",11,11,1,1,100,3,4,75,0,0,NA,0,1,1,0,0,0,0,1,1,0,9,"A","L",74,34,22,7,20,9,7,21,3,12,15,11,9,5,16,87,74,34,22,7,20,9,7,21,3,12,15,11,9,5,16,87,2.2,4.8,229.2,0.07,0,NA,110,0,9,110,0,5.3,0,"2023-2024"
"OLY","MIL","18_2","Regular Season","Stefano  Tonut",28,13,2,2,100,3,5,60,0,0,NA,0,2,2,4,1,1,0,0,3,1,15,"A","L",74,34,22,7,20,9,7,21,3,12,15,11,9,5,16,87,74,34,22,7,20,9,7,21,3,12,15,11,9,5,16,87,1.86,7.7,168.8,0.1,51.9,4,92.9,0,12.3,92.9,12.99,3.4,0,"2023-2024"
"OLY","MIL","18_2","Regular Season","Diego  Flaccadori",21,14,5,5,100,1,2,50,1,1,100,0,0,0,1,2,0,0,0,3,2,15,"A","L",74,34,22,7,20,9,7,21,3,12,15,11,9,5,16,87,74,34,22,7,20,9,7,21,3,12,15,11,9,5,16,87,1.75,7.1,197.2,0.09,14.1,Inf,92.9,0.14,13,94.1,0,4.2,0,"2023-2024"
"OLY","MIL","18_2","Regular Season","Kyle  Hines",21,8,3,4,75,0,0,NA,2,2,100,0,2,2,3,1,0,2,0,3,2,14,"A","L",74,34,22,7,20,9,7,21,3,12,15,11,9,5,16,87,74,34,22,7,20,9,7,21,3,12,15,11,9,5,16,87,1.33,4.7,170.2,0.08,63.8,Inf,75,0.5,10.3,82,0,2.7,0,"2023-2024"
"PAR","VIL","18_3","Regular Season","Paris  Lee",34,8,1,2,50,1,9,11.1,3,3,100,0,2,2,10,1,1,0,0,1,7,17,"A","L",77,37,29,15,20,9,10,20,7,27,34,4,11,1,17,81,77,37,29,15,20,9,10,20,7,27,34,4,11,1,17,81,0.57,12.8,62.5,0.08,78.1,10,22.7,0.27,8.3,32.5,7.81,3.7,0,"2023-2024"
"PAR","VIL","18_3","Regular Season","Charles Lombahe Kahudi",30,6,1,3,33.3,1,3,33.3,1,2,50,0,6,6,1,1,0,0,1,1,1,8,"A","L",77,37,29,15,20,9,10,20,7,27,34,4,11,1,17,81,77,37,29,15,20,9,10,20,7,27,34,4,11,1,17,81,0.75,6.6,90.9,0.06,15.2,Inf,41.7,0.33,5.3,43.6,0,2.2,0,"2023-2024"
"PAR","VIL","18_3","Regular Season","Joffrey  Lauvergne",19,6,3,7,42.9,0,2,0,0,0,NA,1,3,4,1,0,3,0,0,1,0,1,"A","L",77,37,29,15,20,9,10,20,7,27,34,4,11,1,17,81,77,37,29,15,20,9,10,20,7,27,34,4,11,1,17,81,0.67,10.6,56.6,0,9.4,0.3,33.3,0,-0.2,33.3,28.3,6,7.1,"2023-2024"
"PAR","VIL","18_3","Regular Season","Timothe  Luwawu-Cabarrot",27,9,3,5,60,1,2,50,0,0,NA,0,2,2,1,0,4,1,1,3,0,2,"A","L",77,37,29,15,20,9,10,20,7,27,34,4,11,1,17,81,77,37,29,15,20,9,10,20,7,27,34,4,11,1,17,81,1.29,10.6,84.9,0.02,9.4,0.2,64.3,0,2.5,64.3,37.74,3.9,0,"2023-2024"
"PAR","VIL","18_3","Regular Season","Youssoupha  Fall",15,3,1,3,33.3,0,0,NA,1,4,25,1,2,3,1,0,1,0,0,4,2,-1,"A","L",77,37,29,15,20,9,10,20,7,27,34,4,11,1,17,81,77,37,29,15,20,9,10,20,7,27,34,4,11,1,17,81,0.43,4.6,65.2,-0.03,21.7,1,33.3,1.33,-0.5,31.5,21.74,3.7,7.1,"2023-2024"
"PAR","VIL","18_3","Regular Season","Mike  Scott",26,24,6,9,66.7,3,8,37.5,3,4,75,3,7,10,3,0,2,0,0,2,4,28,"A","L",77,37,29,15,20,9,10,20,7,27,34,4,11,1,17,81,77,37,29,15,20,9,10,20,7,27,34,4,11,1,17,81,1.14,17,141.2,0.18,17.6,1.5,61.8,0.24,18.8,64,11.76,7.6,21.4,"2023-2024"
"PAR","VIL","18_3","Regular Season","Edwin  Jackson",19,11,3,3,100,1,3,33.3,2,2,100,0,0,0,0,1,0,0,0,1,3,12,"A","L",77,37,29,15,20,9,10,20,7,27,34,4,11,1,17,81,77,37,29,15,20,9,10,20,7,27,34,4,11,1,17,81,1.38,6.6,166.7,0.07,0,NA,75,0.33,9,79.9,0,3.5,0,"2023-2024"
"PAR","VIL","18_3","Regular Season","John  Egbunu",13,0,0,3,0,0,0,NA,0,0,NA,1,3,4,1,0,0,0,0,1,0,1,"A","L",77,37,29,15,20,9,10,20,7,27,34,4,11,1,17,81,77,37,29,15,20,9,10,20,7,27,34,4,11,1,17,81,0,1.9,0,0,52.6,Inf,0,0,-0.2,0,0,2.2,7.1,"2023-2024"
"PAR","VIL","18_3","Regular Season","David  Lighty",15,10,2,2,100,2,2,100,0,0,NA,1,2,3,2,1,0,0,0,3,0,13,"A","L",77,37,29,15,20,9,10,20,7,27,34,4,11,1,17,81,77,37,29,15,20,9,10,20,7,27,34,4,11,1,17,81,2.5,2.9,344.8,0.1,69,Inf,125,0,11.3,125,0,2.6,7.1,"2023-2024"
"VIL","PAR","18_3","Regular Season","Tristan  Vukcevic",23,7,1,3,33.3,1,1,100,2,3,66.7,1,4,5,1,1,0,0,0,1,4,14,"H","W",90,42,28,11,24,12,6,16,8,30,38,7,9,2,18,103,90,42,28,11,24,12,6,16,8,30,38,7,9,2,18,103,1,4.1,170.7,0.06,24.4,Inf,62.5,0.75,7.8,65.8,0,2.2,6.2,"2023-2024"
"VIL","PAR","18_3","Regular Season","Kevin  Punter",18,22,5,9,55.6,4,5,80,0,0,NA,1,1,2,3,1,0,0,0,1,0,22,"H","W",90,42,28,11,24,12,6,16,8,30,38,7,9,2,18,103,90,42,28,11,24,12,6,16,8,30,38,7,9,2,18,103,1.57,12.5,176,0.13,24,Inf,78.6,0,19.5,78.6,0,7.4,6.2,"2023-2024"
"VIL","PAR","18_3","Regular Season","P.J.  Dozier",8,2,1,1,100,0,2,0,0,0,NA,0,0,0,1,0,0,0,0,1,0,0,"H","W",90,42,28,11,24,12,6,16,8,30,38,7,9,2,18,103,90,42,28,11,24,12,6,16,8,30,38,7,9,2,18,103,0.67,2.9,69,0,34.5,Inf,33.3,0,0.6,33.3,0,3.6,0,"2023-2024"
"VIL","PAR","18_3","Regular Season","Mateusz  Ponitka",11,4,2,2,100,0,1,0,0,0,NA,0,3,3,0,0,0,0,0,2,0,4,"H","W",90,42,28,11,24,12,6,16,8,30,38,7,9,2,18,103,90,42,28,11,24,12,6,16,8,30,38,7,9,2,18,103,1.33,2.9,137.9,0.02,0,NA,66.7,0,2.8,66.7,0,2.6,0,"2023-2024"
"VIL","PAR","18_3","Regular Season","Bruno  Caboclo",20,9,3,4,75,1,3,33.3,0,0,NA,1,4,5,0,1,2,1,0,2,1,10,"H","W",90,42,28,11,24,12,6,16,8,30,38,7,9,2,18,103,90,42,28,11,24,12,6,16,8,30,38,7,9,2,18,103,1.29,7.7,116.9,0.05,0,0,64.3,0,6.5,64.3,25.97,4.3,6.2,"2023-2024"
"VIL","PAR","18_3","Regular Season","Jaleen  Smith",18,4,2,3,66.7,0,2,0,0,0,NA,0,2,2,0,0,0,1,0,1,0,3,"H","W",90,42,28,11,24,12,6,16,8,30,38,7,9,2,18,103,90,42,28,11,24,12,6,16,8,30,38,7,9,2,18,103,0.8,4.8,83.3,0.02,0,NA,40,0,2.2,40,0,2.7,0,"2023-2024"
"VIL","PAR","18_3","Regular Season","Balsa  Koprivica",7,2,1,1,100,0,0,NA,0,0,NA,1,3,4,0,0,3,0,0,2,0,1,"H","W",90,42,28,11,24,12,6,16,8,30,38,7,9,2,18,103,90,42,28,11,24,12,6,16,8,30,38,7,9,2,18,103,2,2.9,69,0,0,0,100,0,-0.5,100,103.45,5.5,6.2,"2023-2024"
"VIL","PAR","18_3","Regular Season","Alen  Smailagic",10,3,0,0,NA,1,1,100,0,0,NA,1,1,2,1,3,0,0,0,0,0,9,"H","W",90,42,28,11,24,12,6,16,8,30,38,7,9,2,18,103,90,42,28,11,24,12,6,16,8,30,38,7,9,2,18,103,3,0,Inf,0.05,Inf,Inf,150,0,7.4,150,NA,1,6.2,"2023-2024"
"VIL","PAR","18_3","Regular Season","Ognjen  Jaramaz",23,11,2,5,40,2,5,40,1,2,50,0,1,1,3,1,0,0,0,4,5,10,"H","W",90,42,28,11,24,12,6,16,8,30,38,7,9,2,18,103,90,42,28,11,24,12,6,16,8,30,38,7,9,2,18,103,0.92,10.4,105.8,0.03,28.8,Inf,50,0.2,7,50.6,0,4.5,0,"2023-2024"
"VIL","PAR","18_3","Regular Season","James  Nunnally",21,3,0,2,0,1,4,25,0,0,NA,0,3,3,4,0,3,0,0,1,0,1,"H","W",90,42,28,11,24,12,6,16,8,30,38,7,9,2,18,103,90,42,28,11,24,12,6,16,8,30,38,7,9,2,18,103,0.5,8.6,34.9,0.01,46.5,1.3,25,0,-0.5,25,34.88,4.1,0,"2023-2024"
"VIL","PAR","18_3","Regular Season","Danilo  Andjusic",20,15,4,6,66.7,2,4,50,1,1,100,0,4,4,0,0,0,0,0,1,2,16,"H","W",90,42,28,11,24,12,6,16,8,30,38,7,9,2,18,103,90,42,28,11,24,12,6,16,8,30,38,7,9,2,18,103,1.36,10,150,0.09,0,NA,70,0.1,11.2,71.8,0,5,0,"2023-2024"
"VIL","PAR","18_3","Regular Season","Frank  Kaminsky",20,8,3,6,50,0,0,NA,2,5,40,3,4,7,3,0,1,0,1,2,5,13,"H","W",90,42,28,11,24,12,6,16,8,30,38,7,9,2,18,103,90,42,28,11,24,12,6,16,8,30,38,7,9,2,18,103,0.73,6,133.3,0.05,50,3,50,0.83,7.4,48.8,16.67,4.4,18.8,"2023-2024"
"CRV","FEN","18_4","Regular Season","Johnathan  Motley",20,11,5,7,71.4,0,0,NA,1,2,50,2,4,6,3,0,3,0,0,5,2,11,"H","L",76,31,27,17,13,13,11,20,5,23,28,6,15,1,28,71,76,31,27,17,13,13,11,20,5,23,28,6,15,1,28,71,1.22,8.5,129.4,0.09,35.3,1,71.4,0.29,7.4,69.8,35.29,5.4,20,"2023-2024"
"CRV","FEN","18_4","Regular Season","Scottie  Wilbekin",24,14,1,5,20,4,8,50,0,0,NA,0,1,1,4,1,3,0,0,2,3,10,"H","L",76,31,27,17,13,13,11,20,5,23,28,6,15,1,28,71,76,31,27,17,13,13,11,20,5,23,28,6,15,1,28,71,1.08,15.4,90.9,0.07,26,1.3,53.8,0,7.2,53.8,19.48,6.6,0,"2023-2024"
"CRV","FEN","18_4","Regular Season","Nigel  Hayes-Davis",31,21,4,8,50,3,3,100,4,6,66.7,2,7,9,1,0,2,0,0,3,8,28,"H","L",76,31,27,17,13,13,11,20,5,23,28,6,15,1,28,71,76,31,27,17,13,13,11,20,5,23,28,6,15,1,28,71,1.24,13.1,160.3,0.2,7.6,0.5,77.3,0.55,16.3,77,15.27,5,20,"2023-2024"
"CRV","FEN","18_4","Regular Season","Tarik  Biberovic",14,4,0,1,0,1,2,50,1,2,50,0,0,0,1,0,0,0,0,3,1,0,"H","L",76,31,27,17,13,13,11,20,5,23,28,6,15,1,28,71,76,31,27,17,13,13,11,20,5,23,28,6,15,1,28,71,0.8,3.7,108.1,-0.01,27,Inf,50,0.67,1.4,51.5,0,2.8,0,"2023-2024"
"CRV","FEN","18_4","Regular Season","Nick  Calathes",26,2,1,1,100,0,0,NA,0,2,0,0,4,4,3,2,2,0,0,2,3,8,"H","L",76,31,27,17,13,13,11,20,5,23,28,6,15,1,28,71,76,31,27,17,13,13,11,20,5,23,28,6,15,1,28,71,0.67,3.7,54.1,0.05,81.1,1.5,100,2,3.4,53.2,54.05,1.5,0,"2023-2024"
"CRV","FEN","18_4","Regular Season","Sertac  Sanli",8,3,0,2,0,1,2,50,0,0,NA,0,1,1,0,0,1,0,0,4,2,-2,"H","L",76,31,27,17,13,13,11,20,5,23,28,6,15,1,28,71,76,31,27,17,13,13,11,20,5,23,28,6,15,1,28,71,0.75,4.8,62.5,-0.04,0,0,37.5,0,-1.7,37.5,20.83,6.2,0,"2023-2024"
"CRV","FEN","18_4","Regular Season","Georgios  Papagiannis",12,0,0,1,0,0,0,NA,0,0,NA,1,1,2,2,0,1,1,0,2,0,1,"H","L",76,31,27,17,13,13,11,20,5,23,28,6,15,1,28,71,76,31,27,17,13,13,11,20,5,23,28,6,15,1,28,71,0,1,0,0,200,2,0,0,0.6,0,100,1.7,10,"2023-2024"
"CRV","FEN","18_4","Regular Season","Marko  Guduric",23,3,0,1,0,1,3,33.3,0,0,NA,0,2,2,0,2,0,0,0,2,0,2,"H","L",76,31,27,17,13,13,11,20,5,23,28,6,15,1,28,71,76,31,27,17,13,13,11,20,5,23,28,6,15,1,28,71,0.75,3.8,78.9,0.02,0,NA,37.5,0,2.4,37.5,0,1.7,0,"2023-2024"
"CRV","FEN","18_4","Regular Season","Tyler  Dorsey",19,8,0,2,0,2,6,33.3,2,2,100,0,1,1,1,1,0,0,1,3,3,4,"H","L",76,31,27,17,13,13,11,20,5,23,28,6,15,1,28,71,76,31,27,17,13,13,11,20,5,23,28,6,15,1,28,71,0.8,8.5,94.1,0.02,11.8,Inf,37.5,0.25,4,45,0,4.6,0,"2023-2024"
"CRV","FEN","18_4","Regular Season","Yam  Madar",14,8,1,2,50,1,1,100,3,3,100,0,1,1,2,0,2,0,1,1,1,7,"H","L",76,31,27,17,13,13,11,20,5,23,28,6,15,1,28,71,76,31,27,17,13,13,11,20,5,23,28,6,15,1,28,71,1.33,6.1,131.1,0.07,32.8,1,83.3,1,6,92.6,32.79,4.5,0,"2023-2024"
"CRV","FEN","18_4","Regular Season","Nathan  Sestina",9,2,1,1,100,0,2,0,0,0,NA,0,1,1,3,0,1,0,0,1,0,2,"H","L",76,31,27,17,13,13,11,20,5,23,28,6,15,1,28,71,76,31,27,17,13,13,11,20,5,23,28,6,15,1,28,71,0.67,3.8,52.6,0.02,78.9,3,33.3,0,1.3,33.3,26.32,4.4,0,"2023-2024"
"FEN","CRV","18_4","Regular Season","Dejan  Davidovac",18,0,0,1,0,0,2,0,0,0,NA,0,3,3,1,0,0,0,0,1,0,0,"A","W",85,34,22,30,19,8,23,20,10,26,36,6,10,2,23,107,85,34,22,30,19,8,23,20,10,26,36,6,10,2,23,107,0,2.9,0,0,34.5,Inf,0,0,-0.9,0,0,1.7,0,"2023-2024"
"FEN","CRV","18_4","Regular Season","Branko  Lazic",12,8,1,1,100,2,3,66.7,0,0,NA,0,1,1,0,0,0,0,0,5,0,3,"A","W",85,34,22,30,19,8,23,20,10,26,36,6,10,2,23,107,85,34,22,30,19,8,23,20,10,26,36,6,10,2,23,107,2,3.8,210.5,0.02,0,NA,100,0,4.7,100,0,3.4,0,"2023-2024"
"FEN","CRV","18_4","Regular Season","Joel  Bolomboy",31,24,8,9,88.9,0,0,NA,8,10,80,2,4,6,0,1,1,0,0,4,8,31,"A","W",85,34,22,30,19,8,23,20,10,26,36,6,10,2,23,107,85,34,22,30,19,8,23,20,10,26,36,6,10,2,23,107,1.26,11.9,201.7,0.15,0,0,88.9,1.11,21.1,89.6,8.4,4.7,10,"2023-2024"
"FEN","CRV","18_4","Regular Season","Rokas  Giedraitis",30,19,2,5,40,2,5,40,9,10,90,2,5,7,0,1,2,0,0,4,8,22,"A","W",85,34,22,30,19,8,23,20,10,26,36,6,10,2,23,107,85,34,22,30,19,8,23,20,10,26,36,6,10,2,23,107,0.95,13.8,137.7,0.09,0,0,50,1,13.5,66,14.49,5.5,10,"2023-2024"
"FEN","CRV","18_4","Regular Season","Nikola  Topic",19,4,2,4,50,0,1,0,0,0,NA,0,1,1,4,0,1,0,0,2,1,4,"A","W",85,34,22,30,19,8,23,20,10,26,36,6,10,2,23,107,85,34,22,30,19,8,23,20,10,26,36,6,10,2,23,107,0.8,5.8,69,0.02,69,4,40,0,2.6,40,17.24,3.2,0,"2023-2024"
"FEN","CRV","18_4","Regular Season","Milos  Teodosic",21,6,1,4,25,1,3,33.3,1,2,50,2,1,3,8,2,1,0,0,2,2,12,"A","W",85,34,22,30,19,8,23,20,10,26,36,6,10,2,23,107,85,34,22,30,19,8,23,20,10,26,36,6,10,2,23,107,0.67,6.6,90.9,0.06,121.2,8,35.7,0.29,9,38.1,15.15,4.3,10,"2023-2024"
"FEN","CRV","18_4","Regular Season","Adam  Hanga",19,12,2,3,66.7,2,3,66.7,2,4,50,0,4,4,0,0,1,0,0,1,3,13,"A","W",85,34,22,30,19,8,23,20,10,26,36,6,10,2,23,107,85,34,22,30,19,8,23,20,10,26,36,6,10,2,23,107,1.2,8.4,142.9,0.07,0,0,83.3,0.67,8.4,77.3,11.9,4.7,0,"2023-2024"
"FEN","CRV","18_4","Regular Season","Mike  Tobey",13,3,1,1,100,0,1,0,1,2,50,2,3,5,1,0,2,2,0,0,1,8,"A","W",85,34,22,30,19,8,23,20,10,26,36,6,10,2,23,107,85,34,22,30,19,8,23,20,10,26,36,6,10,2,23,107,0.75,2.8,107.1,0.03,35.7,0.5,50,1,4,52.1,71.43,3.8,10,"2023-2024"
"FEN","CRV","18_4","Regular Season","Nemanja  Nedovic",21,7,1,2,50,1,4,25,2,2,100,0,3,3,2,1,2,0,0,1,5,11,"A","W",85,34,22,30,19,8,23,20,10,26,36,6,10,2,23,107,85,34,22,30,19,8,23,20,10,26,36,6,10,2,23,107,0.88,8.5,82.4,0.04,23.5,1,41.7,0.33,4.5,50.9,23.53,4.3,0,"2023-2024"
"FEN","CRV","18_4","Regular Season","Freddie  Gillespie",3,0,0,2,0,0,0,NA,0,0,NA,2,1,3,0,0,0,0,1,2,0,-2,"A","W",85,34,22,30,19,8,23,20,10,26,36,6,10,2,23,107,85,34,22,30,19,8,23,20,10,26,36,6,10,2,23,107,0,0,NA,-0.01,NA,NA,0,0,-0.5,0,NA,6.7,10,"2023-2024"
"FEN","CRV","18_4","Regular Season","Yago Mateus dos Santos",13,2,1,2,50,0,0,NA,0,0,NA,0,0,0,4,1,0,0,0,1,0,5,"A","W",85,34,22,30,19,8,23,20,10,26,36,6,10,2,23,107,85,34,22,30,19,8,23,20,10,26,36,6,10,2,23,107,1,1.9,105.3,0.03,210.5,Inf,50,0,4.4,50,0,1.6,0,"2023-2024"
"BER","ZAL","18_5","Regular Season","Keenan  Evans",32,13,3,6,50,1,6,16.7,4,4,100,0,2,2,5,4,2,0,1,1,2,14,"H","W",77,33,30,18,16,10,15,17,11,17,28,10,16,5,21,77,77,33,30,18,16,10,15,17,11,17,28,10,16,5,21,77,0.81,15.1,86.1,0.12,33.1,2.5,37.5,0.33,11.9,47.2,13.25,4.5,0,"2023-2024"
"BER","ZAL","18_5","Regular Season","Rolands  Smits",11,0,0,1,0,0,3,0,0,0,NA,0,0,0,0,0,1,0,0,4,0,-9,"H","W",77,33,30,18,16,10,15,17,11,17,28,10,16,5,21,77,77,33,30,18,16,10,15,17,11,17,28,10,16,5,21,77,0,4.8,0,-0.09,0,0,0,0,-5.4,0,20.83,4.2,0,"2023-2024"
"BER","ZAL","18_5","Regular Season","Laurynas  Birutis",14,6,3,5,60,0,0,NA,0,0,NA,3,1,4,2,0,2,2,1,3,1,7,"H","W",77,33,30,18,16,10,15,17,11,17,28,10,16,5,21,77,77,33,30,18,16,10,15,17,11,17,28,10,16,5,21,77,1.2,3.8,157.9,0.04,52.6,1,60,0,5.7,60,52.63,4.6,13.6,"2023-2024"
"BER","ZAL","18_5","Regular Season","Edmond  Sumner",10,8,1,1,100,2,3,66.7,0,0,NA,0,1,1,0,1,3,1,0,2,0,5,"H","W",77,33,30,18,16,10,15,17,11,17,28,10,16,5,21,77,77,33,30,18,16,10,15,17,11,17,28,10,16,5,21,77,2,6.7,119.4,0.04,0,0,100,0,4.6,100,44.78,6.4,0,"2023-2024"
"BER","ZAL","18_5","Regular Season","Edgaras  Ulanovas",29,10,1,3,33.3,2,3,66.7,2,2,100,1,3,4,2,0,3,0,0,2,4,12,"H","W",77,33,30,18,16,10,15,17,11,17,28,10,16,5,21,77,77,33,30,18,16,10,15,17,11,17,28,10,16,5,21,77,1.25,8.5,117.6,0.07,23.5,0.7,66.7,0.33,6.2,72.7,35.29,3.1,4.5,"2023-2024"
"BER","ZAL","18_5","Regular Season","Lukas  Lekavicius",24,9,3,4,75,0,0,NA,3,4,75,2,4,6,5,0,2,0,0,2,2,16,"H","W",77,33,30,18,16,10,15,17,11,17,28,10,16,5,21,77,77,33,30,18,16,10,15,17,11,17,28,10,16,5,21,77,1.12,5.5,163.6,0.12,90.9,2.5,75,1,10.3,78.1,36.36,3,9.1,"2023-2024"
"BER","ZAL","18_5","Regular Season","Kevarrius  Hayes",21,5,2,6,33.3,0,0,NA,1,2,50,1,2,3,0,3,0,1,0,3,1,5,"H","W",77,33,30,18,16,10,15,17,11,17,28,10,16,5,21,77,77,33,30,18,16,10,15,17,11,17,28,10,16,5,21,77,0.62,5.6,89.3,0.03,0,NA,33.3,0.33,5,36.3,0,3,4.5,"2023-2024"
"BER","ZAL","18_5","Regular Season","Dovydas  Giedraitis",0,0,0,0,NA,0,1,0,0,0,NA,0,0,0,0,0,0,0,1,0,0,-2,"H","W",77,33,30,18,16,10,15,17,11,17,28,10,16,5,21,77,77,33,30,18,16,10,15,17,11,17,28,10,16,5,21,77,0,1,0,-0.01,0,NA,0,0,-0.7,0,0,Inf,0,"2023-2024"
"BER","ZAL","18_5","Regular Season","Austin  Hollins",18,6,0,1,0,2,4,50,0,0,NA,0,2,2,0,0,2,0,0,2,1,2,"H","W",77,33,30,18,16,10,15,17,11,17,28,10,16,5,21,77,77,33,30,18,16,10,15,17,11,17,28,10,16,5,21,77,1.2,6.7,89.6,0.01,0,0,60,0,1.1,60,29.85,3.6,0,"2023-2024"
"BER","ZAL","18_5","Regular Season","Tomas  Dimsa",23,12,3,5,60,1,5,20,3,4,75,3,2,5,2,1,1,1,1,1,8,19,"H","W",77,33,30,18,16,10,15,17,11,17,28,10,16,5,21,77,77,33,30,18,16,10,15,17,11,17,28,10,16,5,21,77,0.86,9.4,127.7,0.1,21.3,2,45,0.4,10.6,51,10.64,5.1,13.6,"2023-2024"
"BER","ZAL","18_5","Regular Season","Brady   Manek",17,8,0,1,0,2,5,40,2,2,100,1,0,1,1,1,0,0,0,1,2,8,"H","W",77,33,30,18,16,10,15,17,11,17,28,10,16,5,21,77,77,33,30,18,16,10,15,17,11,17,28,10,16,5,21,77,1,5.6,142.9,0.05,17.9,Inf,50,0.33,6.6,58.1,0,3.7,4.5,"2023-2024"
"ZAL","BER","18_5","Regular Season","Sterling  Brown",31,12,0,4,0,4,8,50,0,0,NA,0,4,4,5,2,3,1,1,4,2,10,"A","L",71,38,22,22,17,8,13,17,14,20,34,10,18,4,21,69,71,38,22,22,17,8,13,17,14,20,34,10,18,4,21,69,1,14.4,83.3,0.1,34.7,1.7,50,0,8,50,20.83,4.4,0,"2023-2024"
"ZAL","BER","18_5","Regular Season","Matteo  Spagnolo",24,15,3,6,50,1,2,50,6,8,75,2,3,5,4,0,2,0,1,1,4,18,"A","L",71,38,22,22,17,8,13,17,14,20,34,10,18,4,21,69,71,38,22,22,17,8,13,17,14,20,34,10,18,4,21,69,0.94,11.1,135.1,0.16,36,2,56.2,1,12.9,65.1,18.02,5.1,7.1,"2023-2024"
"ZAL","BER","18_5","Regular Season","Yannick  Wetzell",29,10,4,9,44.4,0,0,NA,2,2,100,4,4,8,2,1,2,1,0,3,2,14,"A","L",71,38,22,22,17,8,13,17,14,20,34,10,18,4,21,69,71,38,22,22,17,8,13,17,14,20,34,10,18,4,21,69,0.91,7.6,131.6,0.11,26.3,1,44.4,0.22,9.2,50.6,26.32,3.7,14.3,"2023-2024"
"ZAL","BER","18_5","Regular Season","Johannes  Thiemann",30,17,6,9,66.7,0,0,NA,5,8,62.5,2,2,4,2,1,4,0,3,2,8,17,"A","L",71,38,22,22,17,8,13,17,14,20,34,10,18,4,21,69,71,38,22,22,17,8,13,17,14,20,34,10,18,4,21,69,1,13.9,122.3,0.12,14.4,0.5,66.7,0.89,11.5,67.9,28.78,5,7.1,"2023-2024"
"ZAL","BER","18_5","Regular Season","Justin  Bean",17,2,1,3,33.3,0,1,0,0,0,NA,3,0,3,0,3,0,0,0,1,1,5,"A","L",71,38,22,22,17,8,13,17,14,20,34,10,18,4,21,69,71,38,22,22,17,8,13,17,14,20,34,10,18,4,21,69,0.5,1,200,0.03,0,NA,25,0,4.3,25,0,2.1,10.7,"2023-2024"
"ZAL","BER","18_5","Regular Season","Malte  Delow",16,3,0,2,0,1,2,50,0,0,NA,0,0,0,2,1,1,1,0,1,0,2,"A","L",71,38,22,22,17,8,13,17,14,20,34,10,18,4,21,69,71,38,22,22,17,8,13,17,14,20,34,10,18,4,21,69,0.75,4.8,62.5,0.02,41.7,2,37.5,0,2.3,37.5,20.83,2.9,0,"2023-2024"
"ZAL","BER","18_5","Regular Season","Jonas  Mattisseck",12,0,0,0,NA,0,1,0,0,0,NA,0,3,3,0,0,0,0,0,3,2,1,"A","L",71,38,22,22,17,8,13,17,14,20,34,10,18,4,21,69,71,38,22,22,17,8,13,17,14,20,34,10,18,4,21,69,0,1,0,-0.01,0,NA,0,0,-1,0,0,0.8,0,"2023-2024"
"ZAL","BER","18_5","Regular Season","Tim  Schneider",12,5,1,1,100,1,1,100,0,2,0,1,0,1,0,0,0,0,0,2,1,3,"A","L",71,38,22,22,17,8,13,17,14,20,34,10,18,4,21,69,71,38,22,22,17,8,13,17,14,20,34,10,18,4,21,69,1.25,1.8,277.8,0.02,0,NA,125,1,3.5,86.8,0,2.2,3.6,"2023-2024"
"ZAL","BER","18_5","Regular Season","Matt  Thomas",20,7,2,3,66.7,1,7,14.3,0,0,NA,0,0,0,2,2,4,0,0,1,0,-1,"A","L",71,38,22,22,17,8,13,17,14,20,34,10,18,4,21,69,71,38,22,22,17,8,13,17,14,20,34,10,18,4,21,69,0.7,13.4,52.2,-0.01,14.9,0.5,35,0,0.2,35,29.85,6.4,0,"2023-2024"
"ZAL","BER","18_5","Regular Season","Christ  Koumadje",8,0,0,1,0,0,0,NA,0,2,0,2,4,6,0,0,2,1,0,3,1,0,"A","L",71,38,22,22,17,8,13,17,14,20,34,10,18,4,21,69,71,38,22,22,17,8,13,17,14,20,34,10,18,4,21,69,0,1.8,0,-0.03,0,0,0,2,-1.4,0,111.11,4.4,7.1,"2023-2024"
"BAR","RMB","18_6","Regular Season","Alberto   Abalde",15,3,0,1,0,1,3,33.3,0,0,NA,0,0,0,1,1,0,0,0,1,0,1,"A","L",78,30,36,10,15,13,9,18,8,21,29,5,9,3,14,85,78,30,36,10,15,13,9,18,8,21,29,5,9,3,14,85,0.75,3.8,78.9,0.01,26.3,Inf,37.5,0,1.9,37.5,0,2.7,0,"2023-2024"
"BAR","RMB","18_6","Regular Season","Facundo  Campazzo",26,6,1,5,20,1,3,33.3,1,1,100,0,3,3,8,0,1,0,1,3,4,10,"A","L",78,30,36,10,15,13,9,18,8,21,29,5,9,3,14,85,78,30,36,10,15,13,9,18,8,21,29,5,9,3,14,85,0.67,9.1,65.9,0.05,87.9,8,31.2,0.12,5.5,35.5,10.99,3.7,0,"2023-2024"
"BAR","RMB","18_6","Regular Season","Walter  Tavares",24,6,1,3,33.3,0,0,NA,4,4,100,3,4,7,1,1,4,2,0,1,3,13,"A","L",78,30,36,10,15,13,9,18,8,21,29,5,9,3,14,85,78,30,36,10,15,13,9,18,8,21,29,5,9,3,14,85,0.86,5.5,109.1,0.06,18.2,0.2,33.3,1.33,6.3,63,72.73,3.7,18.8,"2023-2024"
"BAR","RMB","18_6","Regular Season","Eli  Ndiaye",16,4,2,3,66.7,0,3,0,0,0,NA,1,2,3,1,0,0,0,0,2,1,3,"A","L",78,30,36,10,15,13,9,18,8,21,29,5,9,3,14,85,78,30,36,10,15,13,9,18,8,21,29,5,9,3,14,85,0.67,4.8,83.3,0.01,20.8,Inf,33.3,0,1.8,33.3,0,3.8,6.2,"2023-2024"
"BAR","RMB","18_6","Regular Season","Dzanan  Musa",29,19,1,1,100,5,8,62.5,2,3,66.7,0,3,3,2,0,0,0,0,0,4,24,"A","L",78,30,36,10,15,13,9,18,8,21,29,5,9,3,14,85,78,30,36,10,15,13,9,18,8,21,29,5,9,3,14,85,1.58,9.9,191.9,0.15,20.2,Inf,94.4,0.33,17,92.1,0,3.6,0,"2023-2024"
"BAR","RMB","18_6","Regular Season","Fabien  Causeur",16,2,1,2,50,0,0,NA,0,0,NA,3,0,3,0,0,0,0,0,1,0,3,"A","L",78,30,36,10,15,13,9,18,8,21,29,5,9,3,14,85,78,30,36,10,15,13,9,18,8,21,29,5,9,3,14,85,1,-1,-200,0.01,0,NA,50,0,2.7,50,0,1.3,18.8,"2023-2024"
"BAR","RMB","18_6","Regular Season","Mario  Hezonja",29,16,2,4,50,4,9,44.4,0,0,NA,1,4,5,2,2,2,0,1,0,0,15,"A","L",78,30,36,10,15,13,9,18,8,21,29,5,9,3,14,85,78,30,36,10,15,13,9,18,8,21,29,5,9,3,14,85,1.23,13.4,119.4,0.12,14.9,1,61.5,0,12.6,61.5,14.93,5.2,6.2,"2023-2024"
"BAR","RMB","18_6","Regular Season","Sergio  Rodriguez",14,7,2,2,100,1,3,33.3,0,0,NA,0,1,1,3,1,2,0,0,2,1,7,"A","L",78,30,36,10,15,13,9,18,8,21,29,5,9,3,14,85,78,30,36,10,15,13,9,18,8,21,29,5,9,3,14,85,1.4,6.7,104.5,0.05,44.8,1.5,70,0,5.3,70,29.85,5,0,"2023-2024"
"BAR","RMB","18_6","Regular Season","Vincent  Poirier",16,6,3,5,60,0,0,NA,0,0,NA,0,4,4,0,0,0,1,1,2,1,7,"A","L",78,30,36,10,15,13,9,18,8,21,29,5,9,3,14,85,78,30,36,10,15,13,9,18,8,21,29,5,9,3,14,85,1.2,4.8,125,0.05,0,NA,60,0,4.8,60,0,3.1,0,"2023-2024"
"BAR","RMB","18_6","Regular Season","Sergio  Llull",15,9,2,4,50,1,7,14.3,2,2,100,0,0,0,0,0,0,0,0,2,3,2,"A","L",78,30,36,10,15,13,9,18,8,21,29,5,9,3,14,85,78,30,36,10,15,13,9,18,8,21,29,5,9,3,14,85,0.69,11.4,78.9,-0.01,0,NA,31.8,0.18,1.7,37.9,0,8,0,"2023-2024"
"RMB","BAR","18_6","Regular Season","Oscar  da Silva",9,2,1,1,100,0,0,NA,0,0,NA,2,0,2,0,1,0,0,0,3,0,2,"H","W",83,54,18,9,25,9,6,20,13,24,37,6,7,3,17,95,83,54,18,9,25,9,6,20,13,24,37,6,7,3,17,95,2,-1,-200,0.01,0,NA,100,0,2.9,100,0,1.1,7.7,"2023-2024"
"RMB","BAR","18_6","Regular Season","Jan  Vesely",27,27,12,18,66.7,0,0,NA,3,3,100,1,3,4,0,1,0,3,1,2,2,28,"H","W",83,54,18,9,25,9,6,20,13,24,37,6,7,3,17,95,83,54,18,9,25,9,6,20,13,24,37,6,7,3,17,95,1.29,17.6,153.4,0.16,0,NA,66.7,0.17,23.1,69.9,0,6.9,3.8,"2023-2024"
"RMB","BAR","18_6","Regular Season","Nikola  Kalinic",31,13,2,4,50,3,3,100,0,0,NA,1,3,4,5,0,4,0,0,3,1,14,"H","W",83,54,18,9,25,9,6,20,13,24,37,6,7,3,17,95,83,54,18,9,25,9,6,20,13,24,37,6,7,3,17,95,1.86,9.6,135.4,0.08,52.1,1.2,92.9,0,10,92.9,41.67,3.4,3.8,"2023-2024"
"RMB","BAR","18_6","Regular Season","Tomas  Satoransky",26,2,1,5,20,0,1,0,0,0,NA,1,5,6,0,1,0,0,0,0,1,5,"H","W",83,54,18,9,25,9,6,20,13,24,37,6,7,3,17,95,83,54,18,9,25,9,6,20,13,24,37,6,7,3,17,95,0.33,4.8,41.7,0.02,0,NA,16.7,0,1.4,16.7,0,2.2,3.8,"2023-2024"
"RMB","BAR","18_6","Regular Season","Jabari  Parker",30,10,2,5,40,2,3,66.7,0,0,NA,1,4,5,3,2,1,0,0,4,2,13,"H","W",83,54,18,9,25,9,6,20,13,24,37,6,7,3,17,95,83,54,18,9,25,9,6,20,13,24,37,6,7,3,17,95,1.25,7.7,129.9,0.07,39,3,62.5,0,9.4,62.5,12.99,2.9,3.8,"2023-2024"
"RMB","BAR","18_6","Regular Season","Oriol  Pauli",0,0,0,0,NA,0,0,NA,0,0,NA,0,0,0,0,0,0,0,0,0,0,0,"H","W",83,54,18,9,25,9,6,20,13,24,37,6,7,3,17,95,83,54,18,9,25,9,6,20,13,24,37,6,7,3,17,95,NA,0,NA,0,NA,NA,NA,NA,0,NA,NA,NA,0,"2023-2024"
"RMB","BAR","18_6","Regular Season","Dario  Brizuela",3,3,0,1,0,1,1,100,0,0,NA,0,0,0,0,0,0,0,0,0,0,2,"H","W",83,54,18,9,25,9,6,20,13,24,37,6,7,3,17,95,83,54,18,9,25,9,6,20,13,24,37,6,7,3,17,95,1.5,1.9,157.9,0.01,0,NA,75,0,2,75,0,6.4,0,"2023-2024"
"RMB","BAR","18_6","Regular Season","Willy  Hernangomez",13,6,3,9,33.3,0,0,NA,0,0,NA,4,2,6,0,0,1,0,1,1,1,4,"H","W",83,54,18,9,25,9,6,20,13,24,37,6,7,3,17,95,83,54,18,9,25,9,6,20,13,24,37,6,7,3,17,95,0.67,5.8,103.4,0.01,0,0,33.3,0,2.9,33.3,17.24,7.4,15.4,"2023-2024"
"RMB","BAR","18_6","Regular Season","Nicolas  Laprovittola",25,14,1,5,20,3,8,37.5,3,4,75,2,2,4,8,0,1,0,1,2,5,17,"H","W",83,54,18,9,25,9,6,20,13,24,37,6,7,3,17,95,83,54,18,9,25,9,6,20,13,24,37,6,7,3,17,95,0.82,13.2,106.1,0.08,60.6,8,42.3,0.31,11.9,47.4,7.58,6.1,7.7,"2023-2024"
"RMB","BAR","18_6","Regular Season","Rokas  Jokubaitis",19,4,2,4,50,0,0,NA,0,0,NA,1,2,3,3,0,0,0,0,1,1,8,"H","W",83,54,18,9,25,9,6,20,13,24,37,6,7,3,17,95,83,54,18,9,25,9,6,20,13,24,37,6,7,3,17,95,1,2.9,137.9,0.04,103.4,Inf,50,0,5,50,0,2,3.8,"2023-2024"
"RMB","BAR","18_6","Regular Season","Joel  Parra",16,2,1,2,50,0,2,0,0,2,0,0,3,3,1,1,0,0,0,1,1,2,"H","W",83,54,18,9,25,9,6,20,13,24,37,6,7,3,17,95,83,54,18,9,25,9,6,20,13,24,37,6,7,3,17,95,0.33,4.7,42.6,0.01,21.3,Inf,25,0.5,1,20.5,0,2.9,0,"2023-2024"
"EFE","VAL","18_7","Regular Season","Nate  Reuvers",16,10,2,3,66.7,2,5,40,0,0,NA,0,2,2,2,1,0,0,0,1,2,12,"H","W",93,50,21,17,23,11,14,23,11,26,37,3,5,3,15,108,93,50,21,17,23,11,14,23,11,26,37,3,5,3,15,108,1.25,7.7,129.9,0.05,26,Inf,62.5,0,8.6,62.5,0,4.8,0,"2023-2024"
"EFE","VAL","18_7","Regular Season","Chris  Jones",28,15,6,12,50,1,3,33.3,0,0,NA,0,2,2,6,0,1,0,3,2,2,11,"H","W",93,50,21,17,23,11,14,23,11,26,37,3,5,3,15,108,93,50,21,17,23,11,14,23,11,26,37,3,5,3,15,108,1,15.4,97.4,0.07,39,6,50,0,10.3,50,6.49,5.5,0,"2023-2024"
"EFE","VAL","18_7","Regular Season","Boubacar  Toure",19,4,2,4,50,0,0,NA,0,0,NA,2,3,5,0,0,0,2,1,3,0,5,"H","W",93,50,21,17,23,11,14,23,11,26,37,3,5,3,15,108,93,50,21,17,23,11,14,23,11,26,37,3,5,3,15,108,1,1.9,210.5,0.02,0,NA,50,0,4.5,50,0,2,9.1,"2023-2024"
"EFE","VAL","18_7","Regular Season","Kassius  Robertson",8,0,0,2,0,0,0,NA,0,0,NA,0,0,0,0,0,0,0,1,0,0,-3,"H","W",93,50,21,17,23,11,14,23,11,26,37,3,5,3,15,108,93,50,21,17,23,11,14,23,11,26,37,3,5,3,15,108,0,1.9,0,-0.01,0,NA,0,0,-1.4,0,0,2.4,0,"2023-2024"
"EFE","VAL","18_7","Regular Season","Semi  Ojeleye",25,14,2,7,28.6,2,2,100,4,4,100,1,3,4,0,1,1,0,0,2,2,13,"H","W",93,50,21,17,23,11,14,23,11,26,37,3,5,3,15,108,93,50,21,17,23,11,14,23,11,26,37,3,5,3,15,108,1.08,10.3,135.9,0.06,0,0,55.6,0.44,10.1,65.1,9.71,4.5,4.5,"2023-2024"
"EFE","VAL","18_7","Regular Season","Jared  Harper",14,10,0,3,0,2,2,100,4,4,100,1,0,1,3,0,0,0,2,1,2,10,"H","W",93,50,21,17,23,11,14,23,11,26,37,3,5,3,15,108,93,50,21,17,23,11,14,23,11,26,37,3,5,3,15,108,1.11,5.5,181.8,0.05,54.5,Inf,60,0.8,9.7,74,0,4.6,4.5,"2023-2024"
"EFE","VAL","18_7","Regular Season","Justin  Anderson",16,2,1,2,50,0,2,0,0,0,NA,0,1,1,0,1,0,0,0,2,0,-1,"H","W",93,50,21,17,23,11,14,23,11,26,37,3,5,3,15,108,93,50,21,17,23,11,14,23,11,26,37,3,5,3,15,108,0.5,3.8,52.6,-0.01,0,NA,25,0,0.1,25,0,2.4,0,"2023-2024"
"EFE","VAL","18_7","Regular Season","Xabi  Lopez-Arostegui",15,7,2,2,100,1,1,100,0,0,NA,0,4,4,1,0,2,0,0,0,1,11,"H","W",93,50,21,17,23,11,14,23,11,26,37,3,5,3,15,108,93,50,21,17,23,11,14,23,11,26,37,3,5,3,15,108,2.33,4.8,145.8,0.05,20.8,0.5,116.7,0,6,116.7,41.67,3.2,0,"2023-2024"
"EFE","VAL","18_7","Regular Season","Damien  Inglis",23,14,4,6,66.7,1,1,100,3,4,75,4,6,10,4,0,0,0,0,0,3,28,"H","W",93,50,21,17,23,11,14,23,11,26,37,3,5,3,15,108,93,50,21,17,23,11,14,23,11,26,37,3,5,3,15,108,1.27,4.6,304.3,0.12,87,Inf,78.6,0.57,18.1,79.9,0,3.6,18.2,"2023-2024"
"EFE","VAL","18_7","Regular Season","Stefan  Jovic",16,2,1,2,50,0,2,0,0,0,NA,0,1,1,4,0,0,0,2,2,3,3,"H","W",93,50,21,17,23,11,14,23,11,26,37,3,5,3,15,108,93,50,21,17,23,11,14,23,11,26,37,3,5,3,15,108,0.5,3.8,52.6,0.01,105.3,Inf,25,0,1.9,25,0,2.4,0,"2023-2024"
"EFE","VAL","18_7","Regular Season","Brandon  Davies",20,15,3,7,42.9,2,3,66.7,3,5,60,3,4,7,3,0,1,1,1,2,4,19,"H","W",93,50,21,17,23,11,14,23,11,26,37,3,5,3,15,108,93,50,21,17,23,11,14,23,11,26,37,3,5,3,15,108,1,9.8,153.1,0.08,30.6,3,60,0.5,13.5,61.5,10.2,6.3,13.6,"2023-2024"
"VAL","EFE","18_7","Regular Season","Shane  Larkin",33,20,2,8,25,4,7,57.1,4,5,80,0,3,3,5,1,1,0,2,2,6,20,"A","L",88,43,30,10,17,15,9,21,11,24,35,4,9,10,19,100,88,43,30,10,17,15,9,21,11,24,35,4,9,10,19,100,1,17.5,114.3,0.1,28.6,5,53.3,0.33,15.1,58.1,5.71,5.1,0,"2023-2024"
"VAL","EFE","18_7","Regular Season","Rodrigue  Beaubois",32,8,1,3,33.3,2,5,40,0,0,NA,1,2,3,7,0,0,4,0,0,1,18,"A","L",88,43,30,10,17,15,9,21,11,24,35,4,9,10,19,100,88,43,30,10,17,15,9,21,11,24,35,4,9,10,19,100,1,6.7,119.4,0.09,104.5,Inf,50,0,12.6,50,0,2.3,4.5,"2023-2024"
"VAL","EFE","18_7","Regular Season","Elijah  Bryant",27,13,2,4,50,3,5,60,0,0,NA,0,5,5,3,0,1,0,0,1,1,16,"A","L",88,43,30,10,17,15,9,21,11,24,35,4,9,10,19,100,88,43,30,10,17,15,9,21,11,24,35,4,9,10,19,100,1.44,9.6,135.4,0.1,31.2,3,72.2,0,10.9,72.2,10.42,3.4,0,"2023-2024"
"VAL","EFE","18_7","Regular Season","Tibor  Pleiss",29,11,1,6,16.7,3,6,50,0,0,NA,4,6,10,1,0,1,1,0,3,1,12,"A","L",88,43,30,10,17,15,9,21,11,24,35,4,9,10,19,100,88,43,30,10,17,15,9,21,11,24,35,4,9,10,19,100,0.92,8.6,127.9,0.05,11.6,1,45.8,0,8,45.8,11.63,4.2,18.2,"2023-2024"
"VAL","EFE","18_7","Regular Season","Daniel  Oturu",19,6,3,4,75,0,0,NA,0,0,NA,3,2,5,2,0,3,3,0,5,1,8,"A","L",88,43,30,10,17,15,9,21,11,24,35,4,9,10,19,100,88,43,30,10,17,15,9,21,11,24,35,4,9,10,19,100,1.5,3.8,157.9,0.03,52.6,0.7,75,0,5.6,75,78.95,3.4,13.6,"2023-2024"
"VAL","EFE","18_7","Regular Season","Darius  Thompson",26,12,2,9,22.2,2,5,40,2,2,100,0,2,2,2,2,0,2,1,2,2,9,"A","L",88,43,30,10,17,15,9,21,11,24,35,4,9,10,19,100,88,43,30,10,17,15,9,21,11,24,35,4,9,10,19,100,0.75,14.3,83.9,0.05,14,Inf,35.7,0.14,8.4,40.3,0,5.3,0,"2023-2024"
"VAL","EFE","18_7","Regular Season","Justus  Hollatz",3,0,0,0,NA,0,0,NA,0,0,NA,0,0,0,0,0,0,0,0,1,0,-1,"A","L",88,43,30,10,17,15,9,21,11,24,35,4,9,10,19,100,88,43,30,10,17,15,9,21,11,24,35,4,9,10,19,100,NA,0,NA,-0.01,NA,NA,NA,NA,-0.4,NA,NA,0,0,"2023-2024"
"VAL","EFE","18_7","Regular Season","Mike  Daum",11,3,0,1,0,1,2,50,0,0,NA,0,2,2,0,1,0,0,0,1,1,4,"A","L",88,43,30,10,17,15,9,21,11,24,35,4,9,10,19,100,88,43,30,10,17,15,9,21,11,24,35,4,9,10,19,100,1,2.9,103.4,0.02,0,NA,50,0,2.5,50,0,2.5,0,"2023-2024"
"VAL","EFE","18_7","Regular Season","Tyrique  Jones",20,15,6,8,75,0,0,NA,3,3,100,3,2,5,1,0,3,0,0,4,2,14,"A","L",88,43,30,10,17,15,9,21,11,24,35,4,9,10,19,100,88,43,30,10,17,15,9,21,11,24,35,4,9,10,19,100,1.36,8.9,168.5,0.07,11.2,0.3,75,0.38,10.6,80.5,33.71,5.7,13.6,"2023-2024"
"BAY","BOL","18_8","Regular Season","Isaia  Cordinier",23,11,3,10,30,1,1,100,2,2,100,4,5,9,3,2,1,0,1,1,3,18,"H","W",85,37,28,22,17,12,15,18,9,19,28,7,7,1,19,89,85,37,28,22,17,12,15,18,9,19,28,7,7,1,19,89,0.85,8.5,129.4,0.11,35.3,3,40.9,0.18,11.9,46.3,11.76,5.5,22.2,"2023-2024"
"BAY","BOL","18_8","Regular Season","Marco  Belinelli",25,16,2,7,28.6,2,8,25,6,8,75,1,1,2,1,1,0,0,0,3,5,9,"H","W",85,37,28,22,17,12,15,18,9,19,28,7,7,1,19,89,85,37,28,22,17,12,15,18,9,19,28,7,7,1,19,89,0.7,16.8,95.2,0.03,6,Inf,33.3,0.53,7.8,43.2,0,7.3,5.6,"2023-2024"
"BAY","BOL","18_8","Regular Season","Tornike  Shengelia",32,18,4,7,57.1,2,7,28.6,4,6,66.7,1,4,5,3,2,1,0,0,1,7,23,"H","W",85,37,28,22,17,12,15,18,9,19,28,7,7,1,19,89,85,37,28,22,17,12,15,18,9,19,28,7,7,1,19,89,0.9,16,112.5,0.12,18.8,3,50,0.43,14.4,54.1,6.25,5.4,5.6,"2023-2024"
"BAY","BOL","18_8","Regular Season","Daniel  Hackett",29,15,2,4,50,3,5,60,2,4,50,0,2,2,5,2,1,0,1,2,3,17,"H","W",85,37,28,22,17,12,15,18,9,19,28,7,7,1,19,89,85,37,28,22,17,12,15,18,9,19,28,7,7,1,19,89,1.15,11.3,132.7,0.12,44.2,5,72.2,0.44,14.2,69.7,8.85,4,0,"2023-2024"
"BAY","BOL","18_8","Regular Season","Bryant  Dunston",21,4,2,3,66.7,0,0,NA,0,0,NA,2,0,2,1,0,0,0,0,4,0,2,"H","W",85,37,28,22,17,12,15,18,9,19,28,7,7,1,19,89,85,37,28,22,17,12,15,18,9,19,28,7,7,1,19,89,1.33,1,400,0.01,100,Inf,66.7,0,3.2,66.7,0,1.4,11.1,"2023-2024"
"BAY","BOL","18_8","Regular Season","Gabriel  Lundberg",24,9,3,5,60,1,3,33.3,0,0,NA,0,2,2,2,0,1,0,0,1,1,8,"H","W",85,37,28,22,17,12,15,18,9,19,28,7,7,1,19,89,85,37,28,22,17,12,15,18,9,19,28,7,7,1,19,89,1.12,8.6,104.7,0.05,23.3,2,56.2,0,5.6,56.2,11.63,3.7,0,"2023-2024"
"BAY","BOL","18_8","Regular Season","Alessandro  Pajola",12,8,1,1,100,2,2,100,0,0,NA,0,1,1,2,0,2,0,0,4,0,5,"H","W",85,37,28,22,17,12,15,18,9,19,28,7,7,1,19,89,85,37,28,22,17,12,15,18,9,19,28,7,7,1,19,89,2.67,4.8,166.7,0.04,41.7,1,133.3,0,5.2,133.3,41.67,4.1,0,"2023-2024"
"BAY","BOL","18_8","Regular Season","Achille  Polonara",8,3,0,0,NA,1,1,100,0,0,NA,0,1,1,0,0,0,0,0,1,0,3,"H","W",85,37,28,22,17,12,15,18,9,19,28,7,7,1,19,89,85,37,28,22,17,12,15,18,9,19,28,7,7,1,19,89,3,1,300,0.02,0,NA,150,0,2.6,150,0,1.2,0,"2023-2024"
"BAY","BOL","18_8","Regular Season","Ante  Zizic",12,1,0,0,NA,0,0,NA,1,2,50,1,2,3,0,0,1,1,0,1,1,3,"H","W",85,37,28,22,17,12,15,18,9,19,28,7,7,1,19,89,85,37,28,22,17,12,15,18,9,19,28,7,7,1,19,89,0.5,0.8,125,0.01,0,0,NA,Inf,1.2,56.8,125,1.5,5.6,"2023-2024"
"BAY","BOL","18_8","Regular Season","Awudu  Abass",13,0,0,0,NA,0,1,0,0,0,NA,0,1,1,1,0,0,0,0,1,1,1,"H","W",85,37,28,22,17,12,15,18,9,19,28,7,7,1,19,89,85,37,28,22,17,12,15,18,9,19,28,7,7,1,19,89,0,1,0,0,100,Inf,0,0,-0.1,0,0,0.8,0,"2023-2024"
"BOL","BAY","18_8","Regular Season","Carsen  Edwards",21,22,7,8,87.5,2,6,33.3,2,2,100,0,3,3,2,0,3,0,0,3,4,20,"A","L",83,28,32,13,17,13,10,16,8,26,34,5,12,2,21,92,83,28,32,13,17,13,10,16,8,26,34,5,12,2,21,92,1.38,17.2,127.9,0.12,11.6,0.7,71.4,0.14,13.9,73.9,17.44,8.8,0,"2023-2024"
"BOL","BAY","18_8","Regular Season","Isaac  Bonga",15,5,1,2,50,1,2,50,0,0,NA,1,1,2,1,1,0,0,0,2,1,6,"A","L",83,28,32,13,17,13,10,16,8,26,34,5,12,2,21,92,83,28,32,13,17,13,10,16,8,26,34,5,12,2,21,92,1.25,2.9,172.4,0.03,34.5,Inf,62.5,0,4.9,62.5,0,2.7,6.2,"2023-2024"
"BOL","BAY","18_8","Regular Season","Leandro  Bolmaro",24,5,1,2,50,1,1,100,0,2,0,0,0,0,4,1,3,0,0,2,1,3,"A","L",83,28,32,13,17,13,10,16,8,26,34,5,12,2,21,92,83,28,32,13,17,13,10,16,8,26,34,5,12,2,21,92,1,6.6,75.8,0.01,60.6,1.3,83.3,0.67,2.9,64.4,45.45,3,0,"2023-2024"
"BOL","BAY","18_8","Regular Season","Serge  Ibaka",28,15,3,3,100,3,4,75,0,0,NA,2,11,13,1,0,2,0,0,4,1,23,"A","L",83,28,32,13,17,13,10,16,8,26,34,5,12,2,21,92,83,28,32,13,17,13,10,16,8,26,34,5,12,2,21,92,2.14,6.7,223.9,0.15,14.9,0.5,107.1,0,14.3,107.1,29.85,3.3,12.5,"2023-2024"
"BOL","BAY","18_8","Regular Season","Devin   Booker",27,6,3,5,60,0,2,0,0,0,NA,2,1,3,0,0,1,0,1,2,0,1,"A","L",83,28,32,13,17,13,10,16,8,26,34,5,12,2,21,92,83,28,32,13,17,13,10,16,8,26,34,5,12,2,21,92,0.86,5.8,103.4,0.01,0,0,42.9,0,2.2,42.9,17.24,3,12.5,"2023-2024"
"BOL","BAY","18_8","Regular Season","Nick  Weiler-Babb",25,4,0,2,0,1,4,25,1,2,50,1,4,5,3,1,2,0,0,4,1,2,"A","L",83,28,32,13,17,13,10,16,8,26,34,5,12,2,21,92,83,28,32,13,17,13,10,16,8,26,34,5,12,2,21,92,0.5,7.6,52.6,0,39.5,1.5,25,0.33,1.2,29.1,26.32,3.7,6.2,"2023-2024"
"BOL","BAY","18_8","Regular Season","Sylvain  Francisco",16,12,2,5,40,1,4,25,5,5,100,0,0,0,3,1,0,0,0,0,6,16,"A","L",83,28,32,13,17,13,10,16,8,26,34,5,12,2,21,92,83,28,32,13,17,13,10,16,8,26,34,5,12,2,21,92,0.86,10.8,111.1,0.07,27.8,Inf,38.9,0.56,10,53.6,0,7.2,0,"2023-2024"
"BOL","BAY","18_8","Regular Season","Niels  Giffey",0,0,0,0,NA,0,0,NA,0,0,NA,0,0,0,0,0,0,0,0,0,0,0,"A","L",83,28,32,13,17,13,10,16,8,26,34,5,12,2,21,92,83,28,32,13,17,13,10,16,8,26,34,5,12,2,21,92,NA,0,NA,0,NA,NA,NA,NA,0,NA,NA,NA,0,"2023-2024"
"BOL","BAY","18_8","Regular Season","Dino  Radoncic",3,2,0,0,NA,0,0,NA,2,2,100,1,0,1,0,1,0,0,0,2,1,3,"A","L",83,28,32,13,17,13,10,16,8,26,34,5,12,2,21,92,83,28,32,13,17,13,10,16,8,26,34,5,12,2,21,92,1,-0.1,-2000,0.01,0,NA,NA,Inf,2.9,113.6,0,3,6.2,"2023-2024"
"BOL","BAY","18_8","Regular Season","Vladimir  Lucic",16,0,0,1,0,0,1,0,0,0,NA,1,2,3,0,0,1,0,0,1,4,3,"A","L",83,28,32,13,17,13,10,16,8,26,34,5,12,2,21,92,83,28,32,13,17,13,10,16,8,26,34,5,12,2,21,92,0,1.9,0,-0.01,0,0,0,0,-1.5,0,52.63,1.9,6.2,"2023-2024"
"BOL","BAY","18_8","Regular Season","Andreas  Obst",19,12,0,0,NA,4,8,50,0,0,NA,0,2,2,2,0,0,0,0,0,0,12,"A","L",83,28,32,13,17,13,10,16,8,26,34,5,12,2,21,92,83,28,32,13,17,13,10,16,8,26,34,5,12,2,21,92,1.5,7.7,155.8,0.09,26,Inf,75,0,10,75,0,4.3,0,"2023-2024"
"BOL","BAY","18_8","Regular Season","Danko   Brankovic",6,0,0,0,NA,0,0,NA,0,0,NA,0,2,2,0,0,0,2,0,1,0,3,"A","L",83,28,32,13,17,13,10,16,8,26,34,5,12,2,21,92,83,28,32,13,17,13,10,16,8,26,34,5,12,2,21,92,NA,0,NA,0.01,NA,NA,NA,NA,1.6,NA,NA,0,0,"2023-2024"
"BAS","PAN","18_9","Regular Season","Luca  Vildoza",8,1,0,0,NA,0,1,0,1,2,50,0,1,1,0,0,0,0,0,0,2,2,"A","L",73,40,27,20,17,9,12,14,10,24,34,10,12,2,22,68,73,40,27,20,17,9,12,14,10,24,34,10,12,2,22,68,0.33,1.8,55.6,0,0,NA,0,2,0.2,26.6,0,2.1,0,"2023-2024"
"BAS","PAN","18_9","Regular Season","Aleksander  Balcerowski",3,1,0,1,0,0,0,NA,1,2,50,0,1,1,0,0,1,1,0,0,1,1,"A","L",73,40,27,20,17,9,12,14,10,24,34,10,12,2,22,68,73,40,27,20,17,9,12,14,10,24,34,10,12,2,22,68,0.33,2.8,35.7,-0.01,0,0,0,2,-0.1,26.6,35.71,8.7,0,"2023-2024"
"BAS","PAN","18_9","Regular Season","Kendrick  Nunn",35,25,8,15,53.3,3,10,30,0,0,NA,2,4,6,3,2,2,0,1,2,4,21,"A","L",73,40,27,20,17,9,12,14,10,24,34,10,12,2,22,68,73,40,27,20,17,9,12,14,10,24,34,10,12,2,22,68,1,24,104.2,0.19,12.5,1.5,50,0,15.8,50,8.33,7,10,"2023-2024"
"BAS","PAN","18_9","Regular Season","Marius  Grigonis",31,11,4,5,80,0,5,0,3,3,100,0,6,6,1,2,1,0,0,3,4,14,"A","L",73,40,27,20,17,9,12,14,10,24,34,10,12,2,22,68,73,40,27,20,17,9,12,14,10,24,34,10,12,2,22,68,0.85,11.8,93.2,0.11,8.5,1,40,0.3,7.9,48.6,8.47,3.6,0,"2023-2024"
"BAS","PAN","18_9","Regular Season","Juan  Hernangomez",10,0,0,0,NA,0,2,0,0,0,NA,0,1,1,0,0,1,0,0,2,0,-4,"A","L",73,40,27,20,17,9,12,14,10,24,34,10,12,2,22,68,73,40,27,20,17,9,12,14,10,24,34,10,12,2,22,68,0,2.9,0,-0.05,0,0,0,0,-2.9,0,34.48,2.7,0,"2023-2024"
"BAS","PAN","18_9","Regular Season","Kostas  Sloukas",21,11,0,1,0,3,4,75,2,3,66.7,2,2,4,4,1,3,0,1,2,1,12,"A","L",73,40,27,20,17,9,12,14,10,24,34,10,12,2,22,68,73,40,27,20,17,9,12,14,10,24,34,10,12,2,22,68,1.38,7,157.1,0.12,57.1,1.3,90,0.6,10.3,87,42.86,4,10,"2023-2024"
"BAS","PAN","18_9","Regular Season","Jerian  Grant",26,9,0,2,0,3,3,100,0,0,NA,0,2,2,5,4,1,0,0,3,1,15,"A","L",73,40,27,20,17,9,12,14,10,24,34,10,12,2,22,68,73,40,27,20,17,9,12,14,10,24,34,10,12,2,22,68,1.8,5.8,155.2,0.16,86.2,5,90,0,12.6,90,17.24,2.1,0,"2023-2024"
"BAS","PAN","18_9","Regular Season","Mathias  Lessort",25,1,0,4,0,0,0,NA,1,2,50,3,1,4,1,1,1,0,1,3,3,0,"A","L",73,40,27,20,17,9,12,14,10,24,34,10,12,2,22,68,73,40,27,20,17,9,12,14,10,24,34,10,12,2,22,68,0.17,2.8,35.7,-0.04,35.7,1,0,0.5,-0.3,10.2,35.71,2.1,15,"2023-2024"
"BAS","PAN","18_9","Regular Season","Kostas  Antetokounmpo",10,7,3,5,60,0,0,NA,1,4,25,2,1,3,0,0,1,0,1,3,3,3,"A","L",73,40,27,20,17,9,12,14,10,24,34,10,12,2,22,68,73,40,27,20,17,9,12,14,10,24,34,10,12,2,22,68,0.78,5.5,127.3,0,0,0,60,0.8,3,51.8,18.18,7.1,10,"2023-2024"
"BAS","PAN","18_9","Regular Season","Konstantinos  Mitoglou",31,7,2,7,28.6,0,2,0,3,4,75,1,5,6,0,0,1,1,0,4,3,4,"A","L",73,40,27,20,17,9,12,14,10,24,34,10,12,2,22,68,73,40,27,20,17,9,12,14,10,24,34,10,12,2,22,68,0.54,10.3,68,0,0,0,22.2,0.44,1.4,32.5,9.71,3.5,5,"2023-2024"
"PAN","BAS","18_9","Regular Season","Sander  Raieste",9,0,0,0,NA,0,0,NA,0,0,NA,0,1,1,0,0,1,0,0,1,0,-1,"H","W",75,25,28,25,17,8,17,16,6,26,32,2,14,4,23,75,75,25,28,25,17,8,17,16,6,26,32,2,14,4,23,75,NA,1,0,-0.01,0,0,NA,NA,-1.1,NA,100,1.1,0,"2023-2024"
"PAN","BAS","18_9","Regular Season","Tadas  Sedekerskis",32,10,4,4,100,0,0,NA,2,3,66.7,1,5,6,0,0,3,2,0,2,4,16,"H","W",75,25,28,25,17,8,17,16,6,26,32,2,14,4,23,75,75,25,28,25,17,8,17,16,6,26,32,2,14,4,23,75,1.43,7,142.9,0.1,0,0,100,0.75,8.2,94,42.86,2.7,8.3,"2023-2024"
"PAN","BAS","18_9","Regular Season","Vanja  Marinkovic",29,8,0,0,NA,2,6,33.3,2,3,66.7,0,3,3,4,1,2,0,0,2,1,8,"H","W",75,25,28,25,17,8,17,16,6,26,32,2,14,4,23,75,75,25,28,25,17,8,17,16,6,26,32,2,14,4,23,75,0.89,8.9,89.9,0.07,44.9,2,50,0.5,6.1,54.6,22.47,3.3,0,"2023-2024"
"PAN","BAS","18_9","Regular Season","Codi  Miller-McIntyre",25,10,3,5,60,0,1,0,4,7,57.1,1,3,4,3,0,0,0,0,4,3,10,"H","W",75,25,28,25,17,8,17,16,6,26,32,2,14,4,23,75,75,25,28,25,17,8,17,16,6,26,32,2,14,4,23,75,0.77,7.8,128.2,0.06,38.5,Inf,50,1.17,7.9,55.1,0,3.7,8.3,"2023-2024"
"PAN","BAS","18_9","Regular Season","Maik  Kotsar",5,0,0,3,0,0,0,NA,0,0,NA,0,1,1,0,0,0,0,1,0,0,-3,"H","W",75,25,28,25,17,8,17,16,6,26,32,2,14,4,23,75,75,25,28,25,17,8,17,16,6,26,32,2,14,4,23,75,0,2.9,0,-0.02,0,NA,0,0,-1.8,0,0,6.2,0,"2023-2024"
"PAN","BAS","18_9","Regular Season","Markus  Howard",21,9,1,1,100,2,8,25,1,2,50,0,0,0,1,1,3,0,0,2,1,0,"H","W",75,25,28,25,17,8,17,16,6,26,32,2,14,4,23,75,75,25,28,25,17,8,17,16,6,26,32,2,14,4,23,75,0.82,12.4,72.6,-0.01,8.1,0.3,44.4,0.22,1.4,45.5,24.19,6.3,0,"2023-2024"
"PAN","BAS","18_9","Regular Season","Christopher  Chiozza",15,2,1,1,100,0,1,0,0,1,0,0,0,0,4,0,2,0,0,0,1,3,"H","W",75,25,28,25,17,8,17,16,6,26,32,2,14,4,23,75,75,25,28,25,17,8,17,16,6,26,32,2,14,4,23,75,0.67,4.3,46.5,0.02,93,2,50,0.5,1.4,41,46.51,3,0,"2023-2024"
"PAN","BAS","18_9","Regular Season","Daniel  Diez",8,3,0,0,NA,1,3,33.3,0,0,NA,0,1,1,1,0,0,0,0,1,1,3,"H","W",75,25,28,25,17,8,17,16,6,26,32,2,14,4,23,75,75,25,28,25,17,8,17,16,6,26,32,2,14,4,23,75,1,2.9,103.4,0.02,34.5,Inf,50,0,1.9,50,0,3.8,0,"2023-2024"
"PAN","BAS","18_9","Regular Season","Nikos  Rogkavopoulos",4,0,0,0,NA,0,0,NA,0,0,NA,1,0,1,0,0,1,0,0,2,0,-2,"H","W",75,25,28,25,17,8,17,16,6,26,32,2,14,4,23,75,75,25,28,25,17,8,17,16,6,26,32,2,14,4,23,75,NA,0,NA,-0.02,NA,0,NA,NA,-1.1,NA,Inf,2.6,8.3,"2023-2024"
"PAN","BAS","18_9","Regular Season","Khalifa  Diop",4,2,0,0,NA,0,0,NA,2,2,100,0,0,0,1,0,1,0,0,3,1,0,"H","W",75,25,28,25,17,8,17,16,6,26,32,2,14,4,23,75,75,25,28,25,17,8,17,16,6,26,32,2,14,4,23,75,1,1.8,111.1,-0.01,55.6,1,NA,Inf,0.5,113.6,55.56,4.8,0,"2023-2024"
"PAN","BAS","18_9","Regular Season","Matthew  Costello",22,11,4,6,66.7,1,6,16.7,0,0,NA,0,2,2,1,0,1,1,0,3,3,7,"H","W",75,25,28,25,17,8,17,16,6,26,32,2,14,4,23,75,75,25,28,25,17,8,17,16,6,26,32,2,14,4,23,75,0.92,12.5,88,0.03,8,1,45.8,0,4.4,45.8,8,6.1,0,"2023-2024"
"PAN","BAS","18_9","Regular Season","Chima  Moneke",25,20,4,5,80,2,3,66.7,6,7,85.7,3,10,13,1,0,0,1,1,3,6,34,"H","W",75,25,28,25,17,8,17,16,6,26,32,2,14,4,23,75,75,25,28,25,17,8,17,16,6,26,32,2,14,4,23,75,1.33,7.8,256.4,0.26,12.8,Inf,87.5,0.88,21.7,90.3,0,4.5,25,"2023-2024"
"FEN","MAC","19_1","Regular Season","Lorenzo  Brown",28,10,3,8,37.5,1,4,25,1,1,100,2,0,2,6,1,1,0,0,1,3,12,"A","L",74,45,20,16,18,9,11,16,9,14,23,4,12,1,18,62,74,45,20,16,18,9,11,16,9,14,23,4,12,1,18,62,0.77,11,90.9,0.1,54.5,6,37.5,0.08,8.4,40.2,9.09,4.6,11.1,"2023-2024"
"FEN","MAC","19_1","Regular Season","Wade  Baldwin IV",27,13,4,12,33.3,0,2,0,5,7,71.4,0,1,1,1,0,3,0,0,2,5,3,"A","L",74,45,20,16,18,9,11,16,9,14,23,4,12,1,18,62,74,45,20,16,18,9,11,16,9,14,23,4,12,1,18,62,0.62,19.3,67.4,-0.03,5.2,0.3,28.6,0.5,1.2,38.1,15.54,7.1,0,"2023-2024"
"FEN","MAC","19_1","Regular Season","Roman  Sorkin",17,2,1,1,100,0,1,0,0,0,NA,0,2,2,1,0,2,1,0,1,0,2,"A","L",74,45,20,16,18,9,11,16,9,14,23,4,12,1,18,62,74,45,20,16,18,9,11,16,9,14,23,4,12,1,18,62,1,3.8,52.6,0.02,26.3,0.5,50,0,0.6,50,52.63,2.2,0,"2023-2024"
"FEN","MAC","19_1","Regular Season","Josh  Nebo",22,8,4,6,66.7,0,0,NA,0,0,NA,3,1,4,1,0,1,0,0,1,2,11,"A","L",74,45,20,16,18,9,11,16,9,14,23,4,12,1,18,62,74,45,20,16,18,9,11,16,9,14,23,4,12,1,18,62,1.33,3.8,210.5,0.09,26.3,1,66.7,0,7.1,66.7,26.32,3,16.7,"2023-2024"
"FEN","MAC","19_1","Regular Season","Bonzie  Colson",25,13,2,5,40,2,3,66.7,3,3,100,1,5,6,0,1,1,0,0,1,2,16,"A","L",74,45,20,16,18,9,11,16,9,14,23,4,12,1,18,62,74,45,20,16,18,9,11,16,9,14,23,4,12,1,18,62,1.18,8.9,146.1,0.17,0,0,62.5,0.38,10.8,69.7,11.24,3.9,5.6,"2023-2024"
"FEN","MAC","19_1","Regular Season","Antonius  Cleveland",13,8,1,3,33.3,2,3,66.7,0,0,NA,1,0,1,1,0,3,0,0,1,0,3,"A","L",74,45,20,16,18,9,11,16,9,14,23,4,12,1,18,62,74,45,20,16,18,9,11,16,9,14,23,4,12,1,18,62,1.33,7.7,103.9,0.03,13,0.3,66.7,0,3,66.7,38.96,6.6,5.6,"2023-2024"
"FEN","MAC","19_1","Regular Season","James  Webb III",15,3,0,1,0,1,2,50,0,0,NA,0,4,4,0,0,0,0,0,3,0,2,"A","L",74,45,20,16,18,9,11,16,9,14,23,4,12,1,18,62,74,45,20,16,18,9,11,16,9,14,23,4,12,1,18,62,1,2.9,103.4,0.03,0,NA,50,0,1.3,50,0,1.9,0,"2023-2024"
"FEN","MAC","19_1","Regular Season","Rafael  Menco",3,0,0,1,0,0,0,NA,0,0,NA,0,0,0,0,0,0,0,1,0,0,-2,"A","L",74,45,20,16,18,9,11,16,9,14,23,4,12,1,18,62,74,45,20,16,18,9,11,16,9,14,23,4,12,1,18,62,0,1,0,-0.01,0,NA,0,0,-0.7,0,0,3.2,0,"2023-2024"
"FEN","MAC","19_1","Regular Season","John  Dibartolomeo",14,5,0,1,0,1,1,100,2,2,100,0,0,0,1,0,0,0,0,3,1,3,"A","L",74,45,20,16,18,9,11,16,9,14,23,4,12,1,18,62,74,45,20,16,18,9,11,16,9,14,23,4,12,1,18,62,1.25,2.8,178.6,0.03,35.7,Inf,75,1,3.5,86.8,0,2,0,"2023-2024"
"FEN","MAC","19_1","Regular Season","Jasiel  Rivero",16,7,2,5,40,1,2,50,0,3,0,2,1,3,0,2,1,0,1,2,4,5,"A","L",74,45,20,16,18,9,11,16,9,14,23,4,12,1,18,62,74,45,20,16,18,9,11,16,9,14,23,4,12,1,18,62,0.7,7,100,0.01,0,0,50,0.43,4,42.1,14.29,5.5,11.1,"2023-2024"
"FEN","MAC","19_1","Regular Season","Jake  Cohen",7,0,0,0,NA,0,0,NA,0,0,NA,0,0,0,1,0,0,0,0,2,1,0,"A","L",74,45,20,16,18,9,11,16,9,14,23,4,12,1,18,62,74,45,20,16,18,9,11,16,9,14,23,4,12,1,18,62,NA,0,NA,-0.01,Inf,Inf,NA,NA,-0.1,NA,NA,0,0,"2023-2024"
"FEN","MAC","19_1","Regular Season","Tamir  Blatt",12,5,1,2,50,1,2,50,0,0,NA,0,0,0,4,0,0,0,0,1,1,7,"A","L",74,45,20,16,18,9,11,16,9,14,23,4,12,1,18,62,74,45,20,16,18,9,11,16,9,14,23,4,12,1,18,62,1.25,3.8,131.6,0.07,105.3,Inf,62.5,0,5.4,62.5,0,3.2,0,"2023-2024"
"MAC","FEN","19_1","Regular Season","Scottie  Wilbekin",23,14,0,0,NA,4,7,57.1,2,2,100,0,1,1,6,0,0,0,0,1,1,18,"H","W",109,38,25,17,29,12,15,27,3,25,28,8,8,2,19,140,109,38,25,17,29,12,15,27,3,25,28,8,8,2,19,140,1.56,7.6,184.2,0.07,78.9,Inf,85.7,0.29,14.8,88.8,0,3.5,0,"2023-2024"
"MAC","FEN","19_1","Regular Season","Sertac  Sanli",16,7,3,4,75,0,1,0,1,2,50,0,4,4,2,1,0,1,0,4,3,11,"H","W",109,38,25,17,29,12,15,27,3,25,28,8,8,2,19,140,109,38,25,17,29,12,15,27,3,25,28,8,8,2,19,140,1,5.6,125,0.03,35.7,Inf,60,0.4,7,59.5,0,3.7,0,"2023-2024"
"MAC","FEN","19_1","Regular Season","Nigel  Hayes-Davis",25,11,5,5,100,0,2,0,1,1,100,1,2,3,2,3,1,0,0,1,4,19,"H","W",109,38,25,17,29,12,15,27,3,25,28,8,8,2,19,140,109,38,25,17,29,12,15,27,3,25,28,8,8,2,19,140,1.38,7.1,154.9,0.06,28.2,2,71.4,0.14,12.4,73.9,14.08,3.4,16.7,"2023-2024"
"MAC","FEN","19_1","Regular Season","Tarik  Biberovic",14,5,1,2,50,1,1,100,0,0,NA,0,0,0,1,0,1,0,0,3,0,1,"H","W",109,38,25,17,29,12,15,27,3,25,28,8,8,2,19,140,109,38,25,17,29,12,15,27,3,25,28,8,8,2,19,140,1.67,3.8,131.6,0,26.3,1,83.3,0,2.2,83.3,26.32,2.9,0,"2023-2024"
"MAC","FEN","19_1","Regular Season","Nick  Calathes",16,7,2,2,100,1,2,50,0,0,NA,0,2,2,7,1,0,0,0,1,0,15,"H","W",109,38,25,17,29,12,15,27,3,25,28,8,8,2,19,140,109,38,25,17,29,12,15,27,3,25,28,8,8,2,19,140,1.75,3.8,184.2,0.06,184.2,Inf,87.5,0,11.5,87.5,0,2.5,0,"2023-2024"
"MAC","FEN","19_1","Regular Season","Johnathan  Motley",14,17,5,8,62.5,0,0,NA,7,8,87.5,0,2,2,0,1,3,0,0,3,7,17,"H","W",109,38,25,17,29,12,15,27,3,25,28,8,8,2,19,140,109,38,25,17,29,12,15,27,3,25,28,8,8,2,19,140,1.06,13.9,122.3,0.04,0,0,62.5,1,10.4,73.8,21.58,10.6,0,"2023-2024"
"MAC","FEN","19_1","Regular Season","Georgios  Papagiannis",16,14,7,8,87.5,0,0,NA,0,0,NA,2,4,6,1,0,1,0,1,0,0,18,"H","W",109,38,25,17,29,12,15,27,3,25,28,8,8,2,19,140,109,38,25,17,29,12,15,27,3,25,28,8,8,2,19,140,1.75,6.7,209,0.07,14.9,1,87.5,0,13.5,87.5,14.93,5.7,33.3,"2023-2024"
"MAC","FEN","19_1","Regular Season","Melih  Mahmutoglu",5,0,0,0,NA,0,1,0,0,0,NA,0,0,0,0,0,0,0,0,0,0,-1,"H","W",109,38,25,17,29,12,15,27,3,25,28,8,8,2,19,140,109,38,25,17,29,12,15,27,3,25,28,8,8,2,19,140,0,1,0,0,0,NA,0,0,-0.7,0,0,2,0,"2023-2024"
"MAC","FEN","19_1","Regular Season","Marko  Guduric",22,3,0,0,NA,1,2,50,0,0,NA,0,2,2,2,1,2,0,0,0,1,6,"H","W",109,38,25,17,29,12,15,27,3,25,28,8,8,2,19,140,109,38,25,17,29,12,15,27,3,25,28,8,8,2,19,140,1.5,3.8,78.9,0.02,52.6,1,75,0,3,75,52.63,1.9,0,"2023-2024"
"MAC","FEN","19_1","Regular Season","Tyler  Dorsey",17,21,4,5,80,3,5,60,4,4,100,0,1,1,1,0,0,1,0,2,2,21,"H","W",109,38,25,17,29,12,15,27,3,25,28,8,8,2,19,140,109,38,25,17,29,12,15,27,3,25,28,8,8,2,19,140,1.5,11.3,185.8,0.08,8.8,Inf,85,0.4,17.7,89.3,0,7.1,0,"2023-2024"
"MAC","FEN","19_1","Regular Season","Yam  Madar",24,10,2,4,50,2,3,66.7,0,0,NA,0,4,4,5,1,0,0,0,2,0,15,"H","W",109,38,25,17,29,12,15,27,3,25,28,8,8,2,19,140,109,38,25,17,29,12,15,27,3,25,28,8,8,2,19,140,1.43,6.7,149.3,0.06,74.6,Inf,71.4,0,11.6,71.4,0,3,0,"2023-2024"
"MAC","FEN","19_1","Regular Season","Nathan  Sestina",7,0,0,0,NA,0,1,0,0,0,NA,0,3,3,0,0,0,0,0,2,0,0,"H","W",109,38,25,17,29,12,15,27,3,25,28,8,8,2,19,140,109,38,25,17,29,12,15,27,3,25,28,8,8,2,19,140,0,1,0,0,0,NA,0,0,-0.6,0,0,1.5,0,"2023-2024"
"ASM","OLY","19_2","Regular Season","Thomas  Walkup",33,9,3,4,75,1,3,33.3,0,0,NA,1,6,7,9,1,1,0,0,3,3,22,"H","W",75,32,23,18,16,9,16,18,4,23,27,1,7,2,18,82,75,32,23,18,16,9,16,18,4,23,27,1,7,2,18,82,1.29,6.7,134.3,0.15,134.3,9,64.3,0,13.3,64.3,14.93,2.8,12.5,"2023-2024"
"ASM","OLY","19_2","Regular Season","Isaiah  Canaan",25,16,1,1,100,2,5,40,8,8,100,0,1,1,0,0,1,0,0,1,5,17,"H","W",75,32,23,18,16,9,16,18,4,23,27,1,7,2,18,82,75,32,23,18,16,9,16,18,4,23,27,1,7,2,18,82,1.14,10.1,158.4,0.1,0,0,66.7,1.33,11.9,84,9.9,4.8,0,"2023-2024"
"ASM","OLY","19_2","Regular Season","Moustapha  Fall",24,9,3,3,100,0,0,NA,3,4,75,0,3,3,1,0,1,1,0,1,6,17,"H","W",75,32,23,18,16,9,16,18,4,23,27,1,7,2,18,82,75,32,23,18,16,9,16,18,4,23,27,1,7,2,18,82,1.29,5.5,163.6,0.08,18.2,1,100,1.33,8.6,94.5,18.18,2.7,0,"2023-2024"
"ASM","OLY","19_2","Regular Season","Kostas  Papanikolaou",19,8,3,4,75,0,3,0,2,2,100,0,3,3,2,0,1,0,0,2,1,7,"H","W",75,32,23,18,16,9,16,18,4,23,27,1,7,2,18,82,75,32,23,18,16,9,16,18,4,23,27,1,7,2,18,82,0.89,8.5,94.1,0.05,23.5,2,42.9,0.29,4.8,50.8,11.76,5.3,0,"2023-2024"
"ASM","OLY","19_2","Regular Season","Alec  Peters",26,14,2,5,40,3,3,100,1,2,50,1,3,4,2,0,1,0,0,4,1,12,"H","W",75,32,23,18,16,9,16,18,4,23,27,1,7,2,18,82,75,32,23,18,16,9,16,18,4,23,27,1,7,2,18,82,1.4,8.5,164.7,0.08,23.5,2,81.2,0.25,10.4,78.8,11.76,4.3,12.5,"2023-2024"
"ASM","OLY","19_2","Regular Season","Nigel  Williams-Goss",13,0,0,3,0,0,2,0,0,0,NA,0,3,3,2,0,1,0,1,3,0,-5,"H","W",75,32,23,18,16,9,16,18,4,23,27,1,7,2,18,82,75,32,23,18,16,9,16,18,4,23,27,1,7,2,18,82,0,5.8,0,-0.03,34.5,2,0,0,-3.4,0,17.24,5.3,0,"2023-2024"
"ASM","OLY","19_2","Regular Season","Giannoulis  Larentzakis",3,2,1,2,50,0,1,0,0,0,NA,0,0,0,0,0,0,0,0,1,0,-1,"H","W",75,32,23,18,16,9,16,18,4,23,27,1,7,2,18,82,75,32,23,18,16,9,16,18,4,23,27,1,7,2,18,82,0.67,2.9,69,-0.01,0,NA,33.3,0,-0.1,33.3,0,11.4,0,"2023-2024"
"ASM","OLY","19_2","Regular Season","Ignas  Brazdeikis",7,0,0,2,0,0,1,0,0,0,NA,0,1,1,1,0,0,0,0,1,0,-2,"H","W",75,32,23,18,16,9,16,18,4,23,27,1,7,2,18,82,75,32,23,18,16,9,16,18,4,23,27,1,7,2,18,82,0,2.9,0,-0.02,34.5,Inf,0,0,-1.5,0,0,4.9,0,"2023-2024"
"ASM","OLY","19_2","Regular Season","Filip  Petrusev",14,2,0,1,0,0,1,0,2,2,100,0,1,1,0,0,1,0,1,1,2,0,"H","W",75,32,23,18,16,9,16,18,4,23,27,1,7,2,18,82,75,32,23,18,16,9,16,18,4,23,27,1,7,2,18,82,0.5,3.7,54.1,-0.01,0,0,0,1,-0.5,34.7,27.03,3.2,0,"2023-2024"
"ASM","OLY","19_2","Regular Season","Nikola  Milutinov",16,2,1,1,100,0,0,NA,0,0,NA,2,1,3,0,0,0,1,0,0,0,6,"H","W",75,32,23,18,16,9,16,18,4,23,27,1,7,2,18,82,75,32,23,18,16,9,16,18,4,23,27,1,7,2,18,82,2,-1,-200,0.04,0,NA,100,0,4.1,100,0,0.7,25,"2023-2024"
"ASM","OLY","19_2","Regular Season","Shaquielle  McKissic",20,13,2,6,33.3,3,4,75,0,0,NA,0,1,1,1,0,0,0,2,1,2,9,"H","W",75,32,23,18,16,9,16,18,4,23,27,1,7,2,18,82,75,32,23,18,16,9,16,18,4,23,27,1,7,2,18,82,1.3,9.6,135.4,0.07,10.4,Inf,65,0,8.6,65,0,5.7,0,"2023-2024"
"OLY","ASM","19_2","Regular Season","John  Brown III",32,9,4,11,36.4,0,0,NA,1,1,100,3,2,5,4,0,0,0,0,2,2,11,"A","L",73,52,20,7,25,6,5,18,11,23,34,4,2,4,20,84,73,52,20,7,25,6,5,18,11,23,34,4,2,4,20,84,0.75,8.1,111.1,0.06,49.4,Inf,36.4,0.09,7.6,39.3,0,3.7,13.6,"2023-2024"
"OLY","ASM","19_2","Regular Season","Alpha  Diallo",25,9,3,6,50,1,2,50,0,0,NA,2,3,5,3,1,1,0,0,3,3,13,"A","L",73,52,20,7,25,6,5,18,11,23,34,4,2,4,20,84,73,52,20,7,25,6,5,18,11,23,34,4,2,4,20,84,1.12,6.7,134.3,0.07,44.8,3,56.2,0,8.2,56.2,14.93,3.7,9.1,"2023-2024"
"OLY","ASM","19_2","Regular Season","Mouhammadou  Jaiteh",19,14,7,9,77.8,0,0,NA,0,0,NA,1,3,4,1,0,0,0,0,3,0,14,"A","L",73,52,20,7,25,6,5,18,11,23,34,4,2,4,20,84,73,52,20,7,25,6,5,18,11,23,34,4,2,4,20,84,1.56,7.7,181.8,0.11,13,Inf,77.8,0,11.6,77.8,0,4.9,4.5,"2023-2024"
"OLY","ASM","19_2","Regular Season","Yakuba  Ouattara",14,4,2,3,66.7,0,2,0,0,0,NA,2,4,6,0,1,0,0,0,1,1,8,"A","L",73,52,20,7,25,6,5,18,11,23,34,4,2,4,20,84,73,52,20,7,25,6,5,18,11,23,34,4,2,4,20,84,0.8,2.9,137.9,0.05,0,NA,40,0,4.5,40,0,3.7,9.1,"2023-2024"
"OLY","ASM","19_2","Regular Season","Mike  James",30,10,3,8,37.5,1,6,16.7,1,2,50,0,2,2,7,1,0,0,1,2,6,12,"A","L",73,52,20,7,25,6,5,18,11,23,34,4,2,4,20,84,73,52,20,7,25,6,5,18,11,23,34,4,2,4,20,84,0.62,14.3,69.9,0.06,49,Inf,32.1,0.14,7.1,33.6,0,5.1,0,"2023-2024"
"OLY","ASM","19_2","Regular Season","Elie  Okobo",23,8,2,4,50,1,3,33.3,1,2,50,0,2,2,1,0,1,0,0,2,2,5,"A","L",73,52,20,7,25,6,5,18,11,23,34,4,2,4,20,84,73,52,20,7,25,6,5,18,11,23,34,4,2,4,20,84,0.89,8.5,94.1,0.02,11.8,1,50,0.29,3.4,50.8,11.76,4,0,"2023-2024"
"OLY","ASM","19_2","Regular Season","Jaron  Blossomgame",19,2,1,4,25,0,2,0,0,0,NA,2,2,4,1,0,0,2,0,2,0,2,"A","L",73,52,20,7,25,6,5,18,11,23,34,4,2,4,20,84,73,52,20,7,25,6,5,18,11,23,34,4,2,4,20,84,0.33,3.8,52.6,0,26.3,Inf,16.7,0,1.5,16.7,0,3.3,9.1,"2023-2024"
"OLY","ASM","19_2","Regular Season","Petr  Cornelie",4,0,0,0,NA,0,0,NA,0,0,NA,0,1,1,0,0,0,1,0,2,0,0,"A","L",73,52,20,7,25,6,5,18,11,23,34,4,2,4,20,84,73,52,20,7,25,6,5,18,11,23,34,4,2,4,20,84,NA,0,NA,0,NA,NA,NA,NA,0.2,NA,NA,0,0,"2023-2024"
"OLY","ASM","19_2","Regular Season","Kemba  Walker",13,6,0,1,0,2,3,66.7,0,0,NA,0,1,1,1,0,0,1,1,1,2,7,"A","L",73,52,20,7,25,6,5,18,11,23,34,4,2,4,20,84,73,52,20,7,25,6,5,18,11,23,34,4,2,4,20,84,1.5,3.8,157.9,0.05,26.3,Inf,75,0,5.3,75,0,3.2,0,"2023-2024"
"OLY","ASM","19_2","Regular Season","Donatas  Motiejunas",18,9,2,5,40,1,2,50,2,2,100,0,3,3,0,0,0,0,0,2,2,8,"A","L",73,52,20,7,25,6,5,18,11,23,34,4,2,4,20,84,73,52,20,7,25,6,5,18,11,23,34,4,2,4,20,84,1,7.6,118.4,0.05,0,NA,50,0.29,5.4,57.1,0,4.5,0,"2023-2024"
"OLY","ASM","19_2","Regular Season","Donta  Hall",3,2,1,1,100,0,0,NA,0,0,NA,1,0,1,0,1,0,0,0,0,0,4,"A","L",73,52,20,7,25,6,5,18,11,23,34,4,2,4,20,84,73,52,20,7,25,6,5,18,11,23,34,4,2,4,20,84,2,0,Inf,0.03,NA,NA,100,0,3.4,100,NA,3.5,4.5,"2023-2024"
"CRV","PAR","19_3","Regular Season","Tristan  Vukcevic",8,2,1,2,50,0,1,0,0,0,NA,0,3,3,1,0,2,1,0,4,0,-1,"A","L",72,39,22,12,21,6,12,11,15,15,30,9,15,4,21,78,72,39,22,12,21,6,12,11,15,15,30,9,15,4,21,78,0.67,4.8,41.7,-0.02,20.8,0.5,33.3,0,-1,33.3,41.67,6.2,0,"2023-2024"
"CRV","PAR","19_3","Regular Season","Kevin  Punter",33,17,4,7,57.1,2,8,25,3,3,100,0,0,0,1,3,2,0,0,2,2,10,"A","L",72,39,22,12,21,6,12,11,15,15,30,9,15,4,21,78,72,39,22,12,21,6,12,11,15,15,30,9,15,4,21,78,0.94,17.6,96.6,0.09,5.7,0.5,46.7,0.2,9.8,52.1,11.36,5.5,0,"2023-2024"
"CRV","PAR","19_3","Regular Season","P.J.  Dozier",28,12,4,7,57.1,1,2,50,1,1,100,2,0,2,3,4,3,0,0,2,4,16,"A","L",72,39,22,12,21,6,12,11,15,15,30,9,15,4,21,78,72,39,22,12,21,6,12,11,15,15,30,9,15,4,21,78,1.2,10,120,0.12,30,1,61.1,0.11,11.4,63.6,30,4.4,6.7,"2023-2024"
"CRV","PAR","19_3","Regular Season","Mateusz  Ponitka",11,2,1,1,100,0,0,NA,0,0,NA,4,0,4,0,0,1,0,0,3,2,4,"A","L",72,39,22,12,21,6,12,11,15,15,30,9,15,4,21,78,72,39,22,12,21,6,12,11,15,15,30,9,15,4,21,78,2,-1.9,-105.3,0,0,0,100,0,2.3,100,-52.63,1.8,13.3,"2023-2024"
"CRV","PAR","19_3","Regular Season","Bruno  Caboclo",24,10,5,5,100,0,2,0,0,0,NA,2,5,7,0,1,2,2,0,4,6,18,"A","L",72,39,22,12,21,6,12,11,15,15,30,9,15,4,21,78,72,39,22,12,21,6,12,11,15,15,30,9,15,4,21,78,1.43,6.7,149.3,0.11,0,0,71.4,0,8.8,71.4,29.85,3.7,6.7,"2023-2024"
"CRV","PAR","19_3","Regular Season","Jaleen  Smith",16,5,1,3,33.3,1,3,33.3,0,0,NA,0,2,2,2,0,1,0,0,1,1,4,"A","L",72,39,22,12,21,6,12,11,15,15,30,9,15,4,21,78,72,39,22,12,21,6,12,11,15,15,30,9,15,4,21,78,0.83,6.7,74.6,0.03,29.9,2,41.7,0,2.2,41.7,14.93,4.3,0,"2023-2024"
"CRV","PAR","19_3","Regular Season","Alen  Smailagic",11,0,0,3,0,0,0,NA,0,0,NA,2,0,2,1,0,1,1,0,1,1,0,"A","L",72,39,22,12,21,6,12,11,15,15,30,9,15,4,21,78,72,39,22,12,21,6,12,11,15,15,30,9,15,4,21,78,0,1.9,0,-0.03,52.6,1,0,0,-0.7,0,52.63,3.6,6.7,"2023-2024"
"CRV","PAR","19_3","Regular Season","Ognjen  Jaramaz",9,0,0,2,0,0,1,0,0,0,NA,3,1,4,0,0,1,0,1,0,1,0,"A","L",72,39,22,12,21,6,12,11,15,15,30,9,15,4,21,78,72,39,22,12,21,6,12,11,15,15,30,9,15,4,21,78,0,1,0,-0.02,0,0,0,0,-0.7,0,100,4.4,10,"2023-2024"
"CRV","PAR","19_3","Regular Season","James  Nunnally",31,11,4,7,57.1,1,2,50,0,0,NA,1,3,4,3,1,2,0,0,2,2,13,"A","L",72,39,22,12,21,6,12,11,15,15,30,9,15,4,21,78,72,39,22,12,21,6,12,11,15,15,30,9,15,4,21,78,1.22,9.6,114.6,0.11,31.2,1.5,61.1,0,8.6,61.1,20.83,3.5,3.3,"2023-2024"
"CRV","PAR","19_3","Regular Season","Danilo  Andjusic",15,2,0,0,NA,0,1,0,2,2,100,0,0,0,0,0,0,0,0,0,1,2,"A","L",72,39,22,12,21,6,12,11,15,15,30,9,15,4,21,78,72,39,22,12,21,6,12,11,15,15,30,9,15,4,21,78,0.67,1.8,111.1,0.01,0,NA,0,2,1.3,53.2,0,1.2,0,"2023-2024"
"CRV","PAR","19_3","Regular Season","Frank  Kaminsky",12,11,1,2,50,1,2,50,6,6,100,1,1,2,0,0,0,0,0,2,3,12,"A","L",72,39,22,12,21,6,12,11,15,15,30,9,15,4,21,78,72,39,22,12,21,6,12,11,15,15,30,9,15,4,21,78,1.1,5.4,203.7,0.09,0,NA,62.5,1.5,9.2,82.8,0,5.4,3.3,"2023-2024"
"PAR","CRV","19_3","Regular Season","Dejan  Davidovac",15,3,0,1,0,1,1,100,0,0,NA,0,1,1,0,0,0,0,1,0,2,4,"H","W",88,33,25,22,20,11,15,21,12,16,28,11,11,1,23,98,88,33,25,22,20,11,15,21,12,16,28,11,11,1,23,98,1.5,1.9,157.9,0.02,0,NA,75,0,2.3,75,0,1.4,0,"2023-2024"
"PAR","CRV","19_3","Regular Season","Branko  Lazic",14,0,0,0,NA,0,3,0,0,0,NA,0,0,0,0,2,1,0,0,5,0,-7,"H","W",88,33,25,22,20,11,15,21,12,16,28,11,11,1,23,98,88,33,25,22,20,11,15,21,12,16,28,11,11,1,23,98,0,3.8,0,-0.05,0,0,0,0,-3.1,0,26.32,2.9,0,"2023-2024"
"PAR","CRV","19_3","Regular Season","Joel  Bolomboy",21,4,1,5,20,0,0,NA,2,4,50,4,1,5,1,0,2,0,1,3,3,1,"H","W",88,33,25,22,20,11,15,21,12,16,28,11,11,1,23,98,88,33,25,22,20,11,15,21,12,16,28,11,11,1,23,98,0.44,4.6,87,-0.02,21.7,0.5,20,0.8,0.7,29.6,43.48,4.2,16.7,"2023-2024"
"PAR","CRV","19_3","Regular Season","Nemanja  Nedovic",24,16,4,5,80,2,6,33.3,2,2,100,0,1,1,3,1,1,0,1,3,1,12,"H","W",88,33,25,22,20,11,15,21,12,16,28,11,11,1,23,98,88,33,25,22,20,11,15,21,12,16,28,11,11,1,23,98,1.23,12.4,129,0.08,24.2,3,63.6,0.18,11.9,67.3,8.06,5.5,0,"2023-2024"
"PAR","CRV","19_3","Regular Season","Nikola  Topic",11,3,1,2,50,0,1,0,1,1,100,2,0,2,3,1,1,0,0,2,1,5,"H","W",88,33,25,22,20,11,15,21,12,16,28,11,11,1,23,98,88,33,25,22,20,11,15,21,12,16,28,11,11,1,23,98,0.75,2.3,130.4,0.02,130.4,3,33.3,0.33,4,43.6,43.48,4.1,8.3,"2023-2024"
"PAR","CRV","19_3","Regular Season","Milos  Teodosic",22,13,1,1,100,2,5,40,5,6,83.3,0,2,2,7,1,2,1,0,1,6,23,"H","W",88,33,25,22,20,11,15,21,12,16,28,11,11,1,23,98,88,33,25,22,20,11,15,21,12,16,28,11,11,1,23,98,1.08,10.2,127.5,0.11,68.6,3.5,66.7,1,14.4,75.2,19.61,4.9,0,"2023-2024"
"PAR","CRV","19_3","Regular Season","Adam  Hanga",22,11,1,3,33.3,3,4,75,0,2,0,0,3,3,2,2,1,0,0,2,2,12,"H","W",88,33,25,22,20,11,15,21,12,16,28,11,11,1,23,98,88,33,25,22,20,11,15,21,12,16,28,11,11,1,23,98,1.22,8.5,129.4,0.07,23.5,2,78.6,0.29,9.4,69.8,11.76,4.1,0,"2023-2024"
"PAR","CRV","19_3","Regular Season","Rokas  Giedraitis",26,14,3,4,75,2,3,66.7,2,2,100,2,5,7,1,1,0,0,0,2,2,21,"H","W",88,33,25,22,20,11,15,21,12,16,28,11,11,1,23,98,88,33,25,22,20,11,15,21,12,16,28,11,11,1,23,98,1.56,5.6,250,0.12,17.9,Inf,85.7,0.29,14.9,88.8,0,3.1,8.3,"2023-2024"
"PAR","CRV","19_3","Regular Season","Freddie  Gillespie",19,14,7,8,87.5,0,0,NA,0,2,0,3,2,5,1,1,0,0,0,2,2,18,"H","W",88,33,25,22,20,11,15,21,12,16,28,11,11,1,23,98,88,33,25,22,20,11,15,21,12,16,28,11,11,1,23,98,1.4,5.6,250,0.1,17.9,Inf,87.5,0.25,14,78.8,0,4.8,12.5,"2023-2024"
"PAR","CRV","19_3","Regular Season","Yago Mateus dos Santos",26,10,2,4,50,1,2,50,3,3,100,1,1,2,3,2,3,0,1,3,2,9,"H","W",88,33,25,22,20,11,15,21,12,16,28,11,11,1,23,98,88,33,25,22,20,11,15,21,12,16,28,11,11,1,23,98,1.11,8.9,112.4,0.05,33.7,1,58.3,0.5,7.9,68.3,33.71,4,4.2,"2023-2024"
"VIL","ZAL","19_4","Regular Season","Keenan  Evans",32,21,2,4,50,5,7,71.4,2,3,66.7,2,0,2,5,4,6,0,0,4,4,21,"A","L",79,31,30,15,16,12,11,12,8,13,21,9,12,1,24,67,79,31,30,15,16,12,11,12,8,13,21,9,12,1,24,67,1.5,15.7,133.8,0.18,31.8,0.8,86.4,0.27,17,85.2,38.22,5.8,12.5,"2023-2024"
"VIL","ZAL","19_4","Regular Season","Laurynas  Birutis",13,2,1,2,50,0,0,NA,0,0,NA,0,2,2,0,0,1,0,0,1,0,1,"A","L",79,31,30,15,16,12,11,12,8,13,21,9,12,1,24,67,79,31,30,15,16,12,11,12,8,13,21,9,12,1,24,67,1,2.9,69,0.01,0,0,50,0,0.2,50,34.48,2.3,0,"2023-2024"
"VIL","ZAL","19_4","Regular Season","Edmond  Sumner",16,4,2,3,66.7,0,3,0,0,0,NA,0,0,0,0,1,2,0,0,4,0,-5,"A","L",79,31,30,15,16,12,11,12,8,13,21,9,12,1,24,67,79,31,30,15,16,12,11,12,8,13,21,9,12,1,24,67,0.67,7.7,51.9,-0.06,0,0,33.3,0,-2,33.3,25.97,5,0,"2023-2024"
"VIL","ZAL","19_4","Regular Season","Danielius  Lavrinovicius",5,0,0,0,NA,0,1,0,0,0,NA,0,0,0,0,0,0,0,0,2,0,-3,"A","L",79,31,30,15,16,12,11,12,8,13,21,9,12,1,24,67,79,31,30,15,16,12,11,12,8,13,21,9,12,1,24,67,0,1,0,-0.03,0,NA,0,0,-1.5,0,0,2,0,"2023-2024"
"VIL","ZAL","19_4","Regular Season","Edgaras  Ulanovas",24,5,2,2,100,0,1,0,1,1,100,0,3,3,1,0,1,0,0,1,0,6,"A","L",79,31,30,15,16,12,11,12,8,13,21,9,12,1,24,67,79,31,30,15,16,12,11,12,8,13,21,9,12,1,24,67,1.25,4.3,116.3,0.07,23.3,1,66.7,0.33,3.9,72.7,23.26,1.9,0,"2023-2024"
"VIL","ZAL","19_4","Regular Season","Lukas  Lekavicius",18,13,3,5,60,1,3,33.3,4,4,100,0,0,0,2,0,2,0,0,3,6,12,"A","L",79,31,30,15,16,12,11,12,8,13,21,9,12,1,24,67,79,31,30,15,16,12,11,12,8,13,21,9,12,1,24,67,1.08,11.3,115,0.07,17.7,1,56.2,0.5,7.2,66.6,17.7,6.6,0,"2023-2024"
"VIL","ZAL","19_4","Regular Season","Kevarrius  Hayes",12,1,0,2,0,0,0,NA,1,2,50,2,2,4,0,1,0,0,1,2,4,4,"A","L",79,31,30,15,16,12,11,12,8,13,21,9,12,1,24,67,79,31,30,15,16,12,11,12,8,13,21,9,12,1,24,67,0.25,0.8,125,0,0,NA,0,1,1.4,17.4,0,2.4,12.5,"2023-2024"
"VIL","ZAL","19_4","Regular Season","Rolands  Smits",28,13,2,4,50,3,5,60,0,2,0,2,3,5,1,2,0,1,0,2,2,16,"A","L",79,31,30,15,16,12,11,12,8,13,21,9,12,1,24,67,79,31,30,15,16,12,11,12,8,13,21,9,12,1,24,67,1.18,7.6,171.1,0.14,13.2,Inf,72.2,0.22,12.8,65.8,0,3.5,12.5,"2023-2024"
"VIL","ZAL","19_4","Regular Season","Austin  Hollins",15,4,1,2,50,0,2,0,2,2,100,0,1,1,0,1,0,0,0,2,2,3,"A","L",79,31,30,15,16,12,11,12,8,13,21,9,12,1,24,67,79,31,30,15,16,12,11,12,8,13,21,9,12,1,24,67,0.67,4.7,85.1,0.01,0,NA,25,0.5,2.1,41,0,3.3,0,"2023-2024"
"VIL","ZAL","19_4","Regular Season","Tomas  Dimsa",20,10,2,4,50,2,4,50,0,0,NA,1,0,1,1,0,0,0,0,1,1,8,"A","L",79,31,30,15,16,12,11,12,8,13,21,9,12,1,24,67,79,31,30,15,16,12,11,12,8,13,21,9,12,1,24,67,1.25,6.7,149.3,0.07,14.9,Inf,62.5,0,7,62.5,0,4,6.2,"2023-2024"
"VIL","ZAL","19_4","Regular Season","Brady   Manek",18,6,1,3,33.3,1,4,25,1,1,100,1,2,3,2,0,0,0,1,2,1,4,"A","L",79,31,30,15,16,12,11,12,8,13,21,9,12,1,24,67,79,31,30,15,16,12,11,12,8,13,21,9,12,1,24,67,0.75,6.2,96.8,0.04,32.3,Inf,35.7,0.14,3.8,40.3,0,4.2,6.2,"2023-2024"
"ZAL","VIL","19_4","Regular Season","Paris  Lee",36,22,0,2,0,4,7,57.1,10,10,100,0,5,5,8,1,4,0,0,3,7,31,"H","W",93,40,16,24,25,7,22,24,11,23,34,4,18,2,20,116,93,40,16,24,25,7,22,24,11,23,34,4,18,2,20,116,1.16,16.7,131.7,0.14,47.9,2,66.7,1.11,20.2,82.1,23.95,4.6,0,"2023-2024"
"ZAL","VIL","19_4","Regular Season","Charles Lombahe Kahudi",31,8,3,5,60,0,3,0,2,2,100,2,2,4,3,1,2,0,1,2,1,7,"H","W",93,40,16,24,25,7,22,24,11,23,34,4,18,2,20,116,93,40,16,24,25,7,22,24,11,23,34,4,18,2,20,116,0.8,8.5,94.1,0.03,35.3,1.5,37.5,0.25,5.9,45,23.53,3.3,9.1,"2023-2024"
"ZAL","VIL","19_4","Regular Season","Joffrey  Lauvergne",27,6,2,6,33.3,0,1,0,2,2,100,1,2,3,7,0,3,1,0,4,2,7,"H","W",93,40,16,24,25,7,22,24,11,23,34,4,18,2,20,116,93,40,16,24,25,7,22,24,11,23,34,4,18,2,20,116,0.67,9.5,63.2,0.02,73.7,2.3,28.6,0.29,4.2,38.1,31.58,3.8,4.5,"2023-2024"
"ZAL","VIL","19_4","Regular Season","Timothe  Luwawu-Cabarrot",31,27,7,7,100,3,4,75,4,5,80,0,2,2,2,2,5,0,0,3,6,29,"H","W",93,40,16,24,25,7,22,24,11,23,34,4,18,2,20,116,93,40,16,24,25,7,22,24,11,23,34,4,18,2,20,116,1.69,17.5,154.3,0.13,11.4,0.4,104.5,0.45,20.7,102.3,28.57,5.6,0,"2023-2024"
"ZAL","VIL","19_4","Regular Season","Youssoupha  Fall",28,22,10,12,83.3,0,0,NA,2,2,100,6,6,12,0,0,0,1,0,0,3,36,"H","W",93,40,16,24,25,7,22,24,11,23,34,4,18,2,20,116,93,40,16,24,25,7,22,24,11,23,34,4,18,2,20,116,1.57,6.6,333.3,0.17,0,NA,83.3,0.17,24.3,85.4,0,4.4,27.3,"2023-2024"
"ZAL","VIL","19_4","Regular Season","Mike  Scott",20,4,1,4,25,0,1,0,2,3,66.7,0,4,4,3,0,1,0,0,3,2,4,"H","W",93,40,16,24,25,7,22,24,11,23,34,4,18,2,20,116,93,40,16,24,25,7,22,24,11,23,34,4,18,2,20,116,0.5,7,57.1,0.01,42.9,3,20,0.6,1.6,31.6,14.29,3.5,0,"2023-2024"
"ZAL","VIL","19_4","Regular Season","Edwin  Jackson",9,2,1,2,50,0,0,NA,0,0,NA,1,1,2,0,0,2,0,0,2,1,0,"H","W",93,40,16,24,25,7,22,24,11,23,34,4,18,2,20,116,93,40,16,24,25,7,22,24,11,23,34,4,18,2,20,116,1,2.9,69,-0.01,0,0,50,0,-0.8,50,68.97,4.2,4.5,"2023-2024"
"ZAL","VIL","19_4","Regular Season","John  Egbunu",4,2,1,1,100,0,0,NA,0,0,NA,1,1,2,1,0,0,0,0,1,0,4,"H","W",93,40,16,24,25,7,22,24,11,23,34,4,18,2,20,116,93,40,16,24,25,7,22,24,11,23,34,4,18,2,20,116,2,0,Inf,0.02,Inf,Inf,100,0,3,100,NA,2.4,4.5,"2023-2024"
"ZAL","VIL","19_4","Regular Season","David  Lighty",9,0,0,0,NA,0,0,NA,0,0,NA,0,0,0,0,0,1,0,0,0,2,1,"H","W",93,40,16,24,25,7,22,24,11,23,34,4,18,2,20,116,93,40,16,24,25,7,22,24,11,23,34,4,18,2,20,116,NA,1,0,-0.01,0,0,NA,NA,-1,NA,100,1.1,0,"2023-2024"
"ZAL","VIL","19_4","Regular Season","Noam  Yaacov",4,0,0,1,0,0,0,NA,0,0,NA,0,0,0,0,0,0,0,0,2,0,-3,"H","W",93,40,16,24,25,7,22,24,11,23,34,4,18,2,20,116,93,40,16,24,25,7,22,24,11,23,34,4,18,2,20,116,0,1,0,-0.02,0,NA,0,0,-1.5,0,0,2.4,0,"2023-2024"
"BER","BOL","19_5","Regular Season","Isaia  Cordinier",26,3,1,5,20,0,0,NA,1,2,50,1,5,6,3,1,0,0,0,2,2,8,"A","W",83,41,27,14,19,12,9,17,13,24,37,8,11,2,19,87,83,41,27,14,19,12,9,17,13,24,37,8,11,2,19,87,0.43,4.7,63.8,0.04,63.8,Inf,20,0.4,4,25.5,0,2.1,3.8,"2023-2024"
"BER","BOL","19_5","Regular Season","Marco  Belinelli",15,9,0,4,0,3,5,60,0,0,NA,0,0,0,2,1,2,0,0,0,0,4,"A","W",83,41,27,14,19,12,9,17,13,24,37,8,11,2,19,87,83,41,27,14,19,12,9,17,13,24,37,8,11,2,19,87,1,10.6,84.9,0.03,18.9,1,50,0,4.3,50,18.87,6.9,0,"2023-2024"
"BER","BOL","19_5","Regular Season","Tornike  Shengelia",23,12,4,10,40,0,1,0,4,4,100,2,3,5,5,1,3,1,1,2,4,15,"A","W",83,41,27,14,19,12,9,17,13,24,37,8,11,2,19,87,83,41,27,14,19,12,9,17,13,24,37,8,11,2,19,87,0.8,13.2,90.9,0.08,37.9,1.7,36.4,0.36,9.6,47,22.73,6.4,7.7,"2023-2024"
"BER","BOL","19_5","Regular Season","Daniel  Hackett",20,10,1,2,50,2,3,66.7,2,2,100,0,5,5,1,1,1,0,1,2,4,15,"A","W",83,41,27,14,19,12,9,17,13,24,37,8,11,2,19,87,83,41,27,14,19,12,9,17,13,24,37,8,11,2,19,87,1.43,6.6,151.5,0.09,15.2,1,80,0.4,9.1,85,15.15,3.2,0,"2023-2024"
"BER","BOL","19_5","Regular Season","Bryant  Dunston",27,12,3,4,75,2,2,100,0,0,NA,3,3,6,1,1,0,0,0,1,0,18,"A","W",83,41,27,14,19,12,9,17,13,24,37,8,11,2,19,87,83,41,27,14,19,12,9,17,13,24,37,8,11,2,19,87,2,2.9,413.8,0.12,34.5,Inf,100,0,14.1,100,0,2.1,11.5,"2023-2024"
"BER","BOL","19_5","Regular Season","Gabriel  Lundberg",19,11,4,5,80,1,7,14.3,0,0,NA,2,1,3,1,0,2,0,0,1,0,5,"A","W",83,41,27,14,19,12,9,17,13,24,37,8,11,2,19,87,83,41,27,14,19,12,9,17,13,24,37,8,11,2,19,87,0.92,11.5,95.7,0.03,8.7,0.5,45.8,0,4.6,45.8,17.39,6.9,7.7,"2023-2024"
"BER","BOL","19_5","Regular Season","Alessandro  Pajola",14,6,1,1,100,1,3,33.3,1,3,33.3,2,0,2,0,1,0,0,0,3,2,4,"A","W",83,41,27,14,19,12,9,17,13,24,37,8,11,2,19,87,83,41,27,14,19,12,9,17,13,24,37,8,11,2,19,87,0.86,3.2,187.5,0.01,0,NA,62.5,0.75,4.4,56.4,0,3.6,7.7,"2023-2024"
"BER","BOL","19_5","Regular Season","Bruno  Mascolo",6,0,0,1,0,0,0,NA,0,0,NA,0,0,0,0,0,0,0,0,1,1,-1,"A","W",83,41,27,14,19,12,9,17,13,24,37,8,11,2,19,87,83,41,27,14,19,12,9,17,13,24,37,8,11,2,19,87,0,1,0,-0.01,0,NA,0,0,-1.1,0,0,1.6,0,"2023-2024"
"BER","BOL","19_5","Regular Season","Rihards  Lomazs",6,2,1,1,100,0,1,0,0,0,NA,0,0,0,1,0,0,0,0,0,0,2,"A","W",83,41,27,14,19,12,9,17,13,24,37,8,11,2,19,87,83,41,27,14,19,12,9,17,13,24,37,8,11,2,19,87,1,1.9,105.3,0.01,52.6,Inf,50,0,1.7,50,0,3.1,0,"2023-2024"
"BER","BOL","19_5","Regular Season","Achille  Polonara",11,2,1,2,50,0,0,NA,0,1,0,2,4,6,2,0,1,0,0,2,1,6,"A","W",83,41,27,14,19,12,9,17,13,24,37,8,11,2,19,87,83,41,27,14,19,12,9,17,13,24,37,8,11,2,19,87,0.67,1.4,142.9,0.03,142.9,2,50,0.5,2.8,41,71.43,2.9,7.7,"2023-2024"
"BER","BOL","19_5","Regular Season","Ante  Zizic",12,7,3,5,60,0,0,NA,1,2,50,1,1,2,1,0,1,1,1,4,2,4,"A","W",83,41,27,14,19,12,9,17,13,24,37,8,11,2,19,87,83,41,27,14,19,12,9,17,13,24,37,8,11,2,19,87,1,5.6,125,0.01,17.9,1,60,0.4,4.1,59.5,17.86,5.4,3.8,"2023-2024"
"BER","BOL","19_5","Regular Season","Awudu  Abass",19,9,0,1,0,3,5,60,0,0,NA,0,2,2,0,2,1,0,1,1,0,7,"A","W",83,41,27,14,19,12,9,17,13,24,37,8,11,2,19,87,83,41,27,14,19,12,9,17,13,24,37,8,11,2,19,87,1.5,6.7,134.3,0.06,0,0,75,0,7.2,75,14.93,3.5,0,"2023-2024"
"BOL","BER","19_5","Regular Season","Sterling  Brown",26,12,0,3,0,3,7,42.9,3,3,100,0,4,4,3,0,4,0,1,2,1,6,"H","L",68,26,25,21,12,10,14,9,6,24,30,4,15,4,16,65,68,26,25,21,12,10,14,9,6,24,30,4,15,4,16,65,0.92,14.7,81.6,0.07,20.4,0.8,45,0.3,4.7,53,27.21,6.3,0,"2023-2024"
"BOL","BER","19_5","Regular Season","Matteo  Spagnolo",22,13,3,4,75,2,4,50,1,3,33.3,0,0,0,1,1,4,0,0,2,3,7,"H","L",68,26,25,21,12,10,14,9,6,24,30,4,15,4,16,65,68,26,25,21,12,10,14,9,6,24,30,4,15,4,16,65,1.18,12.8,101.6,0.05,7.8,0.2,75,0.38,5.5,69.7,31.25,6.4,0,"2023-2024"
"BOL","BER","19_5","Regular Season","Yannick  Wetzell",22,7,1,4,25,1,1,100,2,2,100,2,3,5,0,1,0,1,0,0,1,12,"H","L",68,26,25,21,12,10,14,9,6,24,30,4,15,4,16,65,68,26,25,21,12,10,14,9,6,24,30,4,15,4,16,65,1,3.7,189.2,0.11,0,NA,50,0.4,8.3,59.5,0,2.8,16.7,"2023-2024"
"BOL","BER","19_5","Regular Season","Johannes  Thiemann",26,13,4,8,50,0,1,0,5,6,83.3,0,4,4,0,0,2,0,1,1,5,12,"H","L",68,26,25,21,12,10,14,9,6,24,30,4,15,4,16,65,68,26,25,21,12,10,14,9,6,24,30,4,15,4,16,65,0.87,13.1,99.2,0.09,0,0,44.4,0.67,6.7,55.8,15.27,5.6,0,"2023-2024"
"BOL","BER","19_5","Regular Season","Justin  Bean",13,0,0,0,NA,0,0,NA,0,0,NA,0,2,2,1,0,0,0,0,2,1,2,"H","L",68,26,25,21,12,10,14,9,6,24,30,4,15,4,16,65,68,26,25,21,12,10,14,9,6,24,30,4,15,4,16,65,NA,0,NA,0.01,Inf,Inf,NA,NA,0.5,NA,NA,0,0,"2023-2024"
"BOL","BER","19_5","Regular Season","Gabriele  Procida",8,1,0,0,NA,0,2,0,1,3,33.3,0,1,1,0,0,1,1,0,0,1,-1,"H","L",68,26,25,21,12,10,14,9,6,24,30,4,15,4,16,65,68,26,25,21,12,10,14,9,6,24,30,4,15,4,16,65,0.2,4.1,24.4,-0.03,0,0,0,1.5,-1.2,15.1,24.39,5.7,0,"2023-2024"
"BOL","BER","19_5","Regular Season","Malte  Delow",15,3,0,1,0,1,3,33.3,0,0,NA,0,0,0,0,1,3,0,0,3,2,-3,"H","L",68,26,25,21,12,10,14,9,6,24,30,4,15,4,16,65,68,26,25,21,12,10,14,9,6,24,30,4,15,4,16,65,0.75,6.7,44.8,-0.06,0,0,37.5,0,-2.6,37.5,44.78,5,0,"2023-2024"
"BOL","BER","19_5","Regular Season","Jonas  Mattisseck",14,5,0,0,NA,1,2,50,2,2,100,1,0,1,0,0,0,0,0,3,2,4,"H","L",68,26,25,21,12,10,14,9,6,24,30,4,15,4,16,65,68,26,25,21,12,10,14,9,6,24,30,4,15,4,16,65,1.25,1.8,277.8,0.02,0,NA,75,1,3.5,86.8,0,2.2,8.3,"2023-2024"
"BOL","BER","19_5","Regular Season","Tim  Schneider",13,0,0,0,NA,0,2,0,0,2,0,1,2,3,1,0,1,0,0,2,2,-1,"H","L",68,26,25,21,12,10,14,9,6,24,30,4,15,4,16,65,68,26,25,21,12,10,14,9,6,24,30,4,15,4,16,65,0,2.8,0,-0.04,35.7,1,0,1,-2,0,35.71,3.2,8.3,"2023-2024"
"BOL","BER","19_5","Regular Season","Matt  Thomas",21,8,1,2,50,2,3,66.7,0,0,NA,0,2,2,2,1,0,0,0,0,0,11,"H","L",68,26,25,21,12,10,14,9,6,24,30,4,15,4,16,65,68,26,25,21,12,10,14,9,6,24,30,4,15,4,16,65,1.6,4.8,166.7,0.13,41.7,Inf,80,0,8.7,80,0,2.5,0,"2023-2024"
"BOL","BER","19_5","Regular Season","Christ  Koumadje",19,6,3,4,75,0,0,NA,0,0,NA,2,6,8,1,0,0,2,0,1,1,16,"H","L",68,26,25,21,12,10,14,9,6,24,30,4,15,4,16,65,68,26,25,21,12,10,14,9,6,24,30,4,15,4,16,65,1.5,1.9,315.8,0.15,52.6,Inf,75,0,9.3,75,0,2.2,16.7,"2023-2024"
"BAR","BAS","19_6","Regular Season","Markus  Howard",25,21,3,6,50,5,13,38.5,0,0,NA,2,0,2,4,1,1,0,0,5,3,14,"A","L",85,37,30,11,21,12,7,19,10,14,24,12,13,2,20,83,85,37,30,11,21,12,7,19,10,14,24,12,13,2,20,83,1.11,17.3,121.4,0.08,23.1,4,55.3,0,13.1,55.3,5.78,7.5,10,"2023-2024"
"BAR","BAS","19_6","Regular Season","Sander  Raieste",4,0,0,0,NA,0,0,NA,0,0,NA,0,0,0,0,0,2,0,0,1,0,-3,"A","L",85,37,30,11,21,12,7,19,10,14,24,12,13,2,20,83,85,37,30,11,21,12,7,19,10,14,24,12,13,2,20,83,NA,1.9,0,-0.02,0,0,NA,NA,-2.4,NA,105.26,4.7,0,"2023-2024"
"BAR","BAS","19_6","Regular Season","Tadas  Sedekerskis",31,14,4,4,100,1,2,50,3,4,75,3,3,6,0,1,0,0,0,2,3,20,"A","L",85,37,30,11,21,12,7,19,10,14,24,12,13,2,20,83,85,37,30,11,21,12,7,19,10,14,24,12,13,2,20,83,1.4,4.6,304.3,0.12,0,NA,91.7,0.67,14.6,90.2,0,2.4,15,"2023-2024"
"BAR","BAS","19_6","Regular Season","Codi  Miller-McIntyre",33,10,3,7,42.9,1,2,50,1,1,100,0,3,3,7,0,2,0,1,2,3,13,"A","L",85,37,30,11,21,12,7,19,10,14,24,12,13,2,20,83,85,37,30,11,21,12,7,19,10,14,24,12,13,2,20,83,1,11,90.9,0.08,63.6,3.5,50,0.11,8.3,53,18.18,3.3,0,"2023-2024"
"BAR","BAS","19_6","Regular Season","Matthew  Costello",20,11,1,1,100,3,5,60,0,0,NA,0,1,1,1,2,2,1,0,4,0,8,"A","L",85,37,30,11,21,12,7,19,10,14,24,12,13,2,20,83,85,37,30,11,21,12,7,19,10,14,24,12,13,2,20,83,1.83,7.7,142.9,0.06,13,0.5,91.7,0,8.5,91.7,25.97,3.8,0,"2023-2024"
"BAR","BAS","19_6","Regular Season","Christopher  Chiozza",6,2,1,3,33.3,0,1,0,0,0,NA,0,1,1,3,0,0,0,0,0,0,3,"A","L",85,37,30,11,21,12,7,19,10,14,24,12,13,2,20,83,85,37,30,11,21,12,7,19,10,14,24,12,13,2,20,83,0.5,3.8,52.6,0.02,78.9,Inf,25,0,2,25,0,6.3,0,"2023-2024"
"BAR","BAS","19_6","Regular Season","Vanja  Marinkovic",26,7,2,3,66.7,1,3,33.3,0,0,NA,0,4,4,3,1,3,0,0,2,1,8,"A","L",85,37,30,11,21,12,7,19,10,14,24,12,13,2,20,83,85,37,30,11,21,12,7,19,10,14,24,12,13,2,20,83,1.17,8.6,81.4,0.05,34.9,1,58.3,0,4.5,58.3,34.88,3.3,0,"2023-2024"
"BAR","BAS","19_6","Regular Season","Daniel  Diez",11,2,1,1,100,0,1,0,0,0,NA,1,0,1,0,1,0,0,0,0,0,3,"A","L",85,37,30,11,21,12,7,19,10,14,24,12,13,2,20,83,85,37,30,11,21,12,7,19,10,14,24,12,13,2,20,83,1,1,200,0.02,0,NA,50,0,2.7,50,0,1.7,5,"2023-2024"
"BAR","BAS","19_6","Regular Season","Khalifa  Diop",3,2,1,1,100,0,0,NA,0,0,NA,1,0,1,0,0,0,0,0,1,1,3,"A","L",85,37,30,11,21,12,7,19,10,14,24,12,13,2,20,83,85,37,30,11,21,12,7,19,10,14,24,12,13,2,20,83,2,0,Inf,0.01,NA,NA,100,0,2,100,NA,3.1,5,"2023-2024"
"BAR","BAS","19_6","Regular Season","Maik  Kotsar",16,7,3,7,42.9,0,0,NA,1,2,50,1,0,1,1,4,2,1,2,0,2,7,"A","L",85,37,30,11,21,12,7,19,10,14,24,12,13,2,20,83,85,37,30,11,21,12,7,19,10,14,24,12,13,2,20,83,0.78,8.5,82.4,0.05,11.8,0.5,42.9,0.29,7,44.4,23.53,5.8,5,"2023-2024"
"BAR","BAS","19_6","Regular Season","Chima  Moneke",22,9,2,4,50,1,3,33.3,2,4,50,2,2,4,0,2,1,0,1,3,3,7,"A","L",85,37,30,11,21,12,7,19,10,14,24,12,13,2,20,83,85,37,30,11,21,12,7,19,10,14,24,12,13,2,20,83,0.82,7.4,121.6,0.03,0,0,50,0.57,6.3,51.4,13.51,4.2,10,"2023-2024"
"BAS","BAR","19_6","Regular Season","Jan  Vesely",22,23,8,11,72.7,0,0,NA,7,8,87.5,1,3,4,1,0,1,0,1,3,9,28,"H","W",89,33,22,19,20,11,16,24,9,23,32,6,20,4,16,110,89,33,22,19,20,11,16,24,9,23,32,6,20,4,16,110,1.21,13.9,165.5,0.11,7.2,1,72.7,0.73,18.2,79.2,7.19,6.8,5.6,"2023-2024"
"BAS","BAR","19_6","Regular Season","Dario  Brizuela",13,2,1,2,50,0,1,0,0,0,NA,0,0,0,3,0,3,0,0,2,0,-2,"H","W",89,33,22,19,20,11,16,24,9,23,32,6,20,4,16,110,89,33,22,19,20,11,16,24,9,23,32,6,20,4,16,110,0.67,5.8,34.5,-0.01,51.7,1,33.3,0,-1.4,33.3,51.72,4.4,0,"2023-2024"
"BAS","BAR","19_6","Regular Season","Nikola  Kalinic",31,8,0,0,NA,2,2,100,2,2,100,1,1,2,3,1,4,0,0,0,1,11,"H","W",89,33,22,19,20,11,16,24,9,23,32,6,20,4,16,110,89,33,22,19,20,11,16,24,9,23,32,6,20,4,16,110,2,5.6,142.9,0.06,53.6,0.8,150,1,7.5,138.9,71.43,2.1,5.6,"2023-2024"
"BAS","BAR","19_6","Regular Season","Tomas  Satoransky",27,10,1,3,33.3,2,3,66.7,2,2,100,0,9,9,2,1,1,2,1,3,1,17,"H","W",89,33,22,19,20,11,16,24,9,23,32,6,20,4,16,110,89,33,22,19,20,11,16,24,9,23,32,6,20,4,16,110,1.25,7.6,131.6,0.09,26.3,2,66.7,0.33,11.3,72.7,13.16,2.8,0,"2023-2024"
"BAS","BAR","19_6","Regular Season","Jabari  Parker",31,17,2,5,40,4,9,44.4,1,2,50,1,5,6,5,1,2,1,0,1,1,19,"H","W",89,33,22,19,20,11,16,24,9,23,32,6,20,4,16,110,89,33,22,19,20,11,16,24,9,23,32,6,20,4,16,110,1.06,15.2,111.8,0.1,32.9,2.5,57.1,0.14,14.2,57.1,13.16,5.2,5.6,"2023-2024"
"BAS","BAR","19_6","Regular Season","Oriol  Pauli",8,0,0,0,NA,0,1,0,0,0,NA,0,1,1,1,0,0,0,0,1,0,0,"H","W",89,33,22,19,20,11,16,24,9,23,32,6,20,4,16,110,89,33,22,19,20,11,16,24,9,23,32,6,20,4,16,110,0,1,0,0,100,Inf,0,0,-0.1,0,0,1.2,0,"2023-2024"
"BAS","BAR","19_6","Regular Season","Willy  Hernangomez",18,16,6,10,60,1,1,100,1,2,50,2,2,4,0,1,2,1,0,2,3,16,"H","W",89,33,22,19,20,11,16,24,9,23,32,6,20,4,16,110,89,33,22,19,20,11,16,24,9,23,32,6,20,4,16,110,1.23,11.4,140.4,0.07,0,0,68.2,0.18,11.6,67.3,17.54,7.4,11.1,"2023-2024"
"BAS","BAR","19_6","Regular Season","Nicolas  Laprovittola",23,0,0,0,NA,0,2,0,0,0,NA,0,1,1,8,1,6,0,0,1,2,3,"H","W",89,33,22,19,20,11,16,24,9,23,32,6,20,4,16,110,89,33,22,19,20,11,16,24,9,23,32,6,20,4,16,110,0,7.7,0,0.01,103.9,1.3,0,0,-0.9,0,77.92,3.3,0,"2023-2024"
"BAS","BAR","19_6","Regular Season","Joel  Parra",27,13,2,2,100,2,3,66.7,3,3,100,4,1,5,1,1,1,0,0,3,3,18,"H","W",89,33,22,19,20,11,16,24,9,23,32,6,20,4,16,110,89,33,22,19,20,11,16,24,9,23,32,6,20,4,16,110,1.62,3.2,406.2,0.08,31.2,1,100,0.6,13.7,102.8,31.25,2.6,22.2,"2023-2024"
"BAY","MIL","19_7","Regular Season","Alex  Poythress",23,10,5,8,62.5,0,0,NA,0,0,NA,1,2,3,0,1,0,1,0,3,0,9,"H","W",76,38,20,6,20,10,6,16,4,20,24,5,11,4,25,76,76,38,20,6,20,10,6,16,4,20,24,5,11,4,25,76,1.25,6.7,149.3,0.07,0,NA,62.5,0,8.2,62.5,0,3.9,12.5,"2023-2024"
"BAY","MIL","19_7","Regular Season","Nicolo  Melli",20,3,0,3,0,1,3,33.3,0,0,NA,0,1,1,1,0,0,1,0,2,1,0,"H","W",76,38,20,6,20,10,6,16,4,20,24,5,11,4,25,76,76,38,20,6,20,10,6,16,4,20,24,5,11,4,25,76,0.5,5.8,51.7,-0.01,17.2,Inf,25,0,0.1,25,0,3.4,0,"2023-2024"
"BAY","MIL","19_7","Regular Season","Shabazz  Napier",26,5,1,5,20,1,5,20,0,0,NA,0,4,4,5,0,5,0,0,3,4,2,"H","W",76,38,20,6,20,10,6,16,4,20,24,5,11,4,25,76,76,38,20,6,20,10,6,16,4,20,24,5,11,4,25,76,0.5,14.4,34.7,-0.02,34.7,1,25,0,-2.7,25,34.72,6.4,0,"2023-2024"
"BAY","MIL","19_7","Regular Season","Diego  Flaccadori",22,8,3,5,60,0,1,0,2,2,100,0,2,2,3,0,0,0,0,4,3,9,"H","W",76,38,20,6,20,10,6,16,4,20,24,5,11,4,25,76,76,38,20,6,20,10,6,16,4,20,24,5,11,4,25,76,1,6.6,121.2,0.05,45.5,Inf,50,0.33,6.1,58.1,0,3.5,0,"2023-2024"
"BAY","MIL","19_7","Regular Season","Johannes  Voigtmann",18,5,1,1,100,1,1,100,0,0,NA,1,3,4,2,1,0,0,0,2,3,13,"H","W",76,38,20,6,20,10,6,16,4,20,24,5,11,4,25,76,76,38,20,6,20,10,6,16,4,20,24,5,11,4,25,76,2.5,1,500,0.08,200,Inf,125,0,7.6,125,0,1.2,12.5,"2023-2024"
"BAY","MIL","19_7","Regular Season","Giordano  Bortolani",18,12,1,3,33.3,3,5,60,1,1,100,0,0,0,2,1,1,0,0,0,0,10,"H","W",76,38,20,6,20,10,6,16,4,20,24,5,11,4,25,76,76,38,20,6,20,10,6,16,4,20,24,5,11,4,25,76,1.33,9.1,131.9,0.09,22,2,68.8,0.12,9.4,71.1,10.99,5.9,0,"2023-2024"
"BAY","MIL","19_7","Regular Season","Stefano  Tonut",15,2,1,2,50,0,0,NA,0,0,NA,0,2,2,1,1,0,0,0,0,0,5,"H","W",76,38,20,6,20,10,6,16,4,20,24,5,11,4,25,76,76,38,20,6,20,10,6,16,4,20,24,5,11,4,25,76,1,1.9,105.3,0.04,52.6,Inf,50,0,3.3,50,0,1.5,0,"2023-2024"
"BAY","MIL","19_7","Regular Season","Ismael  Kamagate",1,0,0,0,NA,0,0,NA,0,0,NA,0,0,0,0,0,0,0,0,0,0,0,"H","W",76,38,20,6,20,10,6,16,4,20,24,5,11,4,25,76,76,38,20,6,20,10,6,16,4,20,24,5,11,4,25,76,NA,0,NA,0,NA,NA,NA,NA,0,NA,NA,0,0,"2023-2024"
"BAY","MIL","19_7","Regular Season","Giampaolo  Ricci",13,6,0,1,0,2,2,100,0,0,NA,0,2,2,0,1,0,1,0,4,0,5,"H","W",76,38,20,6,20,10,6,16,4,20,24,5,11,4,25,76,76,38,20,6,20,10,6,16,4,20,24,5,11,4,25,76,2,2.9,206.9,0.04,0,NA,100,0,5.4,100,0,2.6,0,"2023-2024"
"BAY","MIL","19_7","Regular Season","Devon  Hall",27,19,6,7,85.7,2,3,66.7,1,1,100,1,3,4,1,0,2,0,0,2,3,21,"H","W",76,38,20,6,20,10,6,16,4,20,24,5,11,4,25,76,76,38,20,6,20,10,6,16,4,20,24,5,11,4,25,76,1.73,11,172.7,0.15,9.1,0.5,90,0.1,14.7,91,18.18,5.1,12.5,"2023-2024"
"BAY","MIL","19_7","Regular Season","Guglielmo   Caruso",1,0,0,0,NA,0,0,NA,0,0,NA,0,0,0,0,0,0,0,0,1,0,-1,"H","W",76,38,20,6,20,10,6,16,4,20,24,5,11,4,25,76,76,38,20,6,20,10,6,16,4,20,24,5,11,4,25,76,NA,0,NA,-0.01,NA,NA,NA,NA,-0.4,NA,NA,0,0,"2023-2024"
"BAY","MIL","19_7","Regular Season","Kyle  Hines",15,6,2,3,66.7,0,0,NA,2,2,100,1,1,2,1,0,3,1,0,4,1,3,"H","W",76,38,20,6,20,10,6,16,4,20,24,5,11,4,25,76,76,38,20,6,20,10,6,16,4,20,24,5,11,4,25,76,1.2,5.6,107.1,0.01,17.9,0.3,66.7,0.67,2.5,77.3,53.57,5.1,12.5,"2023-2024"
"MIL","BAY","19_7","Regular Season","Carsen  Edwards",28,10,1,6,16.7,2,5,40,2,3,66.7,1,0,1,3,2,2,0,2,3,4,4,"A","L",62,34,23,19,16,5,15,12,9,20,29,7,11,0,16,64,62,34,23,19,16,5,15,12,9,20,29,7,11,0,16,64,0.71,12.8,78.1,0.02,23.4,1.5,36.4,0.27,4.7,40.6,15.62,5.4,5.6,"2023-2024"
"MIL","BAY","19_7","Regular Season","Isaac  Bonga",20,4,2,3,66.7,0,1,0,0,0,NA,1,3,4,0,0,2,0,1,2,1,2,"A","L",62,34,23,19,16,5,15,12,9,20,29,7,11,0,16,64,62,34,23,19,16,5,15,12,9,20,29,7,11,0,16,64,1,4.8,83.3,0.02,0,0,50,0,0.8,50,41.67,3.1,5.6,"2023-2024"
"MIL","BAY","19_7","Regular Season","Leandro  Bolmaro",19,9,3,6,50,1,2,50,0,0,NA,1,3,4,3,2,2,0,0,4,4,12,"A","L",62,34,23,19,16,5,15,12,9,20,29,7,11,0,16,64,62,34,23,19,16,5,15,12,9,20,29,7,11,0,16,64,1.12,8.6,104.7,0.1,34.9,1.5,56.2,0,7.1,56.2,23.26,5.5,5.6,"2023-2024"
"MIL","BAY","19_7","Regular Season","Serge  Ibaka",31,16,7,8,87.5,0,3,0,2,4,50,1,2,3,0,2,1,0,0,3,3,14,"A","L",62,34,23,19,16,5,15,12,9,20,29,7,11,0,16,64,62,34,23,19,16,5,15,12,9,20,29,7,11,0,16,64,1.07,12.2,131.1,0.14,0,0,63.6,0.36,11.4,62.7,8.2,4.7,5.6,"2023-2024"
"MIL","BAY","19_7","Regular Season","Devin   Booker",25,3,1,3,33.3,0,1,0,1,2,50,2,6,8,2,0,3,0,1,1,1,5,"A","L",62,34,23,19,16,5,15,12,9,20,29,7,11,0,16,64,62,34,23,19,16,5,15,12,9,20,29,7,11,0,16,64,0.5,5.6,53.6,0.05,35.7,0.7,25,0.5,1.4,30.7,53.57,3.3,11.1,"2023-2024"
"MIL","BAY","19_7","Regular Season","Nick  Weiler-Babb",10,2,0,0,NA,0,2,0,2,2,100,1,0,1,0,0,1,0,0,2,1,-1,"A","L",62,34,23,19,16,5,15,12,9,20,29,7,11,0,16,64,62,34,23,19,16,5,15,12,9,20,29,7,11,0,16,64,0.5,2.8,71.4,-0.03,0,0,0,1,-0.5,34.7,35.71,4.1,5.6,"2023-2024"
"MIL","BAY","19_7","Regular Season","Sylvain  Francisco",19,6,1,2,50,0,3,0,4,4,100,1,3,4,2,0,0,0,0,1,3,10,"A","L",62,34,23,19,16,5,15,12,9,20,29,7,11,0,16,64,62,34,23,19,16,5,15,12,9,20,29,7,11,0,16,64,0.67,5.5,109.1,0.08,36.4,Inf,20,0.8,5.5,44.4,0,3.7,5.6,"2023-2024"
"MIL","BAY","19_7","Regular Season","Niels  Giffey",6,0,0,1,0,0,1,0,0,0,NA,0,1,1,0,0,0,0,0,0,1,0,"A","L",62,34,23,19,16,5,15,12,9,20,29,7,11,0,16,64,62,34,23,19,16,5,15,12,9,20,29,7,11,0,16,64,0,1.9,0,-0.01,0,NA,0,0,-1.1,0,0,3.5,0,"2023-2024"
"MIL","BAY","19_7","Regular Season","Vladimir  Lucic",24,7,0,3,0,1,2,50,4,4,100,0,2,2,1,1,0,0,0,0,7,14,"A","L",62,34,23,19,16,5,15,12,9,20,29,7,11,0,16,64,62,34,23,19,16,5,15,12,9,20,29,7,11,0,16,64,0.78,6.5,107.7,0.09,15.4,Inf,30,0.8,6.2,51.8,0,3,0,"2023-2024"
"MIL","BAY","19_7","Regular Season","Andreas  Obst",16,3,0,1,0,1,3,33.3,0,0,NA,1,0,1,0,0,0,0,0,0,0,1,"A","L",62,34,23,19,16,5,15,12,9,20,29,7,11,0,16,64,62,34,23,19,16,5,15,12,9,20,29,7,11,0,16,64,0.75,2.9,103.4,0.01,0,NA,37.5,0,1.3,37.5,0,2.6,5.6,"2023-2024"
"MIL","BAY","19_7","Regular Season","Danko   Brankovic",2,2,1,1,100,0,0,NA,0,0,NA,0,0,0,1,0,0,0,0,0,0,3,"A","L",62,34,23,19,16,5,15,12,9,20,29,7,11,0,16,64,62,34,23,19,16,5,15,12,9,20,29,7,11,0,16,64,2,1,200,0.04,100,Inf,100,0,2.4,100,0,5.2,0,"2023-2024"
"EFE","RMB","19_8","Regular Season","Fabien  Causeur",43,5,1,3,33.3,1,6,16.7,0,0,NA,0,4,4,6,2,0,0,1,3,1,7,"H","W",130,50,43,39,32,12,30,27,6,33,39,9,11,6,24,142,130,50,43,39,32,12,30,27,6,33,39,9,11,6,24,142,0.56,8.6,58.1,0.03,69.8,Inf,27.8,0,5.7,27.8,0,1.4,0,"2023-2024"
"EFE","RMB","19_8","Regular Season","Facundo  Campazzo",46,25,5,9,55.6,2,7,28.6,9,11,81.8,1,3,4,11,0,1,0,1,5,8,30,"H","W",130,50,43,39,32,12,30,27,6,33,39,9,11,6,24,142,130,50,43,39,32,12,30,27,6,33,39,9,11,6,24,142,0.93,20,125,0.1,55,11,50,0.69,22.1,60,5,3.1,8.3,"2023-2024"
"EFE","RMB","19_8","Regular Season","Mario  Hezonja",49,31,3,7,42.9,7,17,41.2,4,4,100,0,12,12,0,0,2,1,0,4,2,26,"H","W",130,50,43,39,32,12,30,27,6,33,39,9,11,6,24,142,130,50,43,39,32,12,30,27,6,33,39,9,11,6,24,142,1.11,26.6,116.5,0.1,0,0,56.2,0.17,18.9,60.2,7.52,3.7,0,"2023-2024"
"EFE","RMB","19_8","Regular Season","Walter  Tavares",49,20,8,10,80,0,0,NA,4,6,66.7,4,8,12,1,3,2,4,0,4,5,35,"H","W",130,50,43,39,32,12,30,27,6,33,39,9,11,6,24,142,130,50,43,39,32,12,30,27,6,33,39,9,11,6,24,142,1.25,10.2,196.1,0.12,9.8,0.5,80,0.6,23.5,79.1,19.61,2,33.3,"2023-2024"
"EFE","RMB","19_8","Regular Season","Dzanan  Musa",45,40,13,15,86.7,2,5,40,8,11,72.7,1,1,2,8,1,3,0,0,2,7,45,"H","W",130,50,43,39,32,12,30,27,6,33,39,9,11,6,24,142,130,50,43,39,32,12,30,27,6,33,39,9,11,6,24,142,1.29,25.8,155,0.17,31,2.7,80,0.55,34.6,80.5,11.63,4.1,8.3,"2023-2024"
"EFE","RMB","19_8","Regular Season","Alberto   Abalde",10,0,0,0,NA,0,2,0,0,0,NA,0,2,2,0,0,0,0,0,1,0,-1,"H","W",130,50,43,39,32,12,30,27,6,33,39,9,11,6,24,142,130,50,43,39,32,12,30,27,6,33,39,9,11,6,24,142,0,1.9,0,0,0,NA,0,0,-1.2,0,0,1.3,0,"2023-2024"
"EFE","RMB","19_8","Regular Season","Sergio  Rodriguez",12,2,1,4,25,0,1,0,0,0,NA,0,0,0,1,2,0,0,0,3,0,-2,"H","W",130,50,43,39,32,12,30,27,6,33,39,9,11,6,24,142,130,50,43,39,32,12,30,27,6,33,39,9,11,6,24,142,0.4,4.8,41.7,-0.01,20.8,Inf,20,0,0.4,20,0,2.8,0,"2023-2024"
"EFE","RMB","19_8","Regular Season","Vincent  Poirier",11,5,1,1,100,0,0,NA,3,4,75,0,0,0,0,0,0,1,0,1,2,6,"H","W",130,50,43,39,32,12,30,27,6,33,39,9,11,6,24,142,130,50,43,39,32,12,30,27,6,33,39,9,11,6,24,142,1,2.6,192.3,0.02,0,NA,100,4,4.6,90.6,0,1.7,0,"2023-2024"
"EFE","RMB","19_8","Regular Season","Sergio  Llull",17,0,0,0,NA,0,3,0,0,1,0,0,1,1,0,1,2,0,0,0,0,-4,"H","W",130,50,43,39,32,12,30,27,6,33,39,9,11,6,24,142,130,50,43,39,32,12,30,27,6,33,39,9,11,6,24,142,0,5.2,0,-0.02,0,0,0,0.33,-3.2,0,38.46,2.1,0,"2023-2024"
"EFE","RMB","19_8","Regular Season","Guerschon  Yabusele",12,2,0,1,0,0,2,0,2,2,100,0,2,2,0,0,1,0,0,1,1,0,"H","W",130,50,43,39,32,12,30,27,6,33,39,9,11,6,24,142,130,50,43,39,32,12,30,27,6,33,39,9,11,6,24,142,0.4,4.7,42.6,0,0,0,0,0.67,-0.9,25.8,21.28,2.7,0,"2023-2024"
"EFE","RMB","19_8","Regular Season","Eli  Ndiaye",5,0,0,0,NA,0,0,NA,0,0,NA,0,0,0,0,0,0,0,0,0,0,0,"H","W",130,50,43,39,32,12,30,27,6,33,39,9,11,6,24,142,130,50,43,39,32,12,30,27,6,33,39,9,11,6,24,142,NA,0,NA,0,NA,NA,NA,NA,0,NA,NA,0,0,"2023-2024"
"RMB","EFE","19_8","Regular Season","Rodrigue  Beaubois",39,10,4,11,36.4,0,2,0,2,2,100,0,3,3,2,0,1,0,0,3,3,5,"A","L",126,59,44,24,31,15,19,17,16,36,52,6,13,2,26,118,126,59,44,24,31,15,19,17,16,36,52,6,13,2,26,118,0.67,14.3,69.9,0.01,14,2,30.8,0.15,2.6,36,6.99,2.4,0,"2023-2024"
"RMB","EFE","19_8","Regular Season","Elijah  Bryant",34,13,3,6,50,1,7,14.3,4,4,100,1,7,8,2,2,1,0,1,5,3,12,"A","L",126,59,44,24,31,15,19,17,16,36,52,6,13,2,26,118,126,59,44,24,31,15,19,17,16,36,52,6,13,2,26,118,0.76,14.2,91.5,0.05,14.1,2,34.6,0.31,8.7,44,7.04,2.9,3.1,"2023-2024"
"RMB","EFE","19_8","Regular Season","Darius  Thompson",49,21,6,9,66.7,2,7,28.6,3,5,60,1,4,5,2,1,2,1,1,4,3,16,"A","L",126,59,44,24,31,15,19,17,16,36,52,6,13,2,26,118,126,59,44,24,31,15,19,17,16,36,52,6,13,2,26,118,1,18.4,114.1,0.07,10.9,1,56.2,0.31,13.6,57.7,10.87,2.6,3.1,"2023-2024"
"RMB","EFE","19_8","Regular Season","Tibor  Pleiss",53,14,2,6,33.3,3,11,27.3,1,2,50,4,7,11,1,0,1,1,1,2,0,10,"A","L",126,59,44,24,31,15,19,17,16,36,52,6,13,2,26,118,126,59,44,24,31,15,19,17,16,36,52,6,13,2,26,118,0.74,14.3,97.9,0.05,7,1,38.2,0.12,8.2,39.1,6.99,2.3,12.5,"2023-2024"
"RMB","EFE","19_8","Regular Season","Mike  Daum",26,15,3,3,100,3,6,50,0,0,NA,2,3,5,1,0,0,0,0,3,0,15,"A","L",126,59,44,24,31,15,19,17,16,36,52,6,13,2,26,118,126,59,44,24,31,15,19,17,16,36,52,6,13,2,26,118,1.67,6.7,223.9,0.08,14.9,Inf,83.3,0,12.9,83.3,0,2.2,6.2,"2023-2024"
"RMB","EFE","19_8","Regular Season","Shane  Larkin",53,32,4,11,36.4,6,11,54.5,6,7,85.7,0,5,5,9,0,6,0,1,2,9,33,"A","L",126,59,44,24,31,15,19,17,16,36,52,6,13,2,26,118,126,59,44,24,31,15,19,17,16,36,52,6,13,2,26,118,1.1,29.8,107.4,0.13,30.2,1.5,59.1,0.32,21.2,63.8,20.13,3.7,0,"2023-2024"
"RMB","EFE","19_8","Regular Season","Daniel  Oturu",24,14,6,10,60,0,0,NA,2,2,100,7,2,9,0,1,0,0,2,4,2,16,"A","L",126,59,44,24,31,15,19,17,16,36,52,6,13,2,26,118,126,59,44,24,31,15,19,17,16,36,52,6,13,2,26,118,1.17,3.7,378.4,0.07,0,NA,60,0.2,14.3,64.3,0,2.9,21.9,"2023-2024"
"RMB","EFE","19_8","Regular Season","Tyrique  Jones",22,7,3,3,100,0,0,NA,1,2,50,1,5,6,0,2,2,0,0,3,2,11,"A","L",126,59,44,24,31,15,19,17,16,36,52,6,13,2,26,118,126,59,44,24,31,15,19,17,16,36,52,6,13,2,26,118,1.4,4.7,148.9,0.05,0,0,100,0.67,6.7,90.2,42.55,1.7,3.1,"2023-2024"
"PAN","VAL","19_9","Regular Season","Nate  Reuvers",15,7,3,4,75,0,3,0,1,1,100,0,1,1,2,0,1,0,0,3,1,3,"H","L",81,41,22,15,24,7,12,19,10,25,35,5,16,4,24,85,81,41,22,15,24,7,12,19,10,25,35,5,16,4,24,85,0.88,8.1,86.4,0.02,24.7,2,42.9,0.14,2.8,47,12.35,5.3,0,"2023-2024"
"PAN","VAL","19_9","Regular Season","Chris  Jones",29,10,3,7,42.9,0,1,0,4,6,66.7,0,2,2,4,2,2,0,1,1,6,13,"H","L",81,41,22,15,24,7,12,19,10,25,35,5,16,4,24,85,81,41,22,15,24,7,12,19,10,25,35,5,16,4,24,85,0.71,12.1,82.6,0.06,33.1,2,37.5,0.75,7.8,47,16.53,4.1,0,"2023-2024"
"PAN","VAL","19_9","Regular Season","Damien  Inglis",21,7,3,6,50,0,0,NA,1,1,100,4,3,7,4,1,0,0,0,4,2,14,"H","L",81,41,22,15,24,7,12,19,10,25,35,5,16,4,24,85,81,41,22,15,24,7,12,19,10,25,35,5,16,4,24,85,1,2.3,304.3,0.08,173.9,Inf,50,0.17,9.9,54.3,0,2.9,20,"2023-2024"
"PAN","VAL","19_9","Regular Season","Kassius  Robertson",13,6,0,0,NA,2,4,50,0,0,NA,0,1,1,1,0,1,0,0,0,0,5,"H","L",81,41,22,15,24,7,12,19,10,25,35,5,16,4,24,85,81,41,22,15,24,7,12,19,10,25,35,5,16,4,24,85,1.5,4.8,125,0.04,20.8,1,75,0,4,75,20.83,3.6,0,"2023-2024"
"PAN","VAL","19_9","Regular Season","Semi  Ojeleye",27,13,4,8,50,1,2,50,2,2,100,3,5,8,0,1,2,1,0,1,2,17,"H","L",81,41,22,15,24,7,12,19,10,25,35,5,16,4,24,85,81,41,22,15,24,7,12,19,10,25,35,5,16,4,24,85,1.08,9.5,136.8,0.1,0,0,55,0.2,10.9,59.7,21.05,4.5,15,"2023-2024"
"PAN","VAL","19_9","Regular Season","Jared  Harper",13,12,1,1,100,3,6,50,1,1,100,0,0,0,3,0,1,0,0,1,2,12,"H","L",81,41,22,15,24,7,12,19,10,25,35,5,16,4,24,85,81,41,22,15,24,7,12,19,10,25,35,5,16,4,24,85,1.5,8.1,148.1,0.08,37,3,78.6,0.14,9.4,80.6,12.35,6.1,0,"2023-2024"
"PAN","VAL","19_9","Regular Season","Josep  Puerto",4,0,0,0,NA,0,0,NA,0,0,NA,0,1,1,0,0,0,0,0,1,0,0,"H","L",81,41,22,15,24,7,12,19,10,25,35,5,16,4,24,85,81,41,22,15,24,7,12,19,10,25,35,5,16,4,24,85,NA,0,NA,0,NA,NA,NA,NA,-0.1,NA,NA,0,0,"2023-2024"
"PAN","VAL","19_9","Regular Season","Jaime  Pradilla",14,2,1,2,50,0,0,NA,0,0,NA,1,1,2,1,0,3,0,0,3,0,-2,"H","L",81,41,22,15,24,7,12,19,10,25,35,5,16,4,24,85,81,41,22,15,24,7,12,19,10,25,35,5,16,4,24,85,1,3.8,52.6,-0.02,26.3,0.3,50,0,-1.5,50,78.95,3.3,5,"2023-2024"
"PAN","VAL","19_9","Regular Season","Justin  Anderson",17,4,2,3,66.7,0,2,0,0,0,NA,0,3,3,2,0,1,0,0,1,1,5,"H","L",81,41,22,15,24,7,12,19,10,25,35,5,16,4,24,85,81,41,22,15,24,7,12,19,10,25,35,5,16,4,24,85,0.8,5.8,69,0.03,34.5,2,40,0,2.2,40,17.24,3.3,0,"2023-2024"
"PAN","VAL","19_9","Regular Season","Xabi  Lopez-Arostegui",12,5,1,1,100,0,0,NA,3,4,75,1,3,4,1,0,1,0,0,2,2,8,"H","L",81,41,22,15,24,7,12,19,10,25,35,5,16,4,24,85,81,41,22,15,24,7,12,19,10,25,35,5,16,4,24,85,1,2.6,192.3,0.04,38.5,1,100,4,4.8,90.6,38.46,2.9,5,"2023-2024"
"PAN","VAL","19_9","Regular Season","Stefan  Jovic",13,5,1,2,50,1,1,100,0,0,NA,0,3,3,0,0,1,0,0,3,0,3,"H","L",81,41,22,15,24,7,12,19,10,25,35,5,16,4,24,85,81,41,22,15,24,7,12,19,10,25,35,5,16,4,24,85,1.67,3.8,131.6,0.02,0,0,83.3,0,2.4,83.3,26.32,2.9,0,"2023-2024"
"PAN","VAL","19_9","Regular Season","Brandon  Davies",21,10,5,7,71.4,0,3,0,0,0,NA,1,2,3,1,1,3,3,0,4,1,7,"H","L",81,41,22,15,24,7,12,19,10,25,35,5,16,4,24,85,81,41,22,15,24,7,12,19,10,25,35,5,16,4,24,85,1,11.5,87,0.03,8.7,0.3,50,0,5.5,50,26.09,5.8,5,"2023-2024"
"VAL","PAN","19_9","Regular Season","Jerian  Grant",37,13,3,4,75,1,5,20,4,4,100,1,4,5,6,1,2,0,0,3,2,17,"A","W",82,34,29,29,15,11,19,15,8,16,24,7,10,1,17,75,82,34,29,29,15,11,19,15,8,16,24,7,10,1,17,75,1,11.3,115,0.14,53.1,3,50,0.44,12.2,60.4,17.7,3.2,6.2,"2023-2024"
"VAL","PAN","19_9","Regular Season","Kendrick  Nunn",25,7,2,9,22.2,1,3,33.3,0,0,NA,0,0,0,2,1,5,0,2,1,0,-7,"A","W",82,34,29,29,15,11,19,15,8,16,24,7,10,1,17,75,82,34,29,29,15,11,19,15,8,16,24,7,10,1,17,75,0.58,16.3,42.9,-0.05,12.3,0.4,29.2,0,-3.2,29.2,30.67,6.3,0,"2023-2024"
"VAL","PAN","19_9","Regular Season","Mathias  Lessort",27,12,4,6,66.7,0,0,NA,4,8,50,1,3,4,0,2,1,0,0,2,5,14,"A","W",82,34,29,29,15,11,19,15,8,16,24,7,10,1,17,75,82,34,29,29,15,11,19,15,8,16,24,7,10,1,17,75,0.86,9.1,131.9,0.08,0,0,66.7,1.33,9.6,63,10.99,3.6,6.2,"2023-2024"
"VAL","PAN","19_9","Regular Season","Marius  Grigonis",29,11,1,5,20,2,6,33.3,3,3,100,1,2,3,2,1,0,0,1,2,4,10,"A","W",82,34,29,29,15,11,19,15,8,16,24,7,10,1,17,75,82,34,29,29,15,11,19,15,8,16,24,7,10,1,17,75,0.79,10.9,100.9,0.06,18.3,Inf,36.4,0.27,7.4,44.6,0,4,6.2,"2023-2024"
"VAL","PAN","19_9","Regular Season","Konstantinos  Mitoglou",23,11,1,4,25,2,4,50,3,4,75,1,4,5,2,1,0,0,0,1,4,16,"A","W",82,34,29,29,15,11,19,15,8,16,24,7,10,1,17,75,82,34,29,29,15,11,19,15,8,16,24,7,10,1,17,75,0.92,8.4,131,0.11,23.8,Inf,50,0.5,10.1,56.4,0,4,6.2,"2023-2024"
"VAL","PAN","19_9","Regular Season","Panagiotis  Kalaitzakis",3,0,0,0,NA,0,0,NA,0,0,NA,0,0,0,1,0,0,0,0,1,0,0,"A","W",82,34,29,29,15,11,19,15,8,16,24,7,10,1,17,75,82,34,29,29,15,11,19,15,8,16,24,7,10,1,17,75,NA,0,NA,0,Inf,Inf,NA,NA,0.3,NA,NA,0,0,"2023-2024"
"VAL","PAN","19_9","Regular Season","Luca  Vildoza",26,19,2,3,66.7,5,7,71.4,0,0,NA,0,2,2,1,1,1,0,1,1,1,18,"A","W",82,34,29,29,15,11,19,15,8,16,24,7,10,1,17,75,82,34,29,29,15,11,19,15,8,16,24,7,10,1,17,75,1.9,10.6,179.2,0.18,9.4,1,95,0,15.7,95,9.43,3.9,0,"2023-2024"
"VAL","PAN","19_9","Regular Season","Kostas  Antetokounmpo",12,5,1,2,50,0,0,NA,3,8,37.5,2,0,2,1,0,1,0,0,3,6,4,"A","W",82,34,29,29,15,11,19,15,8,16,24,7,10,1,17,75,82,34,29,29,15,11,19,15,8,16,24,7,10,1,17,75,0.5,4.3,116.3,-0.03,23.3,1,50,4,1.9,45.3,23.26,5.1,12.5,"2023-2024"
"VAL","PAN","19_9","Regular Season","Juan  Hernangomez",17,4,1,1,100,0,4,0,2,2,100,2,1,3,0,0,0,1,0,3,2,3,"A","W",82,34,29,29,15,11,19,15,8,16,24,7,10,1,17,75,82,34,29,29,15,11,19,15,8,16,24,7,10,1,17,75,0.57,3.7,108.1,0,0,NA,20,0.4,2.1,34,0,3.2,12.5,"2023-2024"
"BAY","RMB","20_1","Regular Season","Fabien  Causeur",22,4,2,2,100,0,2,0,0,0,NA,0,0,0,2,1,2,1,0,2,0,2,"A","W",92,35,26,15,19,13,15,19,7,22,29,10,13,4,11,119,92,35,26,15,19,13,15,19,7,22,29,10,13,4,11,119,1,5.8,69,0.01,34.5,1,50,0,2.3,50,34.48,2.7,0,"2023-2024"
"BAY","RMB","20_1","Regular Season","Mario  Hezonja",21,17,3,6,50,3,4,75,2,2,100,0,6,6,0,1,0,0,1,0,1,20,"A","W",92,35,26,15,19,13,15,19,7,22,29,10,13,4,11,119,92,35,26,15,19,13,15,19,7,22,29,10,13,4,11,119,1.42,10.4,163.5,0.1,0,NA,75,0.2,15.2,78.1,0,5.1,0,"2023-2024"
"BAY","RMB","20_1","Regular Season","Carlos  Alocen",16,7,3,4,75,0,2,0,1,1,100,0,3,3,2,1,1,0,0,3,3,9,"A","W",92,35,26,15,19,13,15,19,7,22,29,10,13,4,11,119,92,35,26,15,19,13,15,19,7,22,29,10,13,4,11,119,1,7.1,98.6,0.03,28.2,2,50,0.17,5.1,54.3,14.08,4.6,0,"2023-2024"
"BAY","RMB","20_1","Regular Season","Walter  Tavares",19,4,0,0,NA,0,0,NA,4,4,100,2,3,5,3,0,0,2,0,2,3,15,"A","W",92,35,26,15,19,13,15,19,7,22,29,10,13,4,11,119,92,35,26,15,19,13,15,19,7,22,29,10,13,4,11,119,1,-0.2,-2000,0.05,-1500,Inf,NA,Inf,9,113.6,0,0.9,14.3,"2023-2024"
"BAY","RMB","20_1","Regular Season","Dzanan  Musa",20,16,3,7,42.9,3,6,50,1,1,100,0,0,0,1,1,1,0,1,1,3,11,"A","W",92,35,26,15,19,13,15,19,7,22,29,10,13,4,11,119,92,35,26,15,19,13,15,19,7,22,29,10,13,4,11,119,1.14,13.9,115.1,0.05,7.2,1,57.7,0.08,9.6,59.5,7.19,7.2,0,"2023-2024"
"BAY","RMB","20_1","Regular Season","Alberto   Abalde",19,3,0,1,0,1,3,33.3,0,0,NA,0,2,2,3,2,1,0,0,1,1,6,"A","W",92,35,26,15,19,13,15,19,7,22,29,10,13,4,11,119,92,35,26,15,19,13,15,19,7,22,29,10,13,4,11,119,0.75,4.8,62.5,0.03,62.5,3,37.5,0,3.9,37.5,20.83,2.6,0,"2023-2024"
"BAY","RMB","20_1","Regular Season","Facundo  Campazzo",24,8,1,5,20,2,4,50,0,0,NA,3,4,7,3,3,5,0,0,1,4,13,"A","W",92,35,26,15,19,13,15,19,7,22,29,10,13,4,11,119,92,35,26,15,19,13,15,19,7,22,29,10,13,4,11,119,0.89,10.6,75.5,0.04,28.3,0.6,44.4,0,5.9,44.4,47.17,5.8,21.4,"2023-2024"
"BAY","RMB","20_1","Regular Season","Hugo  Gonzalez",2,2,0,0,NA,0,0,NA,2,2,100,0,0,0,1,0,0,0,0,0,1,4,"A","W",92,35,26,15,19,13,15,19,7,22,29,10,13,4,11,119,92,35,26,15,19,13,15,19,7,22,29,10,13,4,11,119,1,0.8,250,0.02,125,Inf,NA,Inf,2.7,113.6,0,4.4,0,"2023-2024"
"BAY","RMB","20_1","Regular Season","Vincent  Poirier",21,18,5,6,83.3,1,1,100,5,5,100,2,1,3,0,1,1,1,0,1,3,23,"A","W",92,35,26,15,19,13,15,19,7,22,29,10,13,4,11,119,92,35,26,15,19,13,15,19,7,22,29,10,13,4,11,119,1.5,7.9,227.8,0.1,0,0,92.9,0.71,17.5,97.8,12.66,4.8,14.3,"2023-2024"
"BAY","RMB","20_1","Regular Season","Sergio  Llull",17,13,2,4,50,3,4,75,0,0,NA,0,1,1,4,0,1,0,0,0,0,14,"A","W",92,35,26,15,19,13,15,19,7,22,29,10,13,4,11,119,92,35,26,15,19,13,15,19,7,22,29,10,13,4,11,119,1.62,8.6,151.2,0.07,46.5,4,81.2,0,11.5,81.2,11.63,5.3,0,"2023-2024"
"BAY","RMB","20_1","Regular Season","Guerschon  Yabusele",17,0,0,0,NA,0,0,NA,0,0,NA,0,2,2,0,0,1,0,0,0,1,2,"A","W",92,35,26,15,19,13,15,19,7,22,29,10,13,4,11,119,92,35,26,15,19,13,15,19,7,22,29,10,13,4,11,119,NA,1,0,0.01,0,0,NA,NA,-0.4,NA,100,0.6,0,"2023-2024"
"RMB","BAY","20_1","Regular Season","Carsen  Edwards",22,4,2,5,40,0,2,0,0,0,NA,1,2,3,3,0,3,0,2,3,3,0,"H","L",71,42,21,1,20,10,1,15,6,20,26,9,17,2,20,60,71,42,21,1,20,10,1,15,6,20,26,9,17,2,20,60,0.57,8.6,46.5,-0.02,34.9,1,28.6,0,-0.9,28.6,34.88,4.5,8.3,"2023-2024"
"RMB","BAY","20_1","Regular Season","Isaac  Bonga",18,0,0,1,0,0,1,0,0,0,NA,0,3,3,3,1,1,0,0,3,2,3,"H","L",71,42,21,1,20,10,1,15,6,20,26,9,17,2,20,60,71,42,21,1,20,10,1,15,6,20,26,9,17,2,20,60,0,2.9,0,0.01,103.4,3,0,0,0.4,0,34.48,1.7,0,"2023-2024"
"RMB","BAY","20_1","Regular Season","Leandro  Bolmaro",16,11,5,10,50,0,1,0,1,1,100,2,3,5,0,2,2,0,1,2,1,8,"H","L",71,42,21,1,20,10,1,15,6,20,26,9,17,2,20,60,71,42,21,1,20,10,1,15,6,20,26,9,17,2,20,60,0.92,11,100,0.07,0,0,45.5,0.09,6.8,48.1,18.18,8.4,16.7,"2023-2024"
"RMB","BAY","20_1","Regular Season","Serge  Ibaka",23,7,2,3,66.7,1,2,50,0,0,NA,0,5,5,1,0,3,2,0,3,2,9,"H","L",71,42,21,1,20,10,1,15,6,20,26,9,17,2,20,60,71,42,21,1,20,10,1,15,6,20,26,9,17,2,20,60,1.4,7.7,90.9,0.06,13,0.3,70,0,4.1,70,38.96,3.5,0,"2023-2024"
"RMB","BAY","20_1","Regular Season","Devin   Booker",24,8,4,6,66.7,0,1,0,0,0,NA,1,2,3,2,1,1,0,0,1,1,10,"H","L",71,42,21,1,20,10,1,15,6,20,26,9,17,2,20,60,71,42,21,1,20,10,1,15,6,20,26,9,17,2,20,60,1.14,6.7,119.4,0.09,29.9,2,57.1,0,7,57.1,14.93,3.3,8.3,"2023-2024"
"RMB","BAY","20_1","Regular Season","Nick  Weiler-Babb",25,6,0,2,0,2,4,50,0,0,NA,0,2,2,1,1,2,0,0,2,0,2,"H","L",71,42,21,1,20,10,1,15,6,20,26,9,17,2,20,60,71,42,21,1,20,10,1,15,6,20,26,9,17,2,20,60,1,7.7,77.9,0.02,13,0.5,50,0,2.1,50,25.97,3.2,0,"2023-2024"
"RMB","BAY","20_1","Regular Season","Sylvain  Francisco",21,14,1,5,20,4,4,100,0,0,NA,0,1,1,3,2,2,0,1,1,2,14,"H","L",71,42,21,1,20,10,1,15,6,20,26,9,17,2,20,60,71,42,21,1,20,10,1,15,6,20,26,9,17,2,20,60,1.56,10.6,132.1,0.13,28.3,1.5,77.8,0,11.7,77.8,18.87,5.2,0,"2023-2024"
"RMB","BAY","20_1","Regular Season","Vladimir  Lucic",18,5,1,3,33.3,1,2,50,0,0,NA,0,0,0,2,0,1,0,0,3,0,0,"H","L",71,42,21,1,20,10,1,15,6,20,26,9,17,2,20,60,71,42,21,1,20,10,1,15,6,20,26,9,17,2,20,60,1,5.8,86.2,0,34.5,2,50,0,1.5,50,17.24,3.3,0,"2023-2024"
"RMB","BAY","20_1","Regular Season","Andreas  Obst",17,8,1,1,100,2,3,66.7,0,0,NA,0,1,1,0,0,0,0,0,0,0,8,"H","L",71,42,21,1,20,10,1,15,6,20,26,9,17,2,20,60,71,42,21,1,20,10,1,15,6,20,26,9,17,2,20,60,2,3.8,210.5,0.08,0,NA,100,0,6.7,100,0,2.3,0,"2023-2024"
"RMB","BAY","20_1","Regular Season","Danko   Brankovic",14,8,4,6,66.7,0,1,0,0,0,NA,2,1,3,0,2,2,0,0,2,0,6,"H","L",71,42,21,1,20,10,1,15,6,20,26,9,17,2,20,60,71,42,21,1,20,10,1,15,6,20,26,9,17,2,20,60,1.14,6.7,119.4,0.05,0,0,57.1,0,5.6,57.1,29.85,6.4,16.7,"2023-2024"
"BER","MIL","20_2","Regular Season","Alex  Poythress",6,0,0,0,NA,0,0,NA,0,0,NA,1,0,1,0,0,1,0,0,1,0,-1,"H","W",82,40,23,12,19,12,8,15,8,21,29,6,6,3,16,93,82,40,23,12,19,12,8,15,8,21,29,6,6,3,16,93,NA,0,NA,-0.01,NA,0,NA,NA,-0.7,NA,Inf,1.8,6.2,"2023-2024"
"BER","MIL","20_2","Regular Season","Nicolo  Melli",25,16,6,9,66.7,1,3,33.3,1,2,50,0,4,4,0,1,1,1,0,2,4,17,"H","W",82,40,23,12,19,12,8,15,8,21,29,6,6,3,16,93,82,40,23,12,19,12,8,15,8,21,29,6,6,3,16,93,1.14,13.3,120.3,0.09,0,0,62.5,0.17,11.1,62.1,7.52,6,0,"2023-2024"
"BER","MIL","20_2","Regular Season","Shabazz  Napier",29,13,2,9,22.2,2,6,33.3,3,4,75,0,2,2,5,2,2,0,0,0,5,13,"H","W",82,40,23,12,19,12,8,15,8,21,29,6,6,3,16,93,82,40,23,12,19,12,8,15,8,21,29,6,6,3,16,93,0.68,18,72.2,0.06,27.8,2.5,33.3,0.27,7.8,38.8,11.11,7,0,"2023-2024"
"BER","MIL","20_2","Regular Season","Diego  Flaccadori",23,14,2,5,40,3,5,60,1,1,100,0,3,3,0,0,0,0,0,4,2,10,"H","W",82,40,23,12,19,12,8,15,8,21,29,6,6,3,16,93,82,40,23,12,19,12,8,15,8,21,29,6,6,3,16,93,1.27,10,140,0.06,0,NA,65,0.1,8.3,67,0,4.9,0,"2023-2024"
"BER","MIL","20_2","Regular Season","Devon  Hall",30,14,3,3,100,2,3,66.7,2,3,66.7,1,2,3,1,3,0,0,0,1,2,20,"H","W",82,40,23,12,19,12,8,15,8,21,29,6,6,3,16,93,82,40,23,12,19,12,8,15,8,21,29,6,6,3,16,93,1.56,6.1,229.5,0.12,16.4,Inf,100,0.5,16,95.6,0,2.6,6.2,"2023-2024"
"BER","MIL","20_2","Regular Season","Giordano  Bortolani",22,12,3,5,60,2,4,50,0,0,NA,0,2,2,2,0,0,1,0,0,1,14,"H","W",82,40,23,12,19,12,8,15,8,21,29,6,6,3,16,93,82,40,23,12,19,12,8,15,8,21,29,6,6,3,16,93,1.33,8.6,139.5,0.09,23.3,Inf,66.7,0,10.4,66.7,0,4.4,0,"2023-2024"
"BER","MIL","20_2","Regular Season","Stefano  Tonut",12,5,1,2,50,1,1,100,0,0,NA,0,0,0,1,0,1,0,0,0,0,4,"H","W",82,40,23,12,19,12,8,15,8,21,29,6,6,3,16,93,82,40,23,12,19,12,8,15,8,21,29,6,6,3,16,93,1.67,3.8,131.6,0.03,26.3,1,83.3,0,3.4,83.3,26.32,3.6,0,"2023-2024"
"BER","MIL","20_2","Regular Season","Giampaolo  Ricci",9,0,0,0,NA,0,0,NA,0,0,NA,0,1,1,0,0,0,0,0,2,0,-1,"H","W",82,40,23,12,19,12,8,15,8,21,29,6,6,3,16,93,82,40,23,12,19,12,8,15,8,21,29,6,6,3,16,93,NA,0,NA,-0.01,NA,NA,NA,NA,-0.5,NA,NA,0,0,"2023-2024"
"BER","MIL","20_2","Regular Season","Kyle  Hines",21,2,1,4,25,0,0,NA,0,0,NA,4,1,5,4,0,0,1,0,3,1,7,"H","W",82,40,23,12,19,12,8,15,8,21,29,6,6,3,16,93,82,40,23,12,19,12,8,15,8,21,29,6,6,3,16,93,0.5,0,Inf,0.02,Inf,Inf,25,0,5,25,NA,2.1,25,"2023-2024"
"BER","MIL","20_2","Regular Season","Johannes  Voigtmann",22,6,1,3,33.3,1,1,100,1,2,50,2,6,8,2,0,1,0,0,3,1,10,"H","W",82,40,23,12,19,12,8,15,8,21,29,6,6,3,16,93,82,40,23,12,19,12,8,15,8,21,29,6,6,3,16,93,1,3.7,162.2,0.06,54.1,2,62.5,0.5,6,61.5,27.03,2.9,12.5,"2023-2024"
"MIL","BER","20_2","Regular Season","Sterling  Brown",28,12,0,1,0,4,6,66.7,0,0,NA,0,4,4,3,0,2,0,1,2,1,12,"A","L",76,35,27,7,19,11,5,16,8,23,31,2,10,0,16,78,76,35,27,7,19,11,5,16,8,23,31,2,10,0,16,78,1.71,8.6,139.5,0.1,34.9,1.5,85.7,0,9.2,85.7,23.26,3.4,0,"2023-2024"
"MIL","BER","20_2","Regular Season","Matteo  Spagnolo",26,8,4,8,50,0,1,0,0,0,NA,0,5,5,7,0,1,0,0,4,2,12,"A","L",76,35,27,7,19,11,5,16,8,23,31,2,10,0,16,78,76,35,27,7,19,11,5,16,8,23,31,2,10,0,16,78,0.89,9.6,83.3,0.08,72.9,7,44.4,0,7.1,44.4,10.42,4.1,0,"2023-2024"
"MIL","BER","20_2","Regular Season","Yannick  Wetzell",22,10,5,7,71.4,0,1,0,0,0,NA,0,2,2,1,0,0,0,1,0,1,10,"A","L",76,35,27,7,19,11,5,16,8,23,31,2,10,0,16,78,76,35,27,7,19,11,5,16,8,23,31,2,10,0,16,78,1.25,7.7,129.9,0.08,13,Inf,62.5,0,7.7,62.5,0,3.9,0,"2023-2024"
"MIL","BER","20_2","Regular Season","Tim  Schneider",16,6,1,2,50,1,3,33.3,1,2,50,2,1,3,0,0,1,0,0,1,2,5,"A","L",76,35,27,7,19,11,5,16,8,23,31,2,10,0,16,78,76,35,27,7,19,11,5,16,8,23,31,2,10,0,16,78,0.86,4.7,127.7,0.02,0,0,50,0.4,3.2,51,21.28,4.6,12.5,"2023-2024"
"MIL","BER","20_2","Regular Season","Matt  Thomas",28,4,2,4,50,0,4,0,0,0,NA,1,0,1,1,0,1,0,0,2,0,-3,"A","L",76,35,27,7,19,11,5,16,8,23,31,2,10,0,16,78,76,35,27,7,19,11,5,16,8,23,31,2,10,0,16,78,0.5,7.7,51.9,-0.03,13,1,25,0,-1.2,25,12.99,3.4,6.2,"2023-2024"
"MIL","BER","20_2","Regular Season","Gabriele  Procida",15,10,3,4,75,1,3,33.3,1,1,100,1,1,2,0,0,2,0,0,0,1,8,"A","L",76,35,27,7,19,11,5,16,8,23,31,2,10,0,16,78,76,35,27,7,19,11,5,16,8,23,31,2,10,0,16,78,1.25,8.1,123.5,0.05,0,0,64.3,0.14,5.7,67.2,24.69,6.7,6.2,"2023-2024"
"MIL","BER","20_2","Regular Season","Malte  Delow",14,9,0,1,0,3,5,60,0,0,NA,1,1,2,0,1,3,0,0,4,2,4,"A","L",76,35,27,7,19,11,5,16,8,23,31,2,10,0,16,78,76,35,27,7,19,11,5,16,8,23,31,2,10,0,16,78,1.5,7.7,116.9,0.01,0,0,75,0,3.4,75,38.96,6.8,6.2,"2023-2024"
"MIL","BER","20_2","Regular Season","Jonas  Mattisseck",9,0,0,0,NA,0,1,0,0,0,NA,0,0,0,1,0,0,0,0,1,0,-1,"A","L",76,35,27,7,19,11,5,16,8,23,31,2,10,0,16,78,76,35,27,7,19,11,5,16,8,23,31,2,10,0,16,78,0,1,0,-0.01,100,Inf,0,0,-0.4,0,0,1.2,0,"2023-2024"
"MIL","BER","20_2","Regular Season","Christ  Koumadje",17,4,1,1,100,0,0,NA,2,2,100,2,4,6,0,1,0,0,0,1,2,12,"A","L",76,35,27,7,19,11,5,16,8,23,31,2,10,0,16,78,76,35,27,7,19,11,5,16,8,23,31,2,10,0,16,78,1.33,-0.1,-4000,0.07,0,NA,100,2,6.9,106.4,0,1.2,12.5,"2023-2024"
"MIL","BER","20_2","Regular Season","Johannes  Thiemann",24,13,3,7,42.9,2,3,66.7,1,2,50,1,5,6,3,0,0,0,1,1,5,19,"A","L",76,35,27,7,19,11,5,16,8,23,31,2,10,0,16,78,76,35,27,7,19,11,5,16,8,23,31,2,10,0,16,78,1.08,9.5,136.8,0.12,31.6,Inf,60,0.2,11.5,59.7,0,4.8,6.2,"2023-2024"
"ASM","BAS","20_3","Regular Season","Sander  Raieste",4,2,1,2,50,0,1,0,0,0,NA,0,1,1,0,0,0,0,0,2,0,-1,"A","L",83,39,19,19,21,10,11,20,7,25,32,4,17,4,21,89,83,39,19,19,21,10,11,20,7,25,32,4,17,4,21,89,0.67,2.9,69,-0.01,0,NA,33.3,0,-0.2,33.3,0,7.2,0,"2023-2024"
"ASM","BAS","20_3","Regular Season","Tadas  Sedekerskis",21,11,4,5,80,1,1,100,0,0,NA,1,1,2,0,0,2,0,0,2,1,9,"A","L",83,39,19,19,21,10,11,20,7,25,32,4,17,4,21,89,83,39,19,19,21,10,11,20,7,25,32,4,17,4,21,89,1.83,6.7,164.2,0.06,0,0,91.7,0,7,91.7,29.85,3.7,7.1,"2023-2024"
"ASM","BAS","20_3","Regular Season","Vanja  Marinkovic",34,6,0,1,0,2,3,66.7,0,0,NA,1,2,3,0,1,2,0,0,3,3,6,"A","L",83,39,19,19,21,10,11,20,7,25,32,4,17,4,21,89,83,39,19,19,21,10,11,20,7,25,32,4,17,4,21,89,1.5,4.8,125,0.02,0,0,75,0,3.1,75,41.67,1.7,7.1,"2023-2024"
"ASM","BAS","20_3","Regular Season","Codi  Miller-McIntyre",25,2,1,2,50,0,1,0,0,2,0,0,3,3,11,0,2,0,0,3,3,10,"A","L",83,39,19,19,21,10,11,20,7,25,32,4,17,4,21,89,83,39,19,19,21,10,11,20,7,25,32,4,17,4,21,89,0.4,5.6,35.7,0.05,196.4,5.5,33.3,0.67,4.9,25.8,35.71,2.3,0,"2023-2024"
"ASM","BAS","20_3","Regular Season","Maik  Kotsar",23,11,5,8,62.5,0,0,NA,1,5,20,2,6,8,2,0,1,2,0,3,5,17,"A","L",83,39,19,19,21,10,11,20,7,25,32,4,17,4,21,89,83,39,19,19,21,10,11,20,7,25,32,4,17,4,21,89,0.85,8.8,125,0.08,22.7,2,62.5,0.62,9.6,53.9,11.36,4.7,14.3,"2023-2024"
"ASM","BAS","20_3","Regular Season","Markus  Howard",29,33,6,10,60,5,9,55.6,6,6,100,0,0,0,0,0,0,0,1,2,3,25,"A","L",83,39,19,19,21,10,11,20,7,25,32,4,17,4,21,89,83,39,19,19,21,10,11,20,7,25,32,4,17,4,21,89,1.32,20.8,158.7,0.18,0,NA,71.1,0.32,23.3,76.2,0,7.2,0,"2023-2024"
"ASM","BAS","20_3","Regular Season","Christopher  Chiozza",15,7,1,2,50,1,1,100,2,2,100,0,1,1,3,1,2,0,0,2,1,8,"A","L",83,39,19,19,21,10,11,20,7,25,32,4,17,4,21,89,83,39,19,19,21,10,11,20,7,25,32,4,17,4,21,89,1.4,5.6,125,0.05,53.6,1.5,83.3,0.67,6.3,90.2,35.71,3.8,0,"2023-2024"
"ASM","BAS","20_3","Regular Season","Daniel  Diez",1,0,0,0,NA,0,0,NA,0,0,NA,0,0,0,0,0,1,0,0,1,0,-2,"A","L",83,39,19,19,21,10,11,20,7,25,32,4,17,4,21,89,83,39,19,19,21,10,11,20,7,25,32,4,17,4,21,89,NA,1,0,-0.02,0,0,NA,NA,-1.4,NA,100,9.6,0,"2023-2024"
"ASM","BAS","20_3","Regular Season","Matthew  Costello",15,5,1,2,50,1,2,50,0,0,NA,0,1,1,1,0,4,0,0,2,1,0,"A","L",83,39,19,19,21,10,11,20,7,25,32,4,17,4,21,89,83,39,19,19,21,10,11,20,7,25,32,4,17,4,21,89,1.25,7.7,64.9,-0.01,13,0.2,62.5,0,-0.8,62.5,51.95,5.1,0,"2023-2024"
"ASM","BAS","20_3","Regular Season","Chima  Moneke",31,6,2,7,28.6,0,1,0,2,4,50,3,10,13,3,2,3,2,1,1,4,17,"A","L",83,39,19,19,21,10,11,20,7,25,32,4,17,4,21,89,83,39,19,19,21,10,11,20,7,25,32,4,17,4,21,89,0.5,9.4,63.8,0.09,31.9,1,25,0.5,7.6,30.7,31.91,4,21.4,"2023-2024"
"BAS","ASM","20_3","Regular Season","Jordan  Loyd",21,2,1,6,16.7,0,1,0,0,2,0,1,2,3,3,0,0,0,2,3,3,-2,"H","W",93,52,24,11,26,11,8,19,8,17,25,7,5,2,22,94,93,52,24,11,26,11,8,19,8,17,25,7,5,2,22,94,0.22,6.6,30.3,-0.02,45.5,Inf,14.3,0.29,-1.1,12.7,0,3.5,6.2,"2023-2024"
"BAS","ASM","20_3","Regular Season","Petr  Cornelie",5,3,0,1,0,1,1,100,0,0,NA,0,1,1,1,0,0,0,0,1,0,3,"H","W",93,52,24,11,26,11,8,19,8,17,25,7,5,2,22,94,93,52,24,11,26,11,8,19,8,17,25,7,5,2,22,94,1.5,1.9,157.9,0.02,52.6,Inf,75,0,2.6,75,0,3.7,0,"2023-2024"
"BAS","ASM","20_3","Regular Season","Donatas  Motiejunas",16,13,5,6,83.3,1,2,50,0,0,NA,0,4,4,0,0,2,1,0,4,4,14,"H","W",93,52,24,11,26,11,8,19,8,17,25,7,5,2,22,94,93,52,24,11,26,11,8,19,8,17,25,7,5,2,22,94,1.62,9.6,135.4,0.07,0,0,81.2,0,8.1,81.2,20.83,5.8,0,"2023-2024"
"BAS","ASM","20_3","Regular Season","Yakuba  Ouattara",23,12,0,2,0,4,8,50,0,0,NA,1,0,1,0,0,0,0,0,3,0,4,"H","W",93,52,24,11,26,11,8,19,8,17,25,7,5,2,22,94,93,52,24,11,26,11,8,19,8,17,25,7,5,2,22,94,1.2,8.6,139.5,0.02,0,NA,60,0,6.1,60,0,4.1,6.2,"2023-2024"
"BAS","ASM","20_3","Regular Season","Mike  James",33,26,5,12,41.7,4,7,57.1,4,5,80,0,3,3,7,0,0,0,0,3,6,28,"H","W",93,52,24,11,26,11,8,19,8,17,25,7,5,2,22,94,93,52,24,11,26,11,8,19,8,17,25,7,5,2,22,94,1.08,20.4,127.5,0.15,34.3,Inf,57.9,0.26,20.5,61.3,0,6,0,"2023-2024"
"BAS","ASM","20_3","Regular Season","John  Brown III",26,4,2,3,66.7,0,0,NA,0,0,NA,2,3,5,3,3,2,0,0,3,3,12,"H","W",93,52,24,11,26,11,8,19,8,17,25,7,5,2,22,94,93,52,24,11,26,11,8,19,8,17,25,7,5,2,22,94,1.33,2.9,137.9,0.06,103.4,1.5,66.7,0,6.9,66.7,68.97,1.8,12.5,"2023-2024"
"BAS","ASM","20_3","Regular Season","Jaron  Blossomgame",17,8,4,5,80,0,2,0,0,0,NA,1,2,3,0,2,0,0,0,2,0,8,"H","W",93,52,24,11,26,11,8,19,8,17,25,7,5,2,22,94,93,52,24,11,26,11,8,19,8,17,25,7,5,2,22,94,1.14,5.8,137.9,0.05,0,NA,57.1,0,7.2,57.1,0,3.8,6.2,"2023-2024"
"BAS","ASM","20_3","Regular Season","Alpha  Diallo",23,12,4,6,66.7,0,0,NA,4,4,100,1,0,1,0,0,0,1,0,3,3,12,"H","W",93,52,24,11,26,11,8,19,8,17,25,7,5,2,22,94,93,52,24,11,26,11,8,19,8,17,25,7,5,2,22,94,1.2,6.5,184.6,0.06,0,NA,66.7,0.67,9.6,77.3,0,3.1,6.2,"2023-2024"
"BAS","ASM","20_3","Regular Season","Mouhammadou  Jaiteh",15,8,4,7,57.1,0,0,NA,0,0,NA,2,2,4,1,0,1,0,0,0,0,9,"H","W",93,52,24,11,26,11,8,19,8,17,25,7,5,2,22,94,93,52,24,11,26,11,8,19,8,17,25,7,5,2,22,94,1.14,5.8,137.9,0.06,17.2,1,57.1,0,6.4,57.1,17.24,5,12.5,"2023-2024"
"BAS","ASM","20_3","Regular Season","Kemba  Walker",13,5,1,4,25,1,2,50,0,0,NA,0,0,0,4,2,0,0,1,0,2,8,"H","W",93,52,24,11,26,11,8,19,8,17,25,7,5,2,22,94,93,52,24,11,26,11,8,19,8,17,25,7,5,2,22,94,0.83,5.8,86.2,0.05,69,Inf,41.7,0,6.4,41.7,0,4.3,0,"2023-2024"
"BAS","ASM","20_3","Regular Season","Matthew  Strazel",6,0,0,0,NA,0,1,0,0,0,NA,0,0,0,0,0,0,0,1,0,0,-2,"H","W",93,52,24,11,26,11,8,19,8,17,25,7,5,2,22,94,93,52,24,11,26,11,8,19,8,17,25,7,5,2,22,94,0,1,0,-0.01,0,NA,0,0,-0.7,0,0,1.6,0,"2023-2024"
"EFE","PAN","20_4","Regular Season","Jerian  Grant",36,6,0,3,0,2,4,50,0,0,NA,0,1,1,5,1,1,0,0,3,2,6,"H","W",83,28,23,17,15,13,14,23,2,23,25,5,9,1,16,104,83,28,23,17,15,13,14,23,2,23,25,5,9,1,16,104,0.86,7.7,77.9,0.02,64.9,5,42.9,0,4.5,42.9,12.99,2.6,0,"2023-2024"
"EFE","PAN","20_4","Regular Season","Kendrick  Nunn",25,14,6,12,50,0,3,0,2,2,100,0,2,2,3,1,4,0,1,3,1,4,"H","W",83,28,23,17,15,13,14,23,2,23,25,5,9,1,16,104,83,28,23,17,15,13,14,23,2,23,25,5,9,1,16,104,0.82,19.1,73.3,0.02,15.7,0.8,40,0.13,4.4,44.1,20.94,9.4,0,"2023-2024"
"EFE","PAN","20_4","Regular Season","Mathias  Lessort",30,10,3,4,75,0,0,NA,4,7,57.1,1,5,6,2,0,1,0,0,1,8,20,"H","W",83,28,23,17,15,13,14,23,2,23,25,5,9,1,16,104,83,28,23,17,15,13,14,23,2,23,25,5,9,1,16,104,0.91,6.8,147.1,0.07,29.4,2,75,1.75,9.4,70.6,14.71,3.2,25,"2023-2024"
"EFE","PAN","20_4","Regular Season","Marius  Grigonis",35,24,1,3,33.3,7,9,77.8,1,1,100,1,3,4,3,1,0,0,0,3,3,28,"H","W",83,28,23,17,15,13,14,23,2,23,25,5,9,1,16,104,83,28,23,17,15,13,14,23,2,23,25,5,9,1,16,104,1.85,11,218.2,0.14,27.3,Inf,95.8,0.08,22.3,96.5,0,4.2,25,"2023-2024"
"EFE","PAN","20_4","Regular Season","Konstantinos  Mitoglou",36,14,2,3,66.7,2,3,66.7,4,4,100,0,7,7,1,0,2,0,0,2,4,20,"H","W",83,28,23,17,15,13,14,23,2,23,25,5,9,1,16,104,83,28,23,17,15,13,14,23,2,23,25,5,9,1,16,104,1.4,9.4,148.9,0.09,10.6,0.5,83.3,0.67,11.4,90.2,21.28,3.2,0,"2023-2024"
"EFE","PAN","20_4","Regular Season","Panagiotis  Kalaitzakis",2,0,0,0,NA,0,0,NA,0,0,NA,0,0,0,0,0,0,0,0,0,0,0,"H","W",83,28,23,17,15,13,14,23,2,23,25,5,9,1,16,104,83,28,23,17,15,13,14,23,2,23,25,5,9,1,16,104,NA,0,NA,0,NA,NA,NA,NA,0,NA,NA,0,0,"2023-2024"
"EFE","PAN","20_4","Regular Season","Kostas  Sloukas",22,9,0,0,NA,2,4,50,3,3,100,0,1,1,9,0,0,0,1,1,1,16,"H","W",83,28,23,17,15,13,14,23,2,23,25,5,9,1,16,104,83,28,23,17,15,13,14,23,2,23,25,5,9,1,16,104,1.29,5.1,176.5,0.09,176.5,Inf,75,0.75,13.2,84.6,0,2.9,0,"2023-2024"
"EFE","PAN","20_4","Regular Season","Kostas  Antetokounmpo",10,6,3,3,100,0,0,NA,0,0,NA,0,4,4,0,2,0,1,0,2,1,12,"H","W",83,28,23,17,15,13,14,23,2,23,25,5,9,1,16,104,83,28,23,17,15,13,14,23,2,23,25,5,9,1,16,104,2,2.9,206.9,0.06,0,NA,100,0,8.2,100,0,3.6,0,"2023-2024"
"EFE","PAN","20_4","Regular Season","Juan  Hernangomez",4,0,0,0,NA,0,0,NA,0,0,NA,0,0,0,0,0,1,0,0,1,0,-2,"H","W",83,28,23,17,15,13,14,23,2,23,25,5,9,1,16,104,83,28,23,17,15,13,14,23,2,23,25,5,9,1,16,104,NA,1,0,-0.01,0,0,NA,NA,-1.4,NA,100,3,0,"2023-2024"
"PAN","EFE","20_4","Regular Season","Shane  Larkin",33,9,1,3,33.3,2,6,33.3,1,1,100,0,5,5,3,1,1,0,0,0,5,16,"A","L",76,31,34,11,13,14,8,18,14,18,32,3,8,2,21,75,76,31,34,11,13,14,8,18,14,18,32,3,8,2,21,75,0.9,10,90,0.1,30,3,44.4,0.11,7.5,47.7,10,3.3,0,"2023-2024"
"PAN","EFE","20_4","Regular Season","Elijah  Bryant",32,12,5,8,62.5,0,1,0,2,2,100,5,3,8,4,2,0,1,0,3,3,23,"A","L",76,31,34,11,13,14,8,18,14,18,32,3,8,2,21,75,76,31,34,11,13,14,8,18,14,18,32,3,8,2,21,75,1.09,4.7,255.3,0.16,85.1,Inf,55.6,0.22,16.4,60.7,0,3.2,17.9,"2023-2024"
"PAN","EFE","20_4","Regular Season","Darius  Thompson",30,8,1,3,33.3,1,4,25,3,3,100,0,1,1,5,0,0,0,0,1,3,11,"A","L",76,31,34,11,13,14,8,18,14,18,32,3,8,2,21,75,76,31,34,11,13,14,8,18,14,18,32,3,8,2,21,75,0.8,8,100,0.08,62.5,Inf,35.7,0.43,7.3,48.1,0,2.9,0,"2023-2024"
"PAN","EFE","20_4","Regular Season","Tibor  Pleiss",29,13,2,8,25,3,6,50,0,0,NA,6,5,11,2,0,1,0,1,4,0,11,"A","L",76,31,34,11,13,14,8,18,14,18,32,3,8,2,21,75,76,31,34,11,13,14,8,18,14,18,32,3,8,2,21,75,0.93,8.6,151.2,0.08,23.3,2,46.4,0,9.7,46.4,11.63,5.3,21.4,"2023-2024"
"PAN","EFE","20_4","Regular Season","Mike  Daum",12,5,1,1,100,1,3,33.3,0,0,NA,0,0,0,0,0,0,0,0,4,0,-1,"A","L",76,31,34,11,13,14,8,18,14,18,32,3,8,2,21,75,76,31,34,11,13,14,8,18,14,18,32,3,8,2,21,75,1.25,3.8,131.6,-0.01,0,NA,62.5,0,1.4,62.5,0,3.4,0,"2023-2024"
"PAN","EFE","20_4","Regular Season","Rodrigue  Beaubois",21,16,1,5,20,4,7,57.1,2,3,66.7,2,2,4,1,0,3,1,0,3,3,11,"A","L",76,31,34,11,13,14,8,18,14,18,32,3,8,2,21,75,76,31,34,11,13,14,8,18,14,18,32,3,8,2,21,75,1.07,13.7,116.8,0.06,7.3,0.3,58.3,0.25,8.4,60.1,21.9,8,7.1,"2023-2024"
"PAN","EFE","20_4","Regular Season","Erten  Gazi",3,0,0,0,NA,0,0,NA,0,0,NA,0,0,0,1,0,0,0,0,0,0,1,"A","L",76,31,34,11,13,14,8,18,14,18,32,3,8,2,21,75,76,31,34,11,13,14,8,18,14,18,32,3,8,2,21,75,NA,0,NA,0.01,Inf,Inf,NA,NA,0.7,NA,NA,0,0,"2023-2024"
"PAN","EFE","20_4","Regular Season","Justus  Hollatz",3,0,0,1,0,0,1,0,0,0,NA,0,0,0,0,0,0,0,0,0,0,-2,"A","L",76,31,34,11,13,14,8,18,14,18,32,3,8,2,21,75,76,31,34,11,13,14,8,18,14,18,32,3,8,2,21,75,0,1.9,0,-0.02,0,NA,0,0,-1.4,0,0,6.9,0,"2023-2024"
"PAN","EFE","20_4","Regular Season","Daniel  Oturu",7,4,2,2,100,0,0,NA,0,2,0,0,2,2,0,0,1,0,0,4,1,0,"A","L",76,31,34,11,13,14,8,18,14,18,32,3,8,2,21,75,76,31,34,11,13,14,8,18,14,18,32,3,8,2,21,75,1,3.7,108.1,-0.01,0,0,100,1,0.6,69.4,27.03,5.7,0,"2023-2024"
"PAN","EFE","20_4","Regular Season","Derek  Willis",28,9,0,0,NA,3,6,50,0,0,NA,1,0,1,2,0,2,0,0,2,0,5,"A","L",76,31,34,11,13,14,8,18,14,18,32,3,8,2,21,75,76,31,34,11,13,14,8,18,14,18,32,3,8,2,21,75,1.5,6.7,134.3,0.04,29.9,1,75,0,5.3,75,29.85,2.9,3.6,"2023-2024"
"FEN","PAR","20_5","Regular Season","Tristan  Vukcevic",2,0,0,0,NA,0,0,NA,0,0,NA,0,0,0,0,0,0,0,0,0,0,0,"A","L",76,35,22,23,15,9,19,12,5,18,23,7,11,3,20,71,76,35,22,23,15,9,19,12,5,18,23,7,11,3,20,71,NA,0,NA,0,NA,NA,NA,NA,0,NA,NA,0,0,"2023-2024"
"FEN","PAR","20_5","Regular Season","Kevin  Punter",36,18,5,13,38.5,1,3,33.3,5,6,83.3,0,4,4,1,1,1,1,2,3,6,14,"A","L",76,35,22,23,15,9,19,12,5,18,23,7,11,3,20,71,76,35,22,23,15,9,19,12,5,18,23,7,11,3,20,71,0.82,18.9,95.2,0.1,5.3,1,40.6,0.38,10.2,48.3,5.29,5.6,0,"2023-2024"
"FEN","PAR","20_5","Regular Season","James  Nunnally",31,14,2,6,33.3,2,3,66.7,4,4,100,0,1,1,0,0,1,1,1,3,2,8,"A","L",76,35,22,23,15,9,19,12,5,18,23,7,11,3,20,71,76,35,22,23,15,9,19,12,5,18,23,7,11,3,20,71,1.08,11.3,123.9,0.07,0,0,55.6,0.44,8.1,65.1,8.85,3.9,0,"2023-2024"
"FEN","PAR","20_5","Regular Season","P.J.  Dozier",21,4,2,3,66.7,0,1,0,0,0,NA,0,1,1,6,1,2,1,0,4,1,6,"A","L",76,35,22,23,15,9,19,12,5,18,23,7,11,3,20,71,76,35,22,23,15,9,19,12,5,18,23,7,11,3,20,71,1,5.8,69,0.05,103.4,3,50,0,4.6,50,34.48,2.9,0,"2023-2024"
"FEN","PAR","20_5","Regular Season","Bruno  Caboclo",23,13,0,1,0,3,4,75,4,6,66.7,2,2,4,1,3,2,0,0,4,4,15,"A","L",76,35,22,23,15,9,19,12,5,18,23,7,11,3,20,71,76,35,22,23,15,9,19,12,5,18,23,7,11,3,20,71,1.18,7.3,178.1,0.1,13.7,0.5,90,1.2,12,85.1,27.4,4.3,20,"2023-2024"
"FEN","PAR","20_5","Regular Season","Jaleen  Smith",28,11,2,5,40,1,6,16.7,4,4,100,0,1,1,2,0,0,0,1,3,5,7,"A","L",76,35,22,23,15,9,19,12,5,18,23,7,11,3,20,71,76,35,22,23,15,9,19,12,5,18,23,7,11,3,20,71,0.73,12.2,90.2,0.03,16.4,Inf,31.8,0.36,5,43.1,0,4.7,0,"2023-2024"
"FEN","PAR","20_5","Regular Season","Zach  LeDay",26,1,0,1,0,0,2,0,1,2,50,2,4,6,2,0,4,0,0,0,1,2,"A","L",76,35,22,23,15,9,19,12,5,18,23,7,11,3,20,71,76,35,22,23,15,9,19,12,5,18,23,7,11,3,20,71,0.2,5.6,17.9,0,35.7,0.5,0,0.67,-1.5,12.9,71.43,3.1,20,"2023-2024"
"FEN","PAR","20_5","Regular Season","Uros  Trifunovic",12,5,1,2,50,1,2,50,0,0,NA,1,3,4,0,0,0,0,0,1,1,7,"A","L",76,35,22,23,15,9,19,12,5,18,23,7,11,3,20,71,76,35,22,23,15,9,19,12,5,18,23,7,11,3,20,71,1.25,2.9,172.4,0.06,0,NA,62.5,0,4.2,62.5,0,3.4,10,"2023-2024"
"FEN","PAR","20_5","Regular Season","Danilo  Andjusic",7,3,0,0,NA,1,1,100,0,0,NA,0,1,1,0,0,0,0,0,0,0,4,"A","L",76,35,22,23,15,9,19,12,5,18,23,7,11,3,20,71,76,35,22,23,15,9,19,12,5,18,23,7,11,3,20,71,3,1,300,0.04,0,NA,150,0,3,150,0,1.5,0,"2023-2024"
"FEN","PAR","20_5","Regular Season","Frank  Kaminsky",12,7,3,4,75,0,0,NA,1,1,100,0,1,1,0,2,1,0,0,2,2,8,"A","L",76,35,22,23,15,9,19,12,5,18,23,7,11,3,20,71,76,35,22,23,15,9,19,12,5,18,23,7,11,3,20,71,1.4,5.2,134.6,0.06,0,0,75,0.25,5.9,78.8,19.23,4.6,0,"2023-2024"
"PAR","FEN","20_5","Regular Season","Scottie  Wilbekin",14,0,0,1,0,0,1,0,0,0,NA,0,1,1,2,0,2,0,0,0,1,0,"H","W",91,32,27,15,19,14,11,19,7,22,29,4,11,4,23,100,91,32,27,15,19,14,11,19,7,22,29,4,11,4,23,100,0,3.8,0,-0.01,52.6,1,0,0,-1.7,0,52.63,3,0,"2023-2024"
"PAR","FEN","20_5","Regular Season","Sertac  Sanli",5,4,2,2,100,0,1,0,0,0,NA,0,0,0,0,0,1,0,0,1,1,2,"H","W",91,32,27,15,19,14,11,19,7,22,29,4,11,4,23,100,91,32,27,15,19,14,11,19,7,22,29,4,11,4,23,100,1.33,3.8,105.3,0.01,0,0,66.7,0,1.3,66.7,26.32,8.4,0,"2023-2024"
"PAR","FEN","20_5","Regular Season","Nigel  Hayes-Davis",19,12,3,4,75,1,2,50,3,6,50,3,4,7,1,0,2,0,0,3,5,15,"H","W",91,32,27,15,19,14,11,19,7,22,29,4,11,4,23,100,91,32,27,15,19,14,11,19,7,22,29,4,11,4,23,100,1,7.3,164.4,0.05,13.7,0.5,75,1,9,69.4,27.4,5.8,21.4,"2023-2024"
"PAR","FEN","20_5","Regular Season","Dyshawn  Pierre",22,4,2,2,100,0,0,NA,0,0,NA,1,1,2,1,0,0,0,0,0,1,8,"H","W",91,32,27,15,19,14,11,19,7,22,29,4,11,4,23,100,91,32,27,15,19,14,11,19,7,22,29,4,11,4,23,100,2,1,400,0.04,100,Inf,100,0,5.1,100,0,0.9,7.1,"2023-2024"
"PAR","FEN","20_5","Regular Season","Nick  Calathes",24,9,3,3,100,1,4,25,0,0,NA,0,4,4,7,1,1,1,0,4,0,14,"H","W",91,32,27,15,19,14,11,19,7,22,29,4,11,4,23,100,91,32,27,15,19,14,11,19,7,22,29,4,11,4,23,100,1.29,7.7,116.9,0.09,90.9,7,64.3,0,10.9,64.3,12.99,3.5,0,"2023-2024"
"PAR","FEN","20_5","Regular Season","Johnathan  Motley",6,4,1,2,50,0,0,NA,2,3,66.7,0,0,0,0,0,0,1,0,4,2,1,"H","W",91,32,27,15,19,14,11,19,7,22,29,4,11,4,23,100,91,32,27,15,19,14,11,19,7,22,29,4,11,4,23,100,0.8,3.2,125,-0.01,0,NA,50,1.5,1.7,60.2,0,5.8,0,"2023-2024"
"PAR","FEN","20_5","Regular Season","Georgios  Papagiannis",13,2,1,3,33.3,0,0,NA,0,0,NA,1,3,4,3,0,1,0,0,1,0,5,"H","W",91,32,27,15,19,14,11,19,7,22,29,4,11,4,23,100,91,32,27,15,19,14,11,19,7,22,29,4,11,4,23,100,0.67,2.9,69,0.03,103.4,3,33.3,0,2.6,33.3,34.48,3.2,7.1,"2023-2024"
"PAR","FEN","20_5","Regular Season","Tarik  Biberovic",1,0,0,0,NA,0,0,NA,0,0,NA,0,1,1,0,0,0,0,0,0,0,1,"H","W",91,32,27,15,19,14,11,19,7,22,29,4,11,4,23,100,91,32,27,15,19,14,11,19,7,22,29,4,11,4,23,100,NA,0,NA,0.01,NA,NA,NA,NA,0.3,NA,NA,0,0,"2023-2024"
"PAR","FEN","20_5","Regular Season","Marko  Guduric",24,15,3,6,50,2,3,66.7,3,3,100,0,3,3,1,2,3,0,2,2,3,13,"H","W",91,32,27,15,19,14,11,19,7,22,29,4,11,4,23,100,91,32,27,15,19,14,11,19,7,22,29,4,11,4,23,100,1.25,12.8,117.2,0.08,7.8,0.3,66.7,0.33,10.5,72.7,23.44,5.8,0,"2023-2024"
"PAR","FEN","20_5","Regular Season","Tyler  Dorsey",23,24,3,6,50,5,8,62.5,3,3,100,0,1,1,0,0,0,0,0,1,5,23,"H","W",91,32,27,15,19,14,11,19,7,22,29,4,11,4,23,100,91,32,27,15,19,14,11,19,7,22,29,4,11,4,23,100,1.41,14.7,163.3,0.12,0,NA,75,0.21,17.3,78.3,0,7,0,"2023-2024"
"PAR","FEN","20_5","Regular Season","Yam  Madar",19,3,0,1,0,1,3,33.3,0,0,NA,1,1,2,4,0,1,1,1,4,1,2,"H","W",91,32,27,15,19,14,11,19,7,22,29,4,11,4,23,100,91,32,27,15,19,14,11,19,7,22,29,4,11,4,23,100,0.75,3.8,78.9,0.01,105.3,4,37.5,0,2.5,37.5,26.32,2.7,7.1,"2023-2024"
"PAR","FEN","20_5","Regular Season","Nathan  Sestina",28,14,1,2,50,4,5,80,0,0,NA,1,3,4,0,1,0,1,0,3,1,16,"H","W",91,32,27,15,19,14,11,19,7,22,29,4,11,4,23,100,91,32,27,15,19,14,11,19,7,22,29,4,11,4,23,100,2,5.8,241.4,0.09,0,NA,100,0,13.2,100,0,2.6,7.1,"2023-2024"
"VAL","ZAL","20_6","Regular Season","Keenan  Evans",27,24,1,3,33.3,6,9,66.7,4,4,100,0,2,2,5,2,4,0,0,3,2,23,"A","W",84,32,23,26,17,9,23,12,11,17,28,7,16,1,22,79,84,32,23,26,17,9,23,12,11,17,28,7,16,1,22,79,1.5,17,141.2,0.19,29.4,1.2,83.3,0.33,19.3,87.2,23.53,6.4,0,"2023-2024"
"VAL","ZAL","20_6","Regular Season","Dovydas  Giedraitis",12,6,0,0,NA,0,2,0,6,6,100,0,1,1,0,1,1,0,1,1,3,6,"A","W",84,32,23,26,17,9,23,12,11,17,28,7,16,1,22,79,84,32,23,26,17,9,23,12,11,17,28,7,16,1,22,79,0.75,5.4,111.1,0.04,0,0,0,3,4.5,64.7,18.52,4.6,0,"2023-2024"
"VAL","ZAL","20_6","Regular Season","Rolands  Smits",31,12,3,4,75,1,4,25,3,4,75,4,2,6,3,0,3,0,0,4,3,12,"A","W",84,32,23,26,17,9,23,12,11,17,28,7,16,1,22,79,84,32,23,26,17,9,23,12,11,17,28,7,16,1,22,79,1,8.4,142.9,0.06,35.7,1,56.2,0.5,8.5,61.5,35.71,4,18.2,"2023-2024"
"VAL","ZAL","20_6","Regular Season","Laurynas  Birutis",14,11,5,7,71.4,0,0,NA,1,2,50,1,1,2,1,2,1,0,1,2,2,11,"A","W",84,32,23,26,17,9,23,12,11,17,28,7,16,1,22,79,84,32,23,26,17,9,23,12,11,17,28,7,16,1,22,79,1.22,7.6,144.7,0.08,13.2,1,71.4,0.29,9.6,69.8,13.16,6.2,4.5,"2023-2024"
"VAL","ZAL","20_6","Regular Season","Edgaras  Ulanovas",31,14,4,4,100,0,0,NA,6,6,100,4,4,8,0,0,0,0,0,3,3,22,"A","W",84,32,23,26,17,9,23,12,11,17,28,7,16,1,22,79,84,32,23,26,17,9,23,12,11,17,28,7,16,1,22,79,1.4,2.5,560,0.15,0,NA,100,1.5,15.6,105.4,0,2.1,18.2,"2023-2024"
"VAL","ZAL","20_6","Regular Season","Lukas  Lekavicius",20,4,2,6,33.3,0,2,0,0,0,NA,0,2,2,3,1,2,0,0,2,1,1,"A","W",84,32,23,26,17,9,23,12,11,17,28,7,16,1,22,79,84,32,23,26,17,9,23,12,11,17,28,7,16,1,22,79,0.5,9.6,41.7,0,31.2,1.5,25,0,0.1,25,20.83,4.9,0,"2023-2024"
"VAL","ZAL","20_6","Regular Season","Kevarrius  Hayes",8,0,0,0,NA,0,0,NA,0,0,NA,0,0,0,0,1,1,0,0,3,0,-3,"A","W",84,32,23,26,17,9,23,12,11,17,28,7,16,1,22,79,84,32,23,26,17,9,23,12,11,17,28,7,16,1,22,79,NA,1,0,-0.03,0,0,NA,NA,-1.2,NA,100,1.2,0,"2023-2024"
"VAL","ZAL","20_6","Regular Season","Austin  Hollins",5,0,0,0,NA,0,0,NA,0,0,NA,0,0,0,0,0,0,0,0,0,0,0,"A","W",84,32,23,26,17,9,23,12,11,17,28,7,16,1,22,79,84,32,23,26,17,9,23,12,11,17,28,7,16,1,22,79,NA,0,NA,0,NA,NA,NA,NA,0,NA,NA,0,0,"2023-2024"
"VAL","ZAL","20_6","Regular Season","Edmond  Sumner",10,5,0,3,0,1,3,33.3,2,2,100,1,2,3,0,0,0,0,1,2,2,2,"A","W",84,32,23,26,17,9,23,12,11,17,28,7,16,1,22,79,84,32,23,26,17,9,23,12,11,17,28,7,16,1,22,79,0.62,5.6,89.3,0,0,NA,25,0.33,1.7,36.3,0,6.7,4.5,"2023-2024"
"VAL","ZAL","20_6","Regular Season","Tomas  Dimsa",16,0,0,1,0,0,0,NA,0,0,NA,0,1,1,0,0,1,0,0,1,1,-1,"A","W",84,32,23,26,17,9,23,12,11,17,28,7,16,1,22,79,84,32,23,26,17,9,23,12,11,17,28,7,16,1,22,79,0,1.9,0,-0.02,0,0,0,0,-1.8,0,52.63,1.2,0,"2023-2024"
"VAL","ZAL","20_6","Regular Season","Brady   Manek",25,8,2,4,50,1,3,33.3,1,2,50,1,2,3,0,0,3,1,0,1,3,6,"A","W",84,32,23,26,17,9,23,12,11,17,28,7,16,1,22,79,84,32,23,26,17,9,23,12,11,17,28,7,16,1,22,79,0.89,9.5,84.2,0.02,0,0,50,0.29,2.5,50.8,31.58,4.2,4.5,"2023-2024"
"ZAL","VAL","20_6","Regular Season","Justin  Anderson",16,6,3,3,100,0,0,NA,0,0,NA,1,0,1,1,0,0,0,0,3,0,5,"H","L",79,39,17,23,22,5,20,15,9,18,27,8,15,3,20,85,79,39,17,23,22,5,20,15,9,18,27,8,15,3,20,85,2,1.9,315.8,0.04,52.6,Inf,100,0,5.3,100,0,1.8,5.6,"2023-2024"
"ZAL","VAL","20_6","Regular Season","Xabi  Lopez-Arostegui",12,2,1,2,50,0,1,0,0,0,NA,0,2,2,0,0,0,0,0,0,2,4,"H","L",79,39,17,23,22,5,20,15,9,18,27,8,15,3,20,85,79,39,17,23,22,5,20,15,9,18,27,8,15,3,20,85,0.67,2.9,69,0.02,0,NA,33.3,0,0.9,33.3,0,2.5,0,"2023-2024"
"ZAL","VAL","20_6","Regular Season","Chris  Jones",25,13,2,4,50,2,5,40,3,3,100,0,3,3,4,2,4,0,0,1,2,14,"H","L",79,39,17,23,22,5,20,15,9,18,27,8,15,3,20,85,79,39,17,23,22,5,20,15,9,18,27,8,15,3,20,85,1.08,13.7,94.9,0.1,29.2,1,55.6,0.33,9.6,63,29.2,5.6,0,"2023-2024"
"ZAL","VAL","20_6","Regular Season","Damien  Inglis",22,8,4,7,57.1,0,0,NA,0,0,NA,1,1,2,2,0,2,2,0,2,0,7,"H","L",79,39,17,23,22,5,20,15,9,18,27,8,15,3,20,85,79,39,17,23,22,5,20,15,9,18,27,8,15,3,20,85,1.14,7.7,103.9,0.05,26,1,57.1,0,5.7,57.1,25.97,4,5.6,"2023-2024"
"ZAL","VAL","20_6","Regular Season","Brandon  Davies",25,18,5,10,50,0,0,NA,8,8,100,2,3,5,2,3,2,0,0,2,5,24,"H","L",79,39,17,23,22,5,20,15,9,18,27,8,15,3,20,85,79,39,17,23,22,5,20,15,9,18,27,8,15,3,20,85,1,13,138.5,0.15,15.4,1,50,0.8,16.9,66.6,15.38,6.1,11.1,"2023-2024"
"ZAL","VAL","20_6","Regular Season","Jared  Harper",14,7,2,2,100,1,3,33.3,0,0,NA,0,1,1,2,0,2,0,0,2,1,5,"H","L",79,39,17,23,22,5,20,15,9,18,27,8,15,3,20,85,79,39,17,23,22,5,20,15,9,18,27,8,15,3,20,85,1.4,6.7,104.5,0.03,29.9,1,70,0,3.6,70,29.85,4.9,0,"2023-2024"
"ZAL","VAL","20_6","Regular Season","Nate  Reuvers",15,0,0,0,NA,0,2,0,0,0,NA,0,1,1,0,0,2,1,0,1,0,-3,"H","L",79,39,17,23,22,5,20,15,9,18,27,8,15,3,20,85,79,39,17,23,22,5,20,15,9,18,27,8,15,3,20,85,0,3.8,0,-0.03,0,0,0,0,-2.8,0,52.63,2.6,0,"2023-2024"
"ZAL","VAL","20_6","Regular Season","Jaime  Pradilla",12,4,1,1,100,0,0,NA,2,2,100,1,2,3,0,2,1,0,0,2,3,9,"H","L",79,39,17,23,22,5,20,15,9,18,27,8,15,3,20,85,79,39,17,23,22,5,20,15,9,18,27,8,15,3,20,85,1.33,1.8,222.2,0.05,0,0,100,2,5.2,106.4,55.56,2.4,5.6,"2023-2024"
"ZAL","VAL","20_6","Regular Season","Stefan  Jovic",16,7,3,3,100,0,1,0,1,2,50,1,3,4,3,1,0,0,0,2,2,13,"H","L",79,39,17,23,22,5,20,15,9,18,27,8,15,3,20,85,79,39,17,23,22,5,20,15,9,18,27,8,15,3,20,85,1.17,3.7,189.2,0.09,81.1,Inf,75,0.5,8.9,71.7,0,3,5.6,"2023-2024"
"ZAL","VAL","20_6","Regular Season","Boubacar  Toure",5,2,1,2,50,0,0,NA,0,0,NA,3,1,4,0,0,0,0,1,0,0,4,"H","L",79,39,17,23,22,5,20,15,9,18,27,8,15,3,20,85,79,39,17,23,22,5,20,15,9,18,27,8,15,3,20,85,1,-1,-200,0.03,0,NA,50,0,3.4,50,0,3.9,16.7,"2023-2024"
"ZAL","VAL","20_6","Regular Season","Semi  Ojeleye",21,9,0,3,0,1,3,33.3,6,8,75,0,1,1,0,0,1,0,0,1,4,5,"H","L",79,39,17,23,22,5,20,15,9,18,27,8,15,3,20,85,79,39,17,23,22,5,20,15,9,18,27,8,15,3,20,85,0.64,10.1,89.1,0.01,0,0,25,1.33,3.3,47.3,9.9,4.9,0,"2023-2024"
"ZAL","VAL","20_6","Regular Season","Kevin  Pangos",16,3,0,2,0,1,2,50,0,0,NA,0,0,0,1,0,1,0,0,4,2,-2,"H","L",79,39,17,23,22,5,20,15,9,18,27,8,15,3,20,85,79,39,17,23,22,5,20,15,9,18,27,8,15,3,20,85,0.75,4.8,62.5,-0.03,20.8,1,37.5,0,-1.3,37.5,20.83,3.1,0,"2023-2024"
"CRV","VIL","20_7","Regular Season","Mike  Scott",21,10,5,8,62.5,0,3,0,0,0,NA,2,2,4,3,1,2,0,1,1,0,8,"H","W",100,45,20,25,28,8,20,21,9,23,32,5,14,2,20,112,100,45,20,25,28,8,20,21,9,23,32,5,14,2,20,112,0.91,10.6,94.3,0.05,28.3,1.5,45.5,0,7,45.5,18.87,5.5,11.1,"2023-2024"
"CRV","VIL","20_7","Regular Season","Paris  Lee",26,23,3,6,50,4,7,57.1,5,5,100,0,1,1,7,1,3,0,0,3,3,23,"H","W",100,45,20,25,28,8,20,21,9,23,32,5,14,2,20,112,100,45,20,25,28,8,20,21,9,23,32,5,14,2,20,112,1.28,17.5,131.4,0.12,40,2.3,69.2,0.38,18.7,75.7,17.14,6.2,0,"2023-2024"
"CRV","VIL","20_7","Regular Season","Timothe  Luwawu-Cabarrot",28,7,1,3,33.3,1,3,33.3,2,2,100,0,2,2,6,0,0,0,0,4,1,8,"H","W",100,45,20,25,28,8,20,21,9,23,32,5,14,2,20,112,100,45,20,25,28,8,20,21,9,23,32,5,14,2,20,112,0.88,6.6,106.1,0.04,90.9,Inf,41.7,0.33,6.8,50.9,0,2.2,0,"2023-2024"
"CRV","VIL","20_7","Regular Season","Youssoupha  Fall",17,8,2,4,50,0,0,NA,4,8,50,3,6,9,1,1,1,0,0,1,5,16,"H","W",100,45,20,25,28,8,20,21,9,23,32,5,14,2,20,112,100,45,20,25,28,8,20,21,9,23,32,5,14,2,20,112,0.67,5.3,150.9,0.05,18.9,1,50,2,8.6,53.2,18.87,4.5,16.7,"2023-2024"
"CRV","VIL","20_7","Regular Season","David  Lighty",10,3,0,1,0,1,1,100,0,0,NA,0,0,0,0,1,0,0,0,2,0,1,"H","W",100,45,20,25,28,8,20,21,9,23,32,5,14,2,20,112,100,45,20,25,28,8,20,21,9,23,32,5,14,2,20,112,1.5,1.9,157.9,0.01,0,NA,75,0,2.2,75,0,1.8,0,"2023-2024"
"CRV","VIL","20_7","Regular Season","Charles Lombahe Kahudi",24,12,2,3,66.7,2,3,66.7,2,3,66.7,0,6,6,1,0,0,0,1,1,5,19,"H","W",100,45,20,25,28,8,20,21,9,23,32,5,14,2,20,112,100,45,20,25,28,8,20,21,9,23,32,5,14,2,20,112,1.33,7,171.4,0.09,14.3,Inf,83.3,0.5,11.1,82,0,2.7,0,"2023-2024"
"CRV","VIL","20_7","Regular Season","Joffrey  Lauvergne",21,17,7,7,100,0,0,NA,3,3,100,0,1,1,1,0,3,0,0,3,5,18,"H","W",100,45,20,25,28,8,20,21,9,23,32,5,14,2,20,112,100,45,20,25,28,8,20,21,9,23,32,5,14,2,20,112,1.7,10.9,156,0.08,9.2,0.3,100,0.43,11.7,102.2,27.52,4.8,0,"2023-2024"
"CRV","VIL","20_7","Regular Season","Boris  Dallo",4,0,0,0,NA,0,1,0,0,0,NA,1,0,1,0,0,2,0,0,1,0,-3,"H","W",100,45,20,25,28,8,20,21,9,23,32,5,14,2,20,112,100,45,20,25,28,8,20,21,9,23,32,5,14,2,20,112,0,1.9,0,-0.02,0,0,0,0,-2.4,0,105.26,6.7,5.6,"2023-2024"
"CRV","VIL","20_7","Regular Season","Edwin  Jackson",13,9,3,3,100,0,0,NA,3,3,100,0,1,1,0,0,0,0,0,3,4,11,"H","W",100,45,20,25,28,8,20,21,9,23,32,5,14,2,20,112,100,45,20,25,28,8,20,21,9,23,32,5,14,2,20,112,1.5,4.1,219.5,0.04,0,NA,100,1,7.2,104.2,0,3,0,"2023-2024"
"CRV","VIL","20_7","Regular Season","John  Egbunu",1,0,0,0,NA,0,0,NA,0,0,NA,0,0,0,0,0,0,0,0,0,0,0,"H","W",100,45,20,25,28,8,20,21,9,23,32,5,14,2,20,112,100,45,20,25,28,8,20,21,9,23,32,5,14,2,20,112,NA,0,NA,0,NA,NA,NA,NA,0,NA,NA,0,0,"2023-2024"
"CRV","VIL","20_7","Regular Season","Mbaye  Ndiaye",21,6,3,4,75,0,0,NA,0,0,NA,2,3,5,1,0,2,2,0,0,1,12,"H","W",100,45,20,25,28,8,20,21,9,23,32,5,14,2,20,112,100,45,20,25,28,8,20,21,9,23,32,5,14,2,20,112,1.5,3.8,157.9,0.05,26.3,0.5,75,0,6.8,75,52.63,2.5,11.1,"2023-2024"
"CRV","VIL","20_7","Regular Season","Noam  Yaacov",14,5,2,6,33.3,0,2,0,1,1,100,1,1,2,1,1,1,0,3,1,1,-1,"H","W",100,45,20,25,28,8,20,21,9,23,32,5,14,2,20,112,100,45,20,25,28,8,20,21,9,23,32,5,14,2,20,112,0.56,8.1,61.7,0,12.3,1,25,0.12,1.5,29.6,12.35,6,5.6,"2023-2024"
"VIL","CRV","20_7","Regular Season","Dejan  Davidovac",22,3,1,1,100,0,1,0,1,1,100,1,5,6,1,0,2,1,0,2,1,7,"A","L",91,34,33,13,22,12,11,18,9,15,24,7,14,5,25,89,91,34,33,13,22,12,11,18,9,15,24,7,14,5,25,89,1,3.3,90.9,0.04,30.3,0.5,50,0.5,2.8,61.5,60.61,1.9,5.6,"2023-2024"
"VIL","CRV","20_7","Regular Season","Branko  Lazic",15,5,1,2,50,1,3,33.3,0,0,NA,2,2,4,1,0,0,0,0,2,1,6,"A","L",91,34,33,13,22,12,11,18,9,15,24,7,14,5,25,89,91,34,33,13,22,12,11,18,9,15,24,7,14,5,25,89,1,2.9,172.4,0.03,34.5,Inf,50,0,4.2,50,0,3.1,11.1,"2023-2024"
"VIL","CRV","20_7","Regular Season","Joel  Bolomboy",26,9,4,6,66.7,0,0,NA,1,2,50,1,2,3,0,1,2,1,0,4,3,8,"A","L",91,34,33,13,22,12,11,18,9,15,24,7,14,5,25,89,91,34,33,13,22,12,11,18,9,15,24,7,14,5,25,89,1.12,7.6,118.4,0.03,0,0,66.7,0.33,5.4,65.4,26.32,3.2,5.6,"2023-2024"
"VIL","CRV","20_7","Regular Season","Nemanja  Nedovic",25,26,6,11,54.5,3,8,37.5,5,6,83.3,0,1,1,2,1,2,0,1,3,6,19,"A","L",91,34,33,13,22,12,11,18,9,15,24,7,14,5,25,89,91,34,33,13,22,12,11,18,9,15,24,7,14,5,25,89,1.04,22.7,114.5,0.11,8.8,1,55.3,0.32,15.4,60.1,8.81,8.7,0,"2023-2024"
"VIL","CRV","20_7","Regular Season","Yago Mateus dos Santos",28,16,4,6,66.7,2,5,40,2,2,100,2,1,3,9,1,2,0,0,1,2,23,"A","L",91,34,33,13,22,12,11,18,9,15,24,7,14,5,25,89,91,34,33,13,22,12,11,18,9,15,24,7,14,5,25,89,1.23,11.4,140.4,0.16,78.9,4.5,63.6,0.18,17.3,67.3,17.54,4.6,11.1,"2023-2024"
"VIL","CRV","20_7","Regular Season","Stefan  Lazarevic",6,0,0,0,NA,0,0,NA,0,0,NA,0,0,0,0,0,0,0,0,0,0,0,"A","L",91,34,33,13,22,12,11,18,9,15,24,7,14,5,25,89,91,34,33,13,22,12,11,18,9,15,24,7,14,5,25,89,NA,0,NA,0,NA,NA,NA,NA,0,NA,NA,0,0,"2023-2024"
"VIL","CRV","20_7","Regular Season","Milos  Teodosic",17,6,0,0,NA,2,7,28.6,0,0,NA,0,1,1,3,0,0,0,0,1,2,6,"A","L",91,34,33,13,22,12,11,18,9,15,24,7,14,5,25,89,91,34,33,13,22,12,11,18,9,15,24,7,14,5,25,89,0.86,6.7,89.6,0.03,44.8,Inf,42.9,0,3.9,42.9,0,3.8,0,"2023-2024"
"VIL","CRV","20_7","Regular Season","Adam  Hanga",15,9,3,3,100,1,4,25,0,0,NA,0,0,0,0,0,1,0,0,2,2,5,"A","L",91,34,33,13,22,12,11,18,9,15,24,7,14,5,25,89,91,34,33,13,22,12,11,18,9,15,24,7,14,5,25,89,1.29,7.7,116.9,0.02,0,0,64.3,0,3.9,64.3,12.99,4.9,0,"2023-2024"
"VIL","CRV","20_7","Regular Season","Mike  Tobey",9,5,1,2,50,1,1,100,0,0,NA,1,1,2,0,0,2,2,0,4,0,2,"A","L",91,34,33,13,22,12,11,18,9,15,24,7,14,5,25,89,91,34,33,13,22,12,11,18,9,15,24,7,14,5,25,89,1.67,3.8,131.6,0,0,0,83.3,0,2.5,83.3,52.63,5.1,5.6,"2023-2024"
"VIL","CRV","20_7","Regular Season","Dalibor  Ilic",4,0,0,0,NA,0,0,NA,0,0,NA,0,0,0,0,0,0,1,0,1,0,0,"A","L",91,34,33,13,22,12,11,18,9,15,24,7,14,5,25,89,91,34,33,13,22,12,11,18,9,15,24,7,14,5,25,89,NA,0,NA,0,NA,NA,NA,NA,0.3,NA,NA,0,0,"2023-2024"
"VIL","CRV","20_7","Regular Season","Rokas  Giedraitis",28,12,2,3,66.7,2,4,50,2,2,100,2,2,4,2,4,2,0,1,1,2,17,"A","L",91,34,33,13,22,12,11,18,9,15,24,7,14,5,25,89,91,34,33,13,22,12,11,18,9,15,24,7,14,5,25,89,1.33,7.6,157.9,0.12,26.3,1,71.4,0.29,13.7,76.1,26.32,3.3,11.1,"2023-2024"
"VIL","CRV","20_7","Regular Season","Freddie  Gillespie",5,0,0,0,NA,0,0,NA,0,0,NA,0,0,0,0,0,1,0,0,4,1,-4,"A","L",91,34,33,13,22,12,11,18,9,15,24,7,14,5,25,89,91,34,33,13,22,12,11,18,9,15,24,7,14,5,25,89,NA,1,0,-0.04,0,0,NA,NA,-2.6,NA,100,1.8,0,"2023-2024"
"BAR","OLY","20_8","Regular Season","Thomas  Walkup",17,8,1,3,33.3,2,3,66.7,0,0,NA,1,1,2,3,0,2,0,0,1,1,8,"A","L",78,37,22,16,21,8,12,14,7,13,20,6,11,0,18,70,78,37,22,16,21,8,12,14,7,13,20,6,11,0,18,70,1.33,6.7,119.4,0.06,44.8,1.5,66.7,0,5.7,66.7,29.85,4.9,7.1,"2023-2024"
"BAR","OLY","20_8","Regular Season","Isaiah  Canaan",30,8,3,5,60,0,4,0,2,2,100,0,2,2,1,1,1,0,1,4,3,3,"A","L",78,37,22,16,21,8,12,14,7,13,20,6,11,0,18,70,78,37,22,16,21,8,12,14,7,13,20,6,11,0,18,70,0.73,10.4,76.9,0.01,9.6,1,33.3,0.22,2.6,40.5,9.62,3.8,0,"2023-2024"
"BAR","OLY","20_8","Regular Season","Moustapha  Fall",21,8,4,6,66.7,0,0,NA,0,1,0,2,1,3,0,1,1,0,0,2,2,8,"A","L",78,37,22,16,21,8,12,14,7,13,20,6,11,0,18,70,78,37,22,16,21,8,12,14,7,13,20,6,11,0,18,70,1.14,5.2,153.8,0.05,0,0,66.7,0.17,5.9,62.1,19.23,3.7,14.3,"2023-2024"
"BAR","OLY","20_8","Regular Season","Kostas  Papanikolaou",16,0,0,2,0,0,1,0,0,0,NA,0,1,1,2,0,0,0,0,1,0,-1,"A","L",78,37,22,16,21,8,12,14,7,13,20,6,11,0,18,70,78,37,22,16,21,8,12,14,7,13,20,6,11,0,18,70,0,2.9,0,-0.01,69,Inf,0,0,-0.8,0,0,1.9,0,"2023-2024"
"BAR","OLY","20_8","Regular Season","Alec  Peters",29,22,3,5,60,4,7,57.1,4,5,80,0,3,3,1,0,3,0,1,2,2,16,"A","L",78,37,22,16,21,8,12,14,7,13,20,6,11,0,18,70,78,37,22,16,21,8,12,14,7,13,20,6,11,0,18,70,1.29,16.5,133.3,0.15,6.1,0.3,75,0.42,13.8,77.5,18.18,6.2,0,"2023-2024"
"BAR","OLY","20_8","Regular Season","Nigel  Williams-Goss",23,12,6,8,75,0,2,0,0,1,0,0,0,0,5,2,0,0,0,2,1,13,"A","L",78,37,22,16,21,8,12,14,7,13,20,6,11,0,18,70,78,37,22,16,21,8,12,14,7,13,20,6,11,0,18,70,1.09,10,120,0.12,50,Inf,60,0.1,11.7,57.5,0,4.7,0,"2023-2024"
"BAR","OLY","20_8","Regular Season","Giannoulis  Larentzakis",7,3,0,1,0,1,2,50,0,0,NA,0,0,0,0,0,2,0,0,1,1,-1,"A","L",78,37,22,16,21,8,12,14,7,13,20,6,11,0,18,70,78,37,22,16,21,8,12,14,7,13,20,6,11,0,18,70,1,4.8,62.5,-0.02,0,0,50,0,-1.1,50,41.67,7.4,0,"2023-2024"
"BAR","OLY","20_8","Regular Season","Ignas  Brazdeikis",4,6,1,1,100,1,1,100,1,1,100,0,0,0,0,0,1,0,0,1,1,5,"A","L",78,37,22,16,21,8,12,14,7,13,20,6,11,0,18,70,78,37,22,16,21,8,12,14,7,13,20,6,11,0,18,70,2,3.3,181.8,0.04,0,0,125,0.5,4,123,30.3,8.9,0,"2023-2024"
"BAR","OLY","20_8","Regular Season","Nikola  Milutinov",19,4,2,4,50,0,0,NA,0,0,NA,3,5,8,1,0,0,0,0,0,3,14,"A","L",78,37,22,16,21,8,12,14,7,13,20,6,11,0,18,70,78,37,22,16,21,8,12,14,7,13,20,6,11,0,18,70,1,1,400,0.09,100,Inf,50,0,6.3,50,0,2.2,21.4,"2023-2024"
"BAR","OLY","20_8","Regular Season","Luke  Sikma",11,0,0,0,NA,0,0,NA,0,0,NA,1,0,1,0,1,0,0,0,1,0,1,"A","L",78,37,22,16,21,8,12,14,7,13,20,6,11,0,18,70,78,37,22,16,21,8,12,14,7,13,20,6,11,0,18,70,NA,-1,0,0,0,NA,NA,NA,1.3,NA,0,0,7.1,"2023-2024"
"BAR","OLY","20_8","Regular Season","Shaquielle  McKissic",22,7,1,2,50,0,2,0,5,6,83.3,0,0,0,1,1,1,0,0,3,3,4,"A","L",78,37,22,16,21,8,12,14,7,13,20,6,11,0,18,70,78,37,22,16,21,8,12,14,7,13,20,6,11,0,18,70,0.7,7.3,95.9,0.01,13.7,1,25,1.5,3.7,52.7,13.7,3.6,0,"2023-2024"
"OLY","BAR","20_8","Regular Season","Jan  Vesely",18,8,2,4,50,0,0,NA,4,6,66.7,1,1,2,3,0,2,1,0,5,3,6,"H","W",86,29,25,22,17,11,19,20,9,16,25,5,11,2,19,97,86,29,25,22,17,11,19,20,9,16,25,5,11,2,19,97,0.8,7.3,109.6,0.01,41.1,1.5,50,1.5,5,60.2,27.4,5.1,5.6,"2023-2024"
"OLY","BAR","20_8","Regular Season","Dario  Brizuela",19,4,0,1,0,1,3,33.3,1,2,50,0,0,0,2,1,0,1,0,2,2,4,"H","W",86,29,25,22,17,11,19,20,9,16,25,5,11,2,19,97,86,29,25,22,17,11,19,20,9,16,25,5,11,2,19,97,0.67,4.7,85.1,0.01,42.6,Inf,37.5,0.5,3.5,41,0,2.8,0,"2023-2024"
"OLY","BAR","20_8","Regular Season","Nikola  Kalinic",27,13,1,2,50,3,6,50,2,2,100,0,2,2,4,1,3,0,0,2,1,12,"H","W",86,29,25,22,17,11,19,20,9,16,25,5,11,2,19,97,86,29,25,22,17,11,19,20,9,16,25,5,11,2,19,97,1.3,11.4,114,0.07,35.1,1.3,68.8,0.25,9.6,73.2,26.32,4.7,0,"2023-2024"
"OLY","BAR","20_8","Regular Season","Tomas  Satoransky",35,13,1,2,50,3,4,75,2,2,100,0,3,3,5,1,1,0,0,1,2,20,"H","W",86,29,25,22,17,11,19,20,9,16,25,5,11,2,19,97,86,29,25,22,17,11,19,20,9,16,25,5,11,2,19,97,1.62,7.6,171.1,0.12,65.8,5,91.7,0.33,14.4,94.5,13.16,2.4,0,"2023-2024"
"OLY","BAR","20_8","Regular Season","Jabari  Parker",30,21,3,6,50,3,5,60,6,6,100,0,4,4,0,1,1,0,0,3,3,20,"H","W",86,29,25,22,17,11,19,20,9,16,25,5,11,2,19,97,86,29,25,22,17,11,19,20,9,16,25,5,11,2,19,97,1.24,14.1,148.9,0.12,0,0,68.2,0.55,15.7,77,7.09,5.2,0,"2023-2024"
"OLY","BAR","20_8","Regular Season","Oscar  da Silva",9,0,0,1,0,0,2,0,0,0,NA,1,1,2,1,0,0,0,0,1,0,-1,"H","W",86,29,25,22,17,11,19,20,9,16,25,5,11,2,19,97,86,29,25,22,17,11,19,20,9,16,25,5,11,2,19,97,0,1.9,0,-0.01,52.6,Inf,0,0,-0.8,0,0,3.6,5.6,"2023-2024"
"OLY","BAR","20_8","Regular Season","Oriol  Pauli",0,0,0,0,NA,0,0,NA,0,0,NA,0,0,0,0,0,0,0,0,0,0,0,"H","W",86,29,25,22,17,11,19,20,9,16,25,5,11,2,19,97,86,29,25,22,17,11,19,20,9,16,25,5,11,2,19,97,NA,0,NA,0,NA,NA,NA,NA,0,NA,NA,NA,0,"2023-2024"
"OLY","BAR","20_8","Regular Season","Willy  Hernangomez",22,16,6,8,75,0,0,NA,4,4,100,4,1,5,1,1,2,0,0,2,6,23,"H","W",86,29,25,22,17,11,19,20,9,16,25,5,11,2,19,97,86,29,25,22,17,11,19,20,9,16,25,5,11,2,19,97,1.33,7.4,216.2,0.1,13.5,0.5,75,0.5,14.8,82,27.03,5.7,22.2,"2023-2024"
"OLY","BAR","20_8","Regular Season","Rokas  Jokubaitis",21,4,2,2,100,0,1,0,0,0,NA,0,3,3,2,0,1,0,0,1,0,6,"H","W",86,29,25,22,17,11,19,20,9,16,25,5,11,2,19,97,86,29,25,22,17,11,19,20,9,16,25,5,11,2,19,97,1.33,3.8,105.3,0.04,52.6,2,66.7,0,3.6,66.7,26.32,2,0,"2023-2024"
"OLY","BAR","20_8","Regular Season","Joel  Parra",17,7,2,3,66.7,1,4,25,0,0,NA,3,1,4,2,0,1,0,0,2,1,7,"H","W",86,29,25,22,17,11,19,20,9,16,25,5,11,2,19,97,86,29,25,22,17,11,19,20,9,16,25,5,11,2,19,97,1,4.8,145.8,0.03,41.7,2,50,0,5.3,50,20.83,5,16.7,"2023-2024"
"BOL","MAC","20_9","Regular Season","Lorenzo  Brown",25,12,3,9,33.3,2,4,50,0,0,NA,0,1,1,3,0,1,0,0,4,3,6,"H","W",95,44,25,20,19,13,18,17,10,25,35,7,9,3,20,109,95,44,25,20,19,13,18,17,10,25,35,7,9,3,20,109,0.92,13.4,89.6,0.02,22.4,3,46.2,0,4.7,46.2,7.46,5.2,0,"2023-2024"
"BOL","MAC","20_9","Regular Season","Wade  Baldwin IV",32,22,6,12,50,2,3,66.7,4,4,100,2,3,5,8,0,3,0,0,0,4,29,"H","W",95,44,25,20,19,13,18,17,10,25,35,7,9,3,20,109,95,44,25,20,19,13,18,17,10,25,35,7,9,3,20,109,1.16,17,129.4,0.15,47.1,2.7,60,0.27,19.6,65.6,17.65,5.7,10,"2023-2024"
"BOL","MAC","20_9","Regular Season","Roman  Sorkin",28,13,3,4,75,2,4,50,1,2,50,1,2,3,1,1,1,2,0,5,2,12,"H","W",95,44,25,20,19,13,18,17,10,25,35,7,9,3,20,109,95,44,25,20,19,13,18,17,10,25,35,7,9,3,20,109,1.3,8.5,152.9,0.05,11.8,1,75,0.25,10.4,73.2,11.76,3.3,5,"2023-2024"
"BOL","MAC","20_9","Regular Season","Josh  Nebo",29,4,1,7,14.3,0,0,NA,2,2,100,2,10,12,2,0,1,1,0,2,3,13,"H","W",95,44,25,20,19,13,18,17,10,25,35,7,9,3,20,109,95,44,25,20,19,13,18,17,10,25,35,7,9,3,20,109,0.44,6.6,60.6,0.05,30.3,2,14.3,0.29,4.2,25.4,15.15,2.8,10,"2023-2024"
"BOL","MAC","20_9","Regular Season","Bonzie  Colson",26,14,2,4,50,3,5,60,1,1,100,3,1,4,0,2,1,0,0,3,1,13,"H","W",95,44,25,20,19,13,18,17,10,25,35,7,9,3,20,109,95,44,25,20,19,13,18,17,10,25,35,7,9,3,20,109,1.4,7.1,197.2,0.06,0,0,72.2,0.11,11.9,74.2,14.08,3.7,15,"2023-2024"
"BOL","MAC","20_9","Regular Season","Antonius  Cleveland",3,1,0,0,NA,0,0,NA,1,2,50,0,0,0,0,0,0,0,0,0,1,1,"H","W",95,44,25,20,19,13,18,17,10,25,35,7,9,3,20,109,95,44,25,20,19,13,18,17,10,25,35,7,9,3,20,109,0.5,0.8,125,0,0,NA,NA,Inf,0.6,56.8,0,2.7,0,"2023-2024"
"BOL","MAC","20_9","Regular Season","James  Webb III",10,3,0,0,NA,1,4,25,0,0,NA,0,2,2,1,1,0,0,0,2,0,2,"H","W",95,44,25,20,19,13,18,17,10,25,35,7,9,3,20,109,95,44,25,20,19,13,18,17,10,25,35,7,9,3,20,109,0.75,3.8,78.9,0.01,26.3,Inf,37.5,0,2.1,37.5,0,3.7,0,"2023-2024"
"BOL","MAC","20_9","Regular Season","Rafael  Menco",12,2,1,1,100,0,1,0,0,0,NA,0,2,2,1,1,1,0,0,2,0,2,"H","W",95,44,25,20,19,13,18,17,10,25,35,7,9,3,20,109,95,44,25,20,19,13,18,17,10,25,35,7,9,3,20,109,1,2.9,69,0.01,34.5,1,50,0,1.5,50,34.48,2.3,0,"2023-2024"
"BOL","MAC","20_9","Regular Season","John  Dibartolomeo",23,16,1,3,33.3,3,4,75,5,5,100,1,3,4,1,2,1,0,1,2,4,20,"H","W",95,44,25,20,19,13,18,17,10,25,35,7,9,3,20,109,95,44,25,20,19,13,18,17,10,25,35,7,9,3,20,109,1.33,8.8,181.8,0.1,11.4,1,78.6,0.71,15.2,87,11.36,4.1,5,"2023-2024"
"BOL","MAC","20_9","Regular Season","Jasiel  Rivero",12,8,2,4,50,0,0,NA,4,4,100,1,1,2,0,0,0,0,0,0,3,11,"H","W",95,44,25,20,19,13,18,17,10,25,35,7,9,3,20,109,95,44,25,20,19,13,18,17,10,25,35,7,9,3,20,109,1,4.6,173.9,0.05,0,NA,50,1,7,69.4,0,4.4,5,"2023-2024"
"BOL","MAC","20_9","Regular Season","Omer  Mayer",0,0,0,0,NA,0,0,NA,0,0,NA,0,0,0,0,0,0,0,0,0,0,0,"H","W",95,44,25,20,19,13,18,17,10,25,35,7,9,3,20,109,95,44,25,20,19,13,18,17,10,25,35,7,9,3,20,109,NA,0,NA,0,NA,NA,NA,NA,0,NA,NA,NA,0,"2023-2024"
"MAC","BOL","20_9","Regular Season","Isaia  Cordinier",23,13,5,9,55.6,1,2,50,0,0,NA,0,4,4,2,0,4,0,2,3,1,6,"A","L",78,33,31,15,19,11,7,19,7,25,32,7,13,1,21,78,78,33,31,15,19,11,7,19,7,25,32,7,13,1,21,78,1.18,14.4,90.3,0.06,13.9,0.5,59.1,0,5.1,59.1,27.78,6.2,0,"2023-2024"
"MAC","BOL","20_9","Regular Season","Tornike  Shengelia",28,9,3,5,60,0,2,0,3,7,42.9,2,0,2,4,1,3,0,0,4,9,10,"A","L",78,33,31,15,19,11,7,19,7,25,32,7,13,1,21,78,78,33,31,15,19,11,7,19,7,25,32,7,13,1,21,78,0.64,10.6,84.9,0,37.7,1.3,42.9,1,4.3,44.6,28.3,4.5,14.3,"2023-2024"
"MAC","BOL","20_9","Regular Season","Daniel  Hackett",24,8,2,3,66.7,1,4,25,1,2,50,0,1,1,1,1,0,0,0,3,1,4,"A","L",78,33,31,15,19,11,7,19,7,25,32,7,13,1,21,78,78,33,31,15,19,11,7,19,7,25,32,7,13,1,21,78,0.89,7.6,105.3,0.03,13.2,Inf,50,0.29,4.7,50.8,0,3.1,0,"2023-2024"
"MAC","BOL","20_9","Regular Season","Bryant  Dunston",25,3,1,1,100,0,0,NA,1,3,33.3,0,9,9,1,2,0,1,0,2,3,15,"A","L",78,33,31,15,19,11,7,19,7,25,32,7,13,1,21,78,78,33,31,15,19,11,7,19,7,25,32,7,13,1,21,78,0.75,2.2,136.4,0.1,45.5,Inf,100,3,7.2,64.7,0,0.9,0,"2023-2024"
"MAC","BOL","20_9","Regular Season","Awudu  Abass",20,5,1,2,50,1,4,25,0,0,NA,2,2,4,1,1,1,0,1,1,1,5,"A","L",78,33,31,15,19,11,7,19,7,25,32,7,13,1,21,78,78,33,31,15,19,11,7,19,7,25,32,7,13,1,21,78,0.83,4.8,104.2,0.04,20.8,1,41.7,0,3.9,41.7,20.83,3.3,14.3,"2023-2024"
"MAC","BOL","20_9","Regular Season","Gabriel  Lundberg",16,2,1,2,50,0,2,0,0,0,NA,1,0,1,1,0,2,0,0,1,1,-1,"A","L",78,33,31,15,19,11,7,19,7,25,32,7,13,1,21,78,78,33,31,15,19,11,7,19,7,25,32,7,13,1,21,78,0.5,4.8,41.7,-0.02,20.8,0.5,25,0,-1.4,25,41.67,3.6,7.1,"2023-2024"
"MAC","BOL","20_9","Regular Season","Marco  Belinelli",24,24,1,3,33.3,7,12,58.3,1,1,100,0,2,2,3,0,1,0,0,4,1,18,"A","L",78,33,31,15,19,11,7,19,7,25,32,7,13,1,21,78,78,33,31,15,19,11,7,19,7,25,32,7,13,1,21,78,1.5,15.8,151.9,0.15,19,3,76.7,0.07,16.8,77.7,6.33,6.6,0,"2023-2024"
"MAC","BOL","20_9","Regular Season","Alessandro  Pajola",17,2,1,3,33.3,0,3,0,0,0,NA,1,2,3,6,2,1,0,0,1,0,6,"A","L",78,33,31,15,19,11,7,19,7,25,32,7,13,1,21,78,78,33,31,15,19,11,7,19,7,25,32,7,13,1,21,78,0.33,5.8,34.5,0.05,103.4,6,16.7,0,4.3,16.7,17.24,3.9,7.1,"2023-2024"
"MAC","BOL","20_9","Regular Season","Achille  Polonara",7,4,0,0,NA,1,2,50,1,2,50,0,1,1,0,0,0,0,0,0,1,4,"A","L",78,33,31,15,19,11,7,19,7,25,32,7,13,1,21,78,78,33,31,15,19,11,7,19,7,25,32,7,13,1,21,78,1,2.8,142.9,0.03,0,NA,75,1,2.9,69.4,0,3.9,0,"2023-2024"
"MAC","BOL","20_9","Regular Season","Ante  Zizic",14,8,4,5,80,0,0,NA,0,0,NA,1,4,5,0,0,1,0,0,2,2,11,"A","L",78,33,31,15,19,11,7,19,7,25,32,7,13,1,21,78,78,33,31,15,19,11,7,19,7,25,32,7,13,1,21,78,1.6,4.8,166.7,0.07,0,0,80,0,6.2,80,20.83,4.1,7.1,"2023-2024"
"CRV","MIL","21_1","Regular Season","Alex  Poythress",16,12,6,6,100,0,0,NA,0,0,NA,1,2,3,0,1,2,1,0,4,0,11,"H","L",62,33,22,16,16,6,12,14,6,22,28,7,15,4,21,61,62,33,22,16,16,6,12,14,6,22,28,7,15,4,21,61,2,6.7,179.1,0.14,0,0,100,0,9.6,100,29.85,5.2,8.3,"2023-2024"
"CRV","MIL","21_1","Regular Season","Nicolo  Melli",25,5,1,1,100,1,3,33.3,0,0,NA,1,4,5,2,1,3,0,0,3,3,8,"H","L",62,33,22,16,16,6,12,14,6,22,28,7,15,4,21,61,62,33,22,16,16,6,12,14,6,22,28,7,15,4,21,61,1.25,5.8,86.2,0.06,34.5,0.7,62.5,0,3.1,62.5,51.72,2.9,8.3,"2023-2024"
"CRV","MIL","21_1","Regular Season","Shabazz  Napier",32,6,1,4,25,1,6,16.7,1,4,25,1,4,5,4,1,3,0,0,3,6,5,"H","L",62,33,22,16,16,6,12,14,6,22,28,7,15,4,21,61,62,33,22,16,16,6,12,14,6,22,28,7,15,4,21,61,0.43,13.2,45.5,-0.02,30.3,1.3,25,0.4,0.1,25.5,22.73,4.8,8.3,"2023-2024"
"CRV","MIL","21_1","Regular Season","Diego  Flaccadori",26,4,2,6,33.3,0,2,0,0,0,NA,0,4,4,1,0,4,0,1,2,2,-2,"H","L",62,33,22,16,16,6,12,14,6,22,28,7,15,4,21,61,62,33,22,16,16,6,12,14,6,22,28,7,15,4,21,61,0.5,11.5,34.8,-0.04,8.7,0.2,25,0,-3.7,25,34.78,4.8,0,"2023-2024"
"CRV","MIL","21_1","Regular Season","Devon  Hall",29,6,2,4,50,0,3,0,2,2,100,0,1,1,4,3,2,1,1,1,3,9,"H","L",62,33,22,16,16,6,12,14,6,22,28,7,15,4,21,61,62,33,22,16,16,6,12,14,6,22,28,7,15,4,21,61,0.67,9.5,63.2,0.09,42.1,2,28.6,0.29,6.3,38.1,21.05,3.5,0,"2023-2024"
"CRV","MIL","21_1","Regular Season","Giordano  Bortolani",19,14,1,5,20,3,6,50,3,4,75,1,1,2,0,0,0,0,1,4,2,5,"H","L",62,33,22,16,16,6,12,14,6,22,28,7,15,4,21,61,62,33,22,16,16,6,12,14,6,22,28,7,15,4,21,61,0.93,11.3,123.9,0.05,0,NA,50,0.36,6.9,54.9,0,7,8.3,"2023-2024"
"CRV","MIL","21_1","Regular Season","Stefano  Tonut",13,5,1,2,50,1,2,50,0,0,NA,0,0,0,0,0,0,0,1,1,2,3,"H","L",62,33,22,16,16,6,12,14,6,22,28,7,15,4,21,61,62,33,22,16,16,6,12,14,6,22,28,7,15,4,21,61,1.25,3.8,131.6,0.03,0,NA,62.5,0,2.6,62.5,0,3.2,0,"2023-2024"
"CRV","MIL","21_1","Regular Season","Giampaolo  Ricci",4,0,0,0,NA,0,0,NA,0,0,NA,0,0,0,0,0,0,0,0,0,0,0,"H","L",62,33,22,16,16,6,12,14,6,22,28,7,15,4,21,61,62,33,22,16,16,6,12,14,6,22,28,7,15,4,21,61,NA,0,NA,0,NA,NA,NA,NA,0,NA,NA,0,0,"2023-2024"
"CRV","MIL","21_1","Regular Season","Kyle  Hines",13,6,1,2,50,0,0,NA,4,4,100,2,2,4,0,0,1,1,1,2,2,8,"H","L",62,33,22,16,16,6,12,14,6,22,28,7,15,4,21,61,62,33,22,16,16,6,12,14,6,22,28,7,15,4,21,61,1,2.6,230.8,0.07,0,0,50,2,5.9,79.8,38.46,3.8,16.7,"2023-2024"
"CRV","MIL","21_1","Regular Season","Johannes  Voigtmann",23,4,1,3,33.3,0,0,NA,2,2,100,0,4,4,3,1,0,1,0,1,4,14,"H","L",62,33,22,16,16,6,12,14,6,22,28,7,15,4,21,61,62,33,22,16,16,6,12,14,6,22,28,7,15,4,21,61,0.8,3.7,108.1,0.13,81.1,Inf,33.3,0.67,6.9,51.5,0,1.8,0,"2023-2024"
"MIL","CRV","21_1","Regular Season","Branko  Lazic",20,0,0,0,NA,0,0,NA,0,0,NA,1,4,5,1,0,1,0,0,5,1,1,"A","W",76,40,19,20,20,7,15,17,10,26,36,13,13,5,25,88,76,40,19,20,20,7,15,17,10,26,36,13,13,5,25,88,NA,0,NA,0,Inf,1,NA,NA,-0.4,NA,Inf,0.5,5,"2023-2024"
"MIL","CRV","21_1","Regular Season","Joel  Bolomboy",33,14,6,10,60,0,1,0,2,2,100,1,5,6,1,1,2,2,0,0,1,18,"A","W",76,40,19,20,20,7,15,17,10,26,36,13,13,5,25,88,76,40,19,20,20,7,15,17,10,26,36,13,13,5,25,88,1.08,12.4,112.9,0.12,8.1,0.5,54.5,0.18,12,58.9,16.13,4.2,5,"2023-2024"
"MIL","CRV","21_1","Regular Season","Dalibor  Ilic",5,0,0,0,NA,0,0,NA,0,2,0,0,0,0,0,0,0,0,0,0,2,0,"A","W",76,40,19,20,20,7,15,17,10,26,36,13,13,5,25,88,76,40,19,20,20,7,15,17,10,26,36,13,13,5,25,88,0,0.8,0,-0.02,0,NA,NA,Inf,-0.8,0,0,1.7,0,"2023-2024"
"MIL","CRV","21_1","Regular Season","Nemanja  Nedovic",8,8,4,6,66.7,0,0,NA,0,0,NA,1,0,1,0,2,0,0,0,0,0,9,"A","W",76,40,19,20,20,7,15,17,10,26,36,13,13,5,25,88,76,40,19,20,20,7,15,17,10,26,36,13,13,5,25,88,1.33,4.8,166.7,0.07,0,NA,66.7,0,8.1,66.7,0,7.4,5,"2023-2024"
"MIL","CRV","21_1","Regular Season","Yago Mateus dos Santos",16,5,0,2,0,1,2,50,2,2,100,0,1,1,3,0,2,0,2,3,1,0,"A","W",76,40,19,20,20,7,15,17,10,26,36,13,13,5,25,88,76,40,19,20,20,7,15,17,10,26,36,13,13,5,25,88,0.83,6.6,75.8,0.01,45.5,1.5,37.5,0.5,1.8,51.2,30.3,4.3,0,"2023-2024"
"MIL","CRV","21_1","Regular Season","Milos  Teodosic",23,9,0,3,0,2,7,28.6,3,5,60,0,2,2,5,0,3,1,1,2,4,5,"A","W",76,40,19,20,20,7,15,17,10,26,36,13,13,5,25,88,76,40,19,20,20,7,15,17,10,26,36,13,13,5,25,88,0.6,14.6,61.6,0.01,34.2,1.7,30,0.5,3,36.9,20.55,6.5,0,"2023-2024"
"MIL","CRV","21_1","Regular Season","Adam  Hanga",25,7,2,4,50,1,5,20,0,0,NA,2,4,6,3,4,2,0,1,4,2,9,"A","W",76,40,19,20,20,7,15,17,10,26,36,13,13,5,25,88,76,40,19,20,20,7,15,17,10,26,36,13,13,5,25,88,0.78,8.6,81.4,0.05,34.9,1.5,38.9,0,7,38.9,23.26,4.4,10,"2023-2024"
"MIL","CRV","21_1","Regular Season","Dejan  Davidovac",21,3,0,3,0,1,1,100,0,0,NA,1,2,3,2,2,1,0,0,2,0,4,"A","W",76,40,19,20,20,7,15,17,10,26,36,13,13,5,25,88,76,40,19,20,20,7,15,17,10,26,36,13,13,5,25,88,0.75,3.8,78.9,0.03,52.6,2,37.5,0,3.5,37.5,26.32,2.4,5,"2023-2024"
"MIL","CRV","21_1","Regular Season","Luka  Mitrovic",12,6,2,2,100,0,0,NA,2,3,66.7,0,3,3,0,1,1,0,0,2,3,9,"A","W",76,40,19,20,20,7,15,17,10,26,36,13,13,5,25,88,76,40,19,20,20,7,15,17,10,26,36,13,13,5,25,88,1.2,4.1,146.3,0.05,0,0,100,1.5,5.1,90.4,24.39,3.6,0,"2023-2024"
"MIL","CRV","21_1","Regular Season","Mike  Tobey",0,0,0,0,NA,0,0,NA,0,0,NA,0,0,0,0,0,0,0,0,1,0,-1,"A","W",76,40,19,20,20,7,15,17,10,26,36,13,13,5,25,88,76,40,19,20,20,7,15,17,10,26,36,13,13,5,25,88,NA,0,NA,-0.01,NA,NA,NA,NA,-0.4,NA,NA,NA,0,"2023-2024"
"MIL","CRV","21_1","Regular Season","Rokas  Giedraitis",28,22,5,8,62.5,2,3,66.7,6,6,100,3,3,6,1,2,1,1,0,5,5,27,"A","W",76,40,19,20,20,7,15,17,10,26,36,13,13,5,25,88,76,40,19,20,20,7,15,17,10,26,36,13,13,5,25,88,1.29,11.2,196.4,0.16,8.9,1,72.7,0.55,20.5,80.6,8.93,5.2,15,"2023-2024"
"MIL","CRV","21_1","Regular Season","Freddie  Gillespie",7,2,1,2,50,0,0,NA,0,0,NA,1,2,3,1,1,0,1,0,1,1,7,"A","W",76,40,19,20,20,7,15,17,10,26,36,13,13,5,25,88,76,40,19,20,20,7,15,17,10,26,36,13,13,5,25,88,1,1,200,0.04,100,Inf,50,0,4.3,50,0,2.8,5,"2023-2024"
"ASM","PAN","21_2","Regular Season","Jerian  Grant",32,8,1,4,25,2,4,50,0,0,NA,0,2,2,4,1,2,1,0,2,0,7,"H","W",88,32,22,13,22,11,11,15,4,23,27,11,14,3,15,106,88,32,22,13,22,11,11,15,4,23,27,11,14,3,15,106,1,9.6,83.3,0.04,41.7,2,50,0,5.9,50,20.83,3.4,0,"2023-2024"
"ASM","PAN","21_2","Regular Season","Kendrick  Nunn",30,21,6,8,75,2,3,66.7,3,3,100,1,3,4,2,1,4,0,0,3,1,19,"H","W",88,32,22,13,22,11,11,15,4,23,27,11,14,3,15,106,88,32,22,13,22,11,11,15,4,23,27,11,14,3,15,106,1.5,14.7,142.9,0.1,13.6,0.5,81.8,0.27,15.3,85.2,27.21,5.9,12.5,"2023-2024"
"ASM","PAN","21_2","Regular Season","Mathias  Lessort",30,23,9,10,90,0,0,NA,5,6,83.3,3,6,9,5,3,2,0,0,1,7,42,"H","W",88,32,22,13,22,11,11,15,4,23,27,11,14,3,15,106,88,32,22,13,22,11,11,15,4,23,27,11,14,3,15,106,1.44,11.2,205.4,0.19,44.6,2.5,90,0.6,27.2,91,17.86,5.3,37.5,"2023-2024"
"ASM","PAN","21_2","Regular Season","Marius  Grigonis",33,5,0,2,0,1,4,25,2,2,100,0,3,3,1,3,2,0,0,4,3,4,"H","W",88,32,22,13,22,11,11,15,4,23,27,11,14,3,15,106,88,32,22,13,22,11,11,15,4,23,27,11,14,3,15,106,0.62,8.5,58.8,0.01,11.8,0.5,25,0.33,2.2,36.3,23.53,2.9,0,"2023-2024"
"ASM","PAN","21_2","Regular Season","Konstantinos  Mitoglou",22,12,3,3,100,2,4,50,0,0,NA,0,3,3,0,1,0,0,0,1,1,14,"H","W",88,32,22,13,22,11,11,15,4,23,27,11,14,3,15,106,88,32,22,13,22,11,11,15,4,23,27,11,14,3,15,106,1.71,6.7,179.1,0.07,0,NA,85.7,0,10.6,85.7,0,3.5,0,"2023-2024"
"ASM","PAN","21_2","Regular Season","Panagiotis  Kalaitzakis",7,0,0,1,0,0,0,NA,0,0,NA,0,1,1,0,0,0,0,0,2,0,-2,"H","W",88,32,22,13,22,11,11,15,4,23,27,11,14,3,15,106,88,32,22,13,22,11,11,15,4,23,27,11,14,3,15,106,0,1,0,-0.01,0,NA,0,0,-1.2,0,0,1.6,0,"2023-2024"
"ASM","PAN","21_2","Regular Season","Dimitris  Moraitis",2,3,0,0,NA,1,1,100,0,0,NA,0,0,0,0,1,0,0,0,0,0,4,"H","W",88,32,22,13,22,11,11,15,4,23,27,11,14,3,15,106,88,32,22,13,22,11,11,15,4,23,27,11,14,3,15,106,3,1,300,0.02,0,NA,150,0,3.7,150,0,5.4,0,"2023-2024"
"ASM","PAN","21_2","Regular Season","Kostas  Sloukas",18,6,1,2,50,1,2,50,1,2,50,0,1,1,2,0,4,0,0,1,1,2,"H","W",88,32,22,13,22,11,11,15,4,23,27,11,14,3,15,106,88,32,22,13,22,11,11,15,4,23,27,11,14,3,15,106,1,8.5,70.6,0.01,23.5,0.5,62.5,0.5,0.9,61.5,47.06,5.4,0,"2023-2024"
"ASM","PAN","21_2","Regular Season","Kostas  Antetokounmpo",9,0,0,0,NA,0,0,NA,0,0,NA,0,1,1,0,0,0,1,0,0,0,2,"H","W",88,32,22,13,22,11,11,15,4,23,27,11,14,3,15,106,88,32,22,13,22,11,11,15,4,23,27,11,14,3,15,106,NA,0,NA,0.01,NA,NA,NA,NA,1,NA,NA,0,0,"2023-2024"
"ASM","PAN","21_2","Regular Season","Juan  Hernangomez",18,10,2,2,100,2,4,50,0,0,NA,0,3,3,1,1,0,1,0,1,1,14,"H","W",88,32,22,13,22,11,11,15,4,23,27,11,14,3,15,106,88,32,22,13,22,11,11,15,4,23,27,11,14,3,15,106,1.67,5.8,172.4,0.07,17.2,Inf,83.3,0,10.3,83.3,0,3.6,0,"2023-2024"
"PAN","ASM","21_2","Regular Season","John  Brown III",23,0,0,4,0,0,1,0,0,0,NA,3,2,5,1,2,2,0,0,2,1,0,"A","L",63,48,18,10,18,8,3,15,14,15,29,12,16,0,16,52,63,48,18,10,18,8,3,15,14,15,29,12,16,0,16,52,0,3.8,0,-0.04,26.3,0.5,0,0,-0.9,0,52.63,2.8,10.7,"2023-2024"
"PAN","ASM","21_2","Regular Season","Jaron  Blossomgame",17,3,1,4,25,0,2,0,1,1,100,1,0,1,0,0,2,0,0,2,2,-3,"A","L",63,48,18,10,18,8,3,15,14,15,29,12,16,0,16,52,63,48,18,10,18,8,3,15,14,15,29,12,16,0,16,52,0.43,7.1,42.3,-0.08,0,0,16.7,0.17,-2.9,23.3,28.17,4.6,3.6,"2023-2024"
"PAN","ASM","21_2","Regular Season","Mouhammadou  Jaiteh",5,2,1,2,50,0,0,NA,0,1,0,1,0,1,0,1,0,0,0,0,1,3,"A","L",63,48,18,10,18,8,3,15,14,15,29,12,16,0,16,52,63,48,18,10,18,8,3,15,14,15,29,12,16,0,16,52,0.67,1.4,142.9,0.02,0,NA,50,0.5,2.3,41,0,4.5,3.6,"2023-2024"
"PAN","ASM","21_2","Regular Season","Matthew  Strazel",21,11,2,5,40,2,3,66.7,1,2,50,0,0,0,2,0,1,0,0,1,1,7,"A","L",63,48,18,10,18,8,3,15,14,15,29,12,16,0,16,52,63,48,18,10,18,8,3,15,14,15,29,12,16,0,16,52,1.1,9.5,115.8,0.09,21.1,2,62.5,0.25,6.6,61.9,10.53,4.4,0,"2023-2024"
"PAN","ASM","21_2","Regular Season","Mike  James",36,11,2,12,16.7,2,3,66.7,1,2,50,0,6,6,5,2,6,0,1,2,5,8,"A","L",63,48,18,10,18,8,3,15,14,15,29,12,16,0,16,52,63,48,18,10,18,8,3,15,14,15,29,12,16,0,16,52,0.65,21,52.4,0.06,23.8,0.8,33.3,0.13,2.2,34.6,28.57,5.6,0,"2023-2024"
"PAN","ASM","21_2","Regular Season","Alpha  Diallo",19,4,2,5,40,0,0,NA,0,2,0,2,2,4,2,3,4,0,1,3,4,4,"A","L",63,48,18,10,18,8,3,15,14,15,29,12,16,0,16,52,63,48,18,10,18,8,3,15,14,15,29,12,16,0,16,52,0.57,7.6,52.6,0,26.3,0.5,40,0.4,1.7,34,52.63,4.8,7.1,"2023-2024"
"PAN","ASM","21_2","Regular Season","Petr  Cornelie",14,5,1,3,33.3,1,3,33.3,0,0,NA,3,1,4,2,1,0,0,1,3,0,4,"A","L",63,48,18,10,18,8,3,15,14,15,29,12,16,0,16,52,63,48,18,10,18,8,3,15,14,15,29,12,16,0,16,52,0.83,2.9,172.4,0.05,69,Inf,41.7,0,5.2,41.7,0,4,10.7,"2023-2024"
"PAN","ASM","21_2","Regular Season","Kemba  Walker",15,3,0,1,0,1,1,100,0,0,NA,0,0,0,1,0,1,0,0,1,0,1,"A","L",63,48,18,10,18,8,3,15,14,15,29,12,16,0,16,52,63,48,18,10,18,8,3,15,14,15,29,12,16,0,16,52,1.5,2.9,103.4,0.02,34.5,1,75,0,1.3,75,34.48,1.9,0,"2023-2024"
"PAN","ASM","21_2","Regular Season","Donatas  Motiejunas",20,13,5,6,83.3,1,3,33.3,0,0,NA,1,2,3,0,2,0,0,0,2,0,13,"A","L",63,48,18,10,18,8,3,15,14,15,29,12,16,0,16,52,63,48,18,10,18,8,3,15,14,15,29,12,16,0,16,52,1.44,7.7,168.8,0.19,0,NA,72.2,0,11.6,72.2,0,4.2,3.6,"2023-2024"
"PAN","ASM","21_2","Regular Season","Yakuba  Ouattara",17,7,2,4,50,1,2,50,0,2,0,2,2,4,1,0,0,0,0,0,1,8,"A","L",63,48,18,10,18,8,3,15,14,15,29,12,16,0,16,52,63,48,18,10,18,8,3,15,14,15,29,12,16,0,16,52,0.88,4.7,148.9,0.09,21.3,Inf,58.3,0.33,5.9,50.9,0,3.7,7.1,"2023-2024"
"PAN","ASM","21_2","Regular Season","Donta  Hall",13,4,2,2,100,0,0,NA,0,0,NA,1,0,1,1,1,0,0,0,0,0,7,"A","L",63,48,18,10,18,8,3,15,14,15,29,12,16,0,16,52,63,48,18,10,18,8,3,15,14,15,29,12,16,0,16,52,2,1,400,0.1,100,Inf,100,0,5.8,100,0,1.4,3.6,"2023-2024"
"RMB","VAL","21_3","Regular Season","Jared  Harper",27,8,1,3,33.3,1,8,12.5,3,4,75,0,0,0,2,0,2,0,2,3,4,-3,"A","L",86,48,30,10,25,9,9,20,10,27,37,5,10,1,25,79,86,48,30,10,25,9,9,20,10,27,37,5,10,1,25,79,0.53,14.2,56.3,-0.04,14.1,1,22.7,0.36,-1.1,31.3,14.08,4.7,0,"2023-2024"
"RMB","VAL","21_3","Regular Season","Nate  Reuvers",18,2,1,3,33.3,0,2,0,0,0,NA,0,1,1,0,0,1,0,0,2,0,-4,"A","L",86,48,30,10,25,9,9,20,10,27,37,5,10,1,25,79,86,48,30,10,25,9,9,20,10,27,37,5,10,1,25,79,0.4,5.8,34.5,-0.03,0,0,20,0,-2.6,20,17.24,2.9,0,"2023-2024"
"RMB","VAL","21_3","Regular Season","Justin  Anderson",21,9,3,8,37.5,1,1,100,0,0,NA,3,2,5,2,1,1,0,3,0,0,8,"A","L",86,48,30,10,25,9,9,20,10,27,37,5,10,1,25,79,86,48,30,10,25,9,9,20,10,27,37,5,10,1,25,79,1,6.7,134.3,0.07,29.9,2,50,0,8.4,50,14.93,4.1,15,"2023-2024"
"RMB","VAL","21_3","Regular Season","Chris  Jones",29,17,2,6,33.3,3,6,50,4,4,100,0,3,3,6,1,2,0,0,3,2,17,"A","L",86,48,30,10,25,9,9,20,10,27,37,5,10,1,25,79,86,48,30,10,25,9,9,20,10,27,37,5,10,1,25,79,1.06,15.1,112.6,0.12,39.7,3,54.2,0.33,13.5,61.8,13.25,4.7,0,"2023-2024"
"RMB","VAL","21_3","Regular Season","Boubacar  Toure",9,0,0,0,NA,0,0,NA,0,0,NA,1,6,7,0,1,1,1,0,3,0,5,"A","L",86,48,30,10,25,9,9,20,10,27,37,5,10,1,25,79,86,48,30,10,25,9,9,20,10,27,37,5,10,1,25,79,NA,0,NA,0.03,NA,0,NA,NA,2,NA,Inf,1,5,"2023-2024"
"RMB","VAL","21_3","Regular Season","Josep  Puerto",16,6,3,5,60,0,2,0,0,0,NA,1,4,5,0,0,0,0,2,1,3,7,"A","L",86,48,30,10,25,9,9,20,10,27,37,5,10,1,25,79,86,48,30,10,25,9,9,20,10,27,37,5,10,1,25,79,0.86,5.8,103.4,0.04,0,NA,42.9,0,3.8,42.9,0,3.8,5,"2023-2024"
"RMB","VAL","21_3","Regular Season","Jaime  Pradilla",9,6,3,4,75,0,0,NA,0,0,NA,3,2,5,0,0,0,0,1,2,0,7,"A","L",86,48,30,10,25,9,9,20,10,27,37,5,10,1,25,79,86,48,30,10,25,9,9,20,10,27,37,5,10,1,25,79,1.5,1,600,0.05,0,NA,75,0,6.3,75,0,3.8,15,"2023-2024"
"RMB","VAL","21_3","Regular Season","Xabi  Lopez-Arostegui",5,0,0,1,0,0,2,0,0,0,NA,0,1,1,1,0,0,0,0,0,0,-1,"A","L",86,48,30,10,25,9,9,20,10,27,37,5,10,1,25,79,86,48,30,10,25,9,9,20,10,27,37,5,10,1,25,79,0,2.9,0,-0.01,34.5,Inf,0,0,-1.1,0,0,5.2,0,"2023-2024"
"RMB","VAL","21_3","Regular Season","Damien  Inglis",29,8,4,5,80,0,1,0,0,0,NA,1,3,4,4,1,2,0,0,4,4,13,"A","L",86,48,30,10,25,9,9,20,10,27,37,5,10,1,25,79,86,48,30,10,25,9,9,20,10,27,37,5,10,1,25,79,1.33,6.7,119.4,0.07,59.7,2,66.7,0,7.2,66.7,29.85,2.4,5,"2023-2024"
"RMB","VAL","21_3","Regular Season","Stefan  Jovic",20,11,3,4,75,1,1,100,2,2,100,1,3,4,4,1,1,0,0,0,3,21,"A","L",86,48,30,10,25,9,9,20,10,27,37,5,10,1,25,79,86,48,30,10,25,9,9,20,10,27,37,5,10,1,25,79,1.57,5.6,196.4,0.14,71.4,4,90,0.4,13.5,93.5,17.86,3,5,"2023-2024"
"RMB","VAL","21_3","Regular Season","Kassius  Robertson",17,0,0,1,0,0,0,NA,0,0,NA,0,0,0,0,0,0,0,0,2,1,-2,"A","L",86,48,30,10,25,9,9,20,10,27,37,5,10,1,25,79,86,48,30,10,25,9,9,20,10,27,37,5,10,1,25,79,0,1,0,-0.02,0,NA,0,0,-1.5,0,0,0.5,0,"2023-2024"
"RMB","VAL","21_3","Regular Season","Brandon  Davies",23,19,5,8,62.5,3,7,42.9,0,0,NA,0,2,2,1,0,0,0,0,5,1,11,"A","L",86,48,30,10,25,9,9,20,10,27,37,5,10,1,25,79,86,48,30,10,25,9,9,20,10,27,37,5,10,1,25,79,1.27,14.4,131.9,0.08,6.9,Inf,63.3,0,11,63.3,0,5.6,0,"2023-2024"
"VAL","RMB","21_3","Regular Season","Fabien  Causeur",16,3,0,1,0,1,4,25,0,0,NA,0,1,1,1,0,2,1,0,0,0,0,"H","W",96,40,33,26,18,13,21,18,14,32,46,5,11,8,18,121,96,40,33,26,18,13,21,18,14,32,46,5,11,8,18,121,0.6,6.7,44.8,0,14.9,0.5,30,0,-0.4,30,29.85,3.7,0,"2023-2024"
"VAL","RMB","21_3","Regular Season","Facundo  Campazzo",30,19,1,4,25,4,6,66.7,5,6,83.3,2,1,3,7,2,2,1,0,3,7,28,"H","W",96,40,33,26,18,13,21,18,14,32,46,5,11,8,18,121,96,40,33,26,18,13,21,18,14,32,46,5,11,8,18,121,1.19,12.1,157,0.11,57.9,3.5,70,0.6,19.7,75.2,16.53,4.1,7.1,"2023-2024"
"VAL","RMB","21_3","Regular Season","Walter  Tavares",38,18,7,14,50,0,0,NA,4,8,50,5,14,19,2,0,4,2,0,1,7,32,"H","W",96,40,33,26,18,13,21,18,14,32,46,5,11,8,18,121,96,40,33,26,18,13,21,18,14,32,46,5,11,8,18,121,0.82,15.9,113.2,0.12,12.6,0.5,50,0.57,15.5,51.4,25.16,4.7,17.9,"2023-2024"
"VAL","RMB","21_3","Regular Season","Guerschon  Yabusele",23,7,2,6,33.3,1,2,50,0,0,NA,3,2,5,0,0,0,0,0,0,1,8,"H","W",96,40,33,26,18,13,21,18,14,32,46,5,11,8,18,121,96,40,33,26,18,13,21,18,14,32,46,5,11,8,18,121,0.88,4.8,145.8,0.03,0,NA,43.8,0,5.3,43.8,0,2.9,10.7,"2023-2024"
"VAL","RMB","21_3","Regular Season","Dzanan  Musa",28,13,3,4,75,0,5,0,7,7,100,1,3,4,2,0,2,2,1,0,4,16,"H","W",96,40,33,26,18,13,21,18,14,32,46,5,11,8,18,121,96,40,33,26,18,13,21,18,14,32,46,5,11,8,18,121,0.81,12.6,103.2,0.07,15.9,1,33.3,0.78,10.3,53.8,15.87,4.2,3.6,"2023-2024"
"VAL","RMB","21_3","Regular Season","Alberto   Abalde",17,3,0,0,NA,1,2,50,0,0,NA,0,2,2,0,1,0,1,0,4,0,2,"H","W",96,40,33,26,18,13,21,18,14,32,46,5,11,8,18,121,96,40,33,26,18,13,21,18,14,32,46,5,11,8,18,121,1.5,1.9,157.9,0.01,0,NA,75,0,2.7,75,0,1,0,"2023-2024"
"VAL","RMB","21_3","Regular Season","Mario  Hezonja",25,10,1,3,33.3,1,4,25,5,5,100,2,4,6,0,0,0,0,0,2,3,12,"H","W",96,40,33,26,18,13,21,18,14,32,46,5,11,8,18,121,96,40,33,26,18,13,21,18,14,32,46,5,11,8,18,121,0.83,6.9,144.9,0.05,0,NA,35.7,0.71,7.7,54.3,0,3.1,7.1,"2023-2024"
"VAL","RMB","21_3","Regular Season","Carlos  Alocen",1,0,0,1,0,0,0,NA,0,0,NA,0,0,0,0,0,0,0,0,1,0,-2,"H","W",96,40,33,26,18,13,21,18,14,32,46,5,11,8,18,121,96,40,33,26,18,13,21,18,14,32,46,5,11,8,18,121,0,1,0,-0.01,0,NA,0,0,-1.1,0,0,8.4,0,"2023-2024"
"VAL","RMB","21_3","Regular Season","Sergio  Rodriguez",14,5,1,2,50,1,2,50,0,0,NA,1,2,3,4,0,1,0,0,3,1,7,"H","W",96,40,33,26,18,13,21,18,14,32,46,5,11,8,18,121,96,40,33,26,18,13,21,18,14,32,46,5,11,8,18,121,1.25,3.8,131.6,0.03,105.3,4,62.5,0,4.9,62.5,26.32,3,3.6,"2023-2024"
"VAL","RMB","21_3","Regular Season","Sergio  Llull",26,16,2,4,50,4,8,50,0,0,NA,0,2,2,2,2,0,0,0,2,2,16,"H","W",96,40,33,26,18,13,21,18,14,32,46,5,11,8,18,121,96,40,33,26,18,13,21,18,14,32,46,5,11,8,18,121,1.33,11.5,139.1,0.08,17.4,Inf,66.7,0,13.2,66.7,0,3.9,0,"2023-2024"
"VAL","RMB","21_3","Regular Season","Eli  Ndiaye",7,2,1,1,100,0,0,NA,0,0,NA,0,1,1,0,0,0,1,0,2,0,2,"H","W",96,40,33,26,18,13,21,18,14,32,46,5,11,8,18,121,96,40,33,26,18,13,21,18,14,32,46,5,11,8,18,121,2,1,200,0.01,0,NA,100,0,1.9,100,0,1.2,0,"2023-2024"
"BAY","FEN","21_4","Regular Season","Scottie  Wilbekin",29,30,1,5,20,6,10,60,10,11,90.9,0,1,1,4,1,4,0,0,3,8,28,"H","W",98,35,29,24,19,13,21,16,6,23,29,7,14,3,19,108,98,35,29,24,19,13,21,16,6,23,29,7,14,3,19,108,1.15,22.9,131,0.12,17.5,1,66.7,0.73,20.8,75.6,17.47,7.4,0,"2023-2024"
"BAY","FEN","21_4","Regular Season","Georgios  Papagiannis",5,2,1,1,100,0,0,NA,0,0,NA,0,0,0,0,0,0,1,0,0,0,3,"H","W",98,35,29,24,19,13,21,16,6,23,29,7,14,3,19,108,98,35,29,24,19,13,21,16,6,23,29,7,14,3,19,108,2,1,200,0.02,0,NA,100,0,2.4,100,0,1.8,0,"2023-2024"
"BAY","FEN","21_4","Regular Season","Dyshawn  Pierre",28,15,3,3,100,1,4,25,6,6,100,3,7,10,2,1,0,1,0,1,4,29,"H","W",98,35,29,24,19,13,21,16,6,23,29,7,14,3,19,108,98,35,29,24,19,13,21,16,6,23,29,7,14,3,19,108,1.15,6.4,234.4,0.14,31.2,Inf,64.3,0.86,18.6,77.8,0,3.1,25,"2023-2024"
"BAY","FEN","21_4","Regular Season","Nick  Calathes",31,6,3,5,60,0,0,NA,0,0,NA,1,4,5,6,2,3,0,1,3,1,11,"H","W",98,35,29,24,19,13,21,16,6,23,29,7,14,3,19,108,98,35,29,24,19,13,21,16,6,23,29,7,14,3,19,108,1.2,6.7,89.6,0.07,89.6,2,60,0,7.6,60,44.78,2.3,8.3,"2023-2024"
"BAY","FEN","21_4","Regular Season","Nathan  Sestina",15,5,1,2,50,1,4,25,0,0,NA,0,1,1,1,0,1,0,0,2,1,1,"H","W",98,35,29,24,19,13,21,16,6,23,29,7,14,3,19,108,98,35,29,24,19,13,21,16,6,23,29,7,14,3,19,108,0.83,6.7,74.6,0,14.9,1,41.7,0,0.8,41.7,14.93,4.2,0,"2023-2024"
"BAY","FEN","21_4","Regular Season","Johnathan  Motley",29,12,6,7,85.7,0,0,NA,0,1,0,2,2,4,0,1,1,0,1,2,4,15,"H","W",98,35,29,24,19,13,21,16,6,23,29,7,14,3,19,108,98,35,29,24,19,13,21,16,6,23,29,7,14,3,19,108,1.5,6.2,193.5,0.07,0,0,85.7,0.14,10.3,80.6,16.13,2.6,16.7,"2023-2024"
"BAY","FEN","21_4","Regular Season","Sertac  Sanli",11,2,1,2,50,0,3,0,0,0,NA,0,0,0,0,0,2,0,0,2,1,-5,"H","W",98,35,29,24,19,13,21,16,6,23,29,7,14,3,19,108,98,35,29,24,19,13,21,16,6,23,29,7,14,3,19,108,0.4,6.7,29.9,-0.04,0,0,20,0,-3.9,20,29.85,5.7,0,"2023-2024"
"BAY","FEN","21_4","Regular Season","Tarik  Biberovic",22,5,1,2,50,1,1,100,0,0,NA,0,2,2,1,0,1,0,0,2,0,4,"H","W",98,35,29,24,19,13,21,16,6,23,29,7,14,3,19,108,98,35,29,24,19,13,21,16,6,23,29,7,14,3,19,108,1.67,3.8,131.6,0.02,26.3,1,83.3,0,3.2,83.3,26.32,1.6,0,"2023-2024"
"BAY","FEN","21_4","Regular Season","Marko  Guduric",22,8,1,2,50,2,2,100,0,0,NA,0,3,3,1,2,1,0,0,1,1,12,"H","W",98,35,29,24,19,13,21,16,6,23,29,7,14,3,19,108,98,35,29,24,19,13,21,16,6,23,29,7,14,3,19,108,2,4.8,166.7,0.07,20.8,1,100,0,8.6,100,20.83,2.1,0,"2023-2024"
"BAY","FEN","21_4","Regular Season","Tyler  Dorsey",23,13,1,4,25,2,4,50,5,6,83.3,0,2,2,1,0,1,1,0,3,4,11,"H","W",98,35,29,24,19,13,21,16,6,23,29,7,14,3,19,108,98,35,29,24,19,13,21,16,6,23,29,7,14,3,19,108,0.93,11.2,116.1,0.04,8.9,1,50,0.75,8,61.1,8.93,4.6,0,"2023-2024"
"BAY","FEN","21_4","Regular Season","Yam  Madar",10,0,0,2,0,0,1,0,0,0,NA,0,1,1,0,0,0,0,0,0,1,-1,"H","W",98,35,29,24,19,13,21,16,6,23,29,7,14,3,19,108,98,35,29,24,19,13,21,16,6,23,29,7,14,3,19,108,0,2.9,0,-0.01,0,NA,0,0,-1.8,0,0,2.7,0,"2023-2024"
"FEN","BAY","21_4","Regular Season","Carsen  Edwards",11,7,0,1,0,1,2,50,4,4,100,0,2,2,1,0,0,0,1,2,2,7,"A","L",91,37,29,21,18,12,19,20,11,22,33,6,15,2,25,90,91,37,29,21,18,12,19,20,11,22,33,6,15,2,25,90,1,4.6,152.2,0.04,21.7,Inf,50,1.33,5.8,73.5,0,3.8,0,"2023-2024"
"FEN","BAY","21_4","Regular Season","Leandro  Bolmaro",20,2,1,4,25,0,0,NA,0,0,NA,0,1,1,6,3,4,1,0,5,0,1,"A","L",91,37,29,21,18,12,19,20,11,22,33,6,15,2,25,90,91,37,29,21,18,12,19,20,11,22,33,6,15,2,25,90,0.5,7.7,26,0,77.9,1.5,25,0,1.8,25,51.95,3.5,0,"2023-2024"
"FEN","BAY","21_4","Regular Season","Vladimir  Lucic",31,11,4,4,100,1,3,33.3,0,0,NA,0,6,6,2,0,0,0,0,2,1,16,"A","L",91,37,29,21,18,12,19,20,11,22,33,6,15,2,25,90,91,37,29,21,18,12,19,20,11,22,33,6,15,2,25,90,1.57,6.7,164.2,0.11,29.9,Inf,78.6,0,10.5,78.6,0,2,0,"2023-2024"
"FEN","BAY","21_4","Regular Season","Danko   Brankovic",13,4,2,3,66.7,0,0,NA,0,0,NA,0,1,1,0,1,1,0,1,2,0,1,"A","L",91,37,29,21,18,12,19,20,11,22,33,6,15,2,25,90,91,37,29,21,18,12,19,20,11,22,33,6,15,2,25,90,1.33,3.8,105.3,0.01,0,0,66.7,0,2.2,66.7,26.32,2.7,0,"2023-2024"
"FEN","BAY","21_4","Regular Season","Devin   Booker",37,16,5,9,55.6,1,3,33.3,3,4,75,1,4,5,2,0,4,0,0,3,5,14,"A","L",91,37,29,21,18,12,19,20,11,22,33,6,15,2,25,90,91,37,29,21,18,12,19,20,11,22,33,6,15,2,25,90,1,16.1,99.4,0.06,12.4,0.5,54.2,0.33,7.7,58.1,24.84,4.3,4.5,"2023-2024"
"FEN","BAY","21_4","Regular Season","Nick  Weiler-Babb",20,3,0,2,0,1,2,50,0,0,NA,3,3,6,2,0,0,0,1,3,0,4,"A","L",91,37,29,21,18,12,19,20,11,22,33,6,15,2,25,90,91,37,29,21,18,12,19,20,11,22,33,6,15,2,25,90,0.75,1,300,0.03,200,Inf,37.5,0,3.8,37.5,0,1.8,13.6,"2023-2024"
"FEN","BAY","21_4","Regular Season","Sylvain  Francisco",24,21,1,2,50,3,8,37.5,10,11,90.9,2,0,2,5,2,2,0,0,0,6,27,"A","L",91,37,29,21,18,12,19,20,11,22,33,6,15,2,25,90,91,37,29,21,18,12,19,20,11,22,33,6,15,2,25,90,1,14.2,147.9,0.15,35.2,2.5,55,1.1,20.1,70.8,14.08,6.2,9.1,"2023-2024"
"FEN","BAY","21_4","Regular Season","Niels  Giffey",5,0,0,2,0,0,0,NA,0,0,NA,1,0,1,1,0,0,0,0,1,0,-1,"A","L",91,37,29,21,18,12,19,20,11,22,33,6,15,2,25,90,91,37,29,21,18,12,19,20,11,22,33,6,15,2,25,90,0,1,0,-0.01,100,Inf,0,0,-0.4,0,0,3.5,4.5,"2023-2024"
"FEN","BAY","21_4","Regular Season","Dino  Radoncic",11,0,0,0,NA,0,0,NA,0,0,NA,1,2,3,0,0,0,0,0,0,0,3,"A","L",91,37,29,21,18,12,19,20,11,22,33,6,15,2,25,90,91,37,29,21,18,12,19,20,11,22,33,6,15,2,25,90,NA,-1,0,0.02,0,NA,NA,NA,1.3,NA,0,0,4.5,"2023-2024"
"FEN","BAY","21_4","Regular Season","Isaac  Bonga",13,4,2,3,66.7,0,2,0,0,0,NA,1,0,1,0,0,3,1,0,2,2,0,"A","L",91,37,29,21,18,12,19,20,11,22,33,6,15,2,25,90,91,37,29,21,18,12,19,20,11,22,33,6,15,2,25,90,0.8,6.7,59.7,-0.02,0,0,40,0,-1.1,40,44.78,5.5,4.5,"2023-2024"
"FEN","BAY","21_4","Regular Season","Andreas  Obst",27,15,0,0,NA,5,9,55.6,0,0,NA,0,1,1,1,0,0,0,0,3,1,11,"A","L",91,37,29,21,18,12,19,20,11,22,33,6,15,2,25,90,91,37,29,21,18,12,19,20,11,22,33,6,15,2,25,90,1.67,8.6,174.4,0.07,11.6,Inf,83.3,0,10.5,83.3,0,3,0,"2023-2024"
"FEN","BAY","21_4","Regular Season","Elias  Harris",13,8,3,7,42.9,0,0,NA,2,2,100,2,2,4,0,0,1,0,0,2,2,7,"A","L",91,37,29,21,18,12,19,20,11,22,33,6,15,2,25,90,91,37,29,21,18,12,19,20,11,22,33,6,15,2,25,90,0.89,6.6,121.2,0.03,0,0,42.9,0.29,4.5,50.8,15.15,6.1,9.1,"2023-2024"
"BOL","EFE","21_5","Regular Season","Shane  Larkin",34,11,3,8,37.5,0,4,0,5,6,83.3,0,4,4,2,2,1,0,1,3,3,7,"H","W",99,42,24,25,26,9,20,15,12,19,31,12,7,2,20,114,99,42,24,25,26,9,20,15,12,19,31,12,7,2,20,114,0.61,15,73.3,0.03,13.3,2,25,0.5,5.8,37.6,6.67,4.4,0,"2023-2024"
"BOL","EFE","21_5","Regular Season","Rodrigue  Beaubois",22,9,2,4,50,1,4,25,2,2,100,0,1,1,2,0,2,0,0,3,1,3,"H","W",99,42,24,25,26,9,20,15,12,19,31,12,7,2,20,114,99,42,24,25,26,9,20,15,12,19,31,12,7,2,20,114,0.9,10.4,86.5,0.01,19.2,1,43.8,0.25,3.1,50.7,19.23,4.7,0,"2023-2024"
"BOL","EFE","21_5","Regular Season","Darius  Thompson",23,26,6,8,75,4,4,100,2,2,100,1,1,2,2,5,1,0,1,4,4,31,"H","W",99,42,24,25,26,9,20,15,12,19,31,12,7,2,20,114,99,42,24,25,26,9,20,15,12,19,31,12,7,2,20,114,1.86,12.4,209.7,0.15,16.1,2,100,0.17,26.4,100.9,8.06,5.7,4.2,"2023-2024"
"BOL","EFE","21_5","Regular Season","Tibor  Pleiss",12,6,3,4,75,0,2,0,0,0,NA,1,0,1,1,0,0,0,0,0,0,5,"H","W",99,42,24,25,26,9,20,15,12,19,31,12,7,2,20,114,99,42,24,25,26,9,20,15,12,19,31,12,7,2,20,114,1,4.8,125,0.03,20.8,Inf,50,0,4.4,50,0,4.8,4.2,"2023-2024"
"BOL","EFE","21_5","Regular Season","Ercan  Osmani",3,0,0,1,0,0,1,0,0,0,NA,0,1,1,1,1,0,0,0,0,0,1,"H","W",99,42,24,25,26,9,20,15,12,19,31,12,7,2,20,114,99,42,24,25,26,9,20,15,12,19,31,12,7,2,20,114,0,1.9,0,0.01,52.6,Inf,0,0,0.6,0,0,6.3,0,"2023-2024"
"BOL","EFE","21_5","Regular Season","Elijah  Bryant",32,21,5,6,83.3,2,3,66.7,5,5,100,1,2,3,3,0,1,0,1,2,6,27,"H","W",99,42,24,25,26,9,20,15,12,19,31,12,7,2,20,114,99,42,24,25,26,9,20,15,12,19,31,12,7,2,20,114,1.5,10.8,194.4,0.12,27.8,3,88.9,0.56,19.1,93.8,9.26,3.6,4.2,"2023-2024"
"BOL","EFE","21_5","Regular Season","Ridvan  Oncel",10,1,0,0,NA,0,0,NA,1,2,50,0,0,0,1,1,0,0,0,3,1,0,"H","W",99,42,24,25,26,9,20,15,12,19,31,12,7,2,20,114,99,42,24,25,26,9,20,15,12,19,31,12,7,2,20,114,0.5,0.8,125,-0.01,125,Inf,NA,Inf,1.1,56.8,0,0.8,0,"2023-2024"
"BOL","EFE","21_5","Regular Season","Daniel  Oturu",16,6,3,3,100,0,0,NA,0,2,0,1,2,3,0,0,1,1,0,1,2,8,"H","W",99,42,24,25,26,9,20,15,12,19,31,12,7,2,20,114,99,42,24,25,26,9,20,15,12,19,31,12,7,2,20,114,1.2,3.7,162.2,0.03,0,0,100,0.67,4.9,77.3,27.03,2.9,4.2,"2023-2024"
"BOL","EFE","21_5","Regular Season","Derek  Willis",30,9,1,2,50,2,6,33.3,1,2,50,1,5,6,1,1,0,1,0,2,1,11,"H","W",99,42,24,25,26,9,20,15,12,19,31,12,7,2,20,114,99,42,24,25,26,9,20,15,12,19,31,12,7,2,20,114,0.9,7.6,118.4,0.05,13.2,Inf,50,0.25,8,50.7,0,2.8,4.2,"2023-2024"
"BOL","EFE","21_5","Regular Season","Tyrique  Jones",18,10,3,6,50,0,0,NA,4,4,100,7,3,10,2,2,1,0,0,2,3,21,"H","W",99,42,24,25,26,9,20,15,12,19,31,12,7,2,20,114,99,42,24,25,26,9,20,15,12,19,31,12,7,2,20,114,1,1.7,588.2,0.08,117.6,2,50,0.67,14.4,64.4,58.82,4.6,29.2,"2023-2024"
"EFE","BOL","21_5","Regular Season","Isaia  Cordinier",22,9,2,4,50,1,1,100,2,2,100,2,4,6,3,3,3,1,0,2,2,17,"A","L",75,30,23,20,18,7,18,15,7,21,28,6,18,3,22,75,75,30,23,20,18,7,18,15,7,21,28,6,18,3,22,75,1.29,6.6,136.4,0.13,45.5,1,70,0.4,11.3,76.5,45.45,4,14.3,"2023-2024"
"EFE","BOL","21_5","Regular Season","Marco  Belinelli",20,10,4,8,50,0,3,0,2,3,66.7,1,1,2,3,0,2,0,1,3,1,2,"A","L",75,30,23,20,18,7,18,15,7,21,28,6,18,3,22,75,75,30,23,20,18,7,18,15,7,21,28,6,18,3,22,75,0.71,12.8,78.1,0.01,23.4,1.5,36.4,0.27,3.4,40.6,15.62,7.2,7.1,"2023-2024"
"EFE","BOL","21_5","Regular Season","Daniel  Hackett",27,6,2,4,50,0,1,0,2,2,100,0,4,4,3,0,7,0,0,3,3,3,"A","L",75,30,23,20,18,7,18,15,7,21,28,6,18,3,22,75,75,30,23,20,18,7,18,15,7,21,28,6,18,3,22,75,0.86,12.4,48.4,0,24.2,0.4,40,0.4,-1.6,51,56.45,4.8,0,"2023-2024"
"EFE","BOL","21_5","Regular Season","Achille  Polonara",16,5,1,1,100,1,1,100,0,0,NA,1,2,3,0,1,0,0,0,2,1,8,"A","L",75,30,23,20,18,7,18,15,7,21,28,6,18,3,22,75,75,30,23,20,18,7,18,15,7,21,28,6,18,3,22,75,2.5,1,500,0.06,0,NA,125,0,5.9,125,0,1.3,7.1,"2023-2024"
"EFE","BOL","21_5","Regular Season","Ante  Zizic",8,2,1,1,100,0,0,NA,0,0,NA,0,1,1,0,0,1,0,0,0,1,3,"A","L",75,30,23,20,18,7,18,15,7,21,28,6,18,3,22,75,75,30,23,20,18,7,18,15,7,21,28,6,18,3,22,75,2,1.9,105.3,0.02,0,0,100,0,1,100,52.63,2.5,0,"2023-2024"
"EFE","BOL","21_5","Regular Season","Gabriel  Lundberg",19,14,2,2,100,2,7,28.6,4,4,100,0,3,3,1,1,1,0,0,1,2,14,"A","L",75,30,23,20,18,7,18,15,7,21,28,6,18,3,22,75,75,30,23,20,18,7,18,15,7,21,28,6,18,3,22,75,1.08,11.3,123.9,0.12,8.8,1,55.6,0.44,10.5,65.1,8.85,6.2,0,"2023-2024"
"EFE","BOL","21_5","Regular Season","Alessandro  Pajola",11,5,1,1,100,1,2,50,0,0,NA,0,0,0,1,0,1,1,0,5,1,1,"A","L",75,30,23,20,18,7,18,15,7,21,28,6,18,3,22,75,75,30,23,20,18,7,18,15,7,21,28,6,18,3,22,75,1.67,3.8,131.6,0,26.3,1,83.3,0,2.1,83.3,26.32,3.6,0,"2023-2024"
"EFE","BOL","21_5","Regular Season","Rihards  Lomazs",9,3,1,1,100,0,1,0,1,1,100,0,0,0,0,0,1,0,0,3,1,-1,"A","L",75,30,23,20,18,7,18,15,7,21,28,6,18,3,22,75,75,30,23,20,18,7,18,15,7,21,28,6,18,3,22,75,1,3.3,90.9,-0.02,0,0,50,0.5,-0.2,61.5,30.3,3.8,0,"2023-2024"
"EFE","BOL","21_5","Regular Season","Tornike  Shengelia",15,3,0,2,0,0,1,0,3,4,75,0,2,2,1,0,2,0,1,1,4,2,"A","L",75,30,23,20,18,7,18,15,7,21,28,6,18,3,22,75,75,30,23,20,18,7,18,15,7,21,28,6,18,3,22,75,0.43,6.5,46.2,-0.01,15.4,0.5,0,1.33,-0.6,31.5,30.77,4.5,0,"2023-2024"
"EFE","BOL","21_5","Regular Season","Jordan  Mickey",13,12,1,2,50,2,3,66.7,4,4,100,2,3,5,1,0,0,0,0,0,3,19,"A","L",75,30,23,20,18,7,18,15,7,21,28,6,18,3,22,75,75,30,23,20,18,7,18,15,7,21,28,6,18,3,22,75,1.33,4.6,260.9,0.14,21.7,Inf,80,0.8,12.7,88.8,0,5.2,14.3,"2023-2024"
"EFE","BOL","21_5","Regular Season","Bryant  Dunston",25,4,2,2,100,0,0,NA,0,0,NA,1,1,2,1,1,0,1,0,1,1,9,"A","L",75,30,23,20,18,7,18,15,7,21,28,6,18,3,22,75,75,30,23,20,18,7,18,15,7,21,28,6,18,3,22,75,2,1,400,0.07,100,Inf,100,0,6.4,100,0,0.8,7.1,"2023-2024"
"EFE","BOL","21_5","Regular Season","Awudu  Abass",15,2,1,2,50,0,3,0,0,0,NA,0,0,0,1,0,0,0,0,1,0,-2,"A","L",75,30,23,20,18,7,18,15,7,21,28,6,18,3,22,75,75,30,23,20,18,7,18,15,7,21,28,6,18,3,22,75,0.4,4.8,41.7,-0.02,20.8,Inf,20,0,-0.8,20,0,3.3,0,"2023-2024"
"BAR","ZAL","21_6","Regular Season","Keenan  Evans",24,14,3,6,50,1,5,20,5,6,83.3,0,3,3,5,2,4,0,1,2,6,15,"A","L",73,34,28,22,14,9,18,15,10,18,28,6,13,0,21,64,73,34,28,22,14,9,18,15,10,18,28,6,13,0,21,64,0.82,16.9,82.8,0.12,29.6,1.2,40.9,0.55,9.1,51.3,23.67,6.9,0,"2023-2024"
"BAR","ZAL","21_6","Regular Season","Rolands  Smits",21,5,2,6,33.3,0,3,0,1,3,33.3,2,1,3,1,0,2,0,2,3,3,-4,"A","L",73,34,28,22,14,9,18,15,10,18,28,6,13,0,21,64,73,34,28,22,14,9,18,15,10,18,28,6,13,0,21,64,0.42,9.9,50.5,-0.07,10.1,0.5,22.2,0.33,-2.1,24.2,20.2,5.5,10,"2023-2024"
"BAR","ZAL","21_6","Regular Season","Laurynas  Birutis",26,9,2,7,28.6,0,0,NA,5,6,83.3,3,2,5,1,0,0,0,0,3,6,12,"A","L",73,34,28,22,14,9,18,15,10,18,28,6,13,0,21,64,73,34,28,22,14,9,18,15,10,18,28,6,13,0,21,64,0.69,6.4,140.6,0.06,15.6,Inf,28.6,0.86,6.7,46.7,0,3.5,15,"2023-2024"
"BAR","ZAL","21_6","Regular Season","Edmond  Sumner",24,15,2,4,50,3,6,50,2,2,100,0,2,2,2,1,3,0,0,3,3,12,"A","L",73,34,28,22,14,9,18,15,10,18,28,6,13,0,21,64,73,34,28,22,14,9,18,15,10,18,28,6,13,0,21,64,1.25,13.3,112.8,0.11,15,0.7,65,0.2,8.8,68.9,22.56,5.5,0,"2023-2024"
"BAR","ZAL","21_6","Regular Season","Edgaras  Ulanovas",29,7,1,1,100,0,0,NA,5,5,100,0,3,3,0,1,1,0,0,3,4,11,"A","L",73,34,28,22,14,9,18,15,10,18,28,6,13,0,21,64,73,34,28,22,14,9,18,15,10,18,28,6,13,0,21,64,1.17,4,175,0.09,0,0,100,5,6.4,109.4,25,1.4,0,"2023-2024"
"BAR","ZAL","21_6","Regular Season","Lukas  Lekavicius",14,3,0,1,0,1,3,33.3,0,0,NA,0,0,0,3,1,0,0,0,0,0,4,"A","L",73,34,28,22,14,9,18,15,10,18,28,6,13,0,21,64,73,34,28,22,14,9,18,15,10,18,28,6,13,0,21,64,0.75,3.8,78.9,0.05,78.9,Inf,37.5,0,3.7,37.5,0,2.7,0,"2023-2024"
"BAR","ZAL","21_6","Regular Season","Kevarrius  Hayes",6,2,1,4,25,0,0,NA,0,0,NA,1,0,1,1,0,1,0,0,2,0,-2,"A","L",73,34,28,22,14,9,18,15,10,18,28,6,13,0,21,64,73,34,28,22,14,9,18,15,10,18,28,6,13,0,21,64,0.5,3.8,52.6,-0.03,26.3,1,25,0,-0.8,25,26.32,7.9,5,"2023-2024"
"BAR","ZAL","21_6","Regular Season","Dovydas  Giedraitis",2,0,0,0,NA,0,0,NA,0,0,NA,0,0,0,0,0,0,0,0,0,0,0,"A","L",73,34,28,22,14,9,18,15,10,18,28,6,13,0,21,64,73,34,28,22,14,9,18,15,10,18,28,6,13,0,21,64,NA,0,NA,0,NA,NA,NA,NA,0,NA,NA,0,0,"2023-2024"
"BAR","ZAL","21_6","Regular Season","Austin  Hollins",10,6,0,1,0,2,3,66.7,0,0,NA,1,1,2,0,0,1,0,0,2,0,3,"A","L",73,34,28,22,14,9,18,15,10,18,28,6,13,0,21,64,73,34,28,22,14,9,18,15,10,18,28,6,13,0,21,64,1.5,3.8,157.9,0.03,0,0,75,0,3.2,75,26.32,4.7,5,"2023-2024"
"BAR","ZAL","21_6","Regular Season","Tomas  Dimsa",17,2,1,2,50,0,3,0,0,0,NA,2,1,3,0,0,1,0,0,1,0,-1,"A","L",73,34,28,22,14,9,18,15,10,18,28,6,13,0,21,64,73,34,28,22,14,9,18,15,10,18,28,6,13,0,21,64,0.4,3.8,52.6,-0.03,0,0,20,0,-0.8,20,26.32,3.3,10,"2023-2024"
"BAR","ZAL","21_6","Regular Season","Brady   Manek",25,10,2,2,100,2,5,40,0,0,NA,1,5,6,2,1,0,0,0,2,0,14,"A","L",73,34,28,22,14,9,18,15,10,18,28,6,13,0,21,64,73,34,28,22,14,9,18,15,10,18,28,6,13,0,21,64,1.43,5.8,172.4,0.17,34.5,Inf,71.4,0,10.5,71.4,0,2.6,5,"2023-2024"
"ZAL","BAR","21_6","Regular Season","Jan  Vesely",18,8,3,5,60,0,0,NA,2,3,66.7,1,2,3,1,1,2,0,0,3,5,10,"H","W",91,41,22,18,23,10,15,17,10,24,34,7,14,3,22,103,91,41,22,18,23,10,15,17,10,24,34,7,14,3,22,103,1,7,114.3,0.03,14.3,0.5,60,0.6,5.1,63.3,28.57,4.4,5,"2023-2024"
"ZAL","BAR","21_6","Regular Season","Dario  Brizuela",28,24,7,8,87.5,3,6,50,1,1,100,2,2,4,2,0,0,0,0,4,1,23,"H","W",91,41,22,18,23,10,15,17,10,24,34,7,14,3,22,103,91,41,22,18,23,10,15,17,10,24,34,7,14,3,22,103,1.6,11.9,201.7,0.14,16.8,Inf,82.1,0.07,20,83.1,0,4.9,10,"2023-2024"
"ZAL","BAR","21_6","Regular Season","Nikola  Kalinic",28,8,1,3,33.3,1,2,50,3,4,75,0,1,1,5,2,2,0,0,2,4,12,"H","W",91,41,22,18,23,10,15,17,10,24,34,7,14,3,22,103,91,41,22,18,23,10,15,17,10,24,34,7,14,3,22,103,0.89,8.4,95.2,0.05,59.5,2.5,50,0.8,7.9,59.2,23.81,2.9,0,"2023-2024"
"ZAL","BAR","21_6","Regular Season","Tomas  Satoransky",25,12,2,5,40,2,3,66.7,2,2,100,2,2,4,4,0,3,0,0,1,3,15,"H","W",91,41,22,18,23,10,15,17,10,24,34,7,14,3,22,103,91,41,22,18,23,10,15,17,10,24,34,7,14,3,22,103,1.2,9.5,126.3,0.07,42.1,1.3,62.5,0.25,9.4,67.6,31.58,4.5,10,"2023-2024"
"ZAL","BAR","21_6","Regular Season","Jabari  Parker",27,18,2,4,50,4,5,80,2,2,100,0,6,6,1,2,1,0,0,2,1,22,"H","W",91,41,22,18,23,10,15,17,10,24,34,7,14,3,22,103,91,41,22,18,23,10,15,17,10,24,34,7,14,3,22,103,1.64,10.4,173.1,0.14,9.6,1,88.9,0.22,16.8,91.1,9.62,3.8,0,"2023-2024"
"ZAL","BAR","21_6","Regular Season","Oscar  da Silva",13,2,1,1,100,0,0,NA,0,0,NA,2,2,4,0,0,1,0,0,2,0,3,"H","W",91,41,22,18,23,10,15,17,10,24,34,7,14,3,22,103,91,41,22,18,23,10,15,17,10,24,34,7,14,3,22,103,2,0,Inf,0.01,NA,0,100,0,1.9,100,Inf,1.4,10,"2023-2024"
"ZAL","BAR","21_6","Regular Season","Oriol  Pauli",3,4,2,2,100,0,1,0,0,0,NA,1,0,1,0,0,0,0,0,1,0,3,"H","W",91,41,22,18,23,10,15,17,10,24,34,7,14,3,22,103,91,41,22,18,23,10,15,17,10,24,34,7,14,3,22,103,1.33,1.9,210.5,0.02,0,NA,66.7,0,3,66.7,0,9.4,5,"2023-2024"
"ZAL","BAR","21_6","Regular Season","Willy  Hernangomez",21,8,2,6,33.3,0,0,NA,4,4,100,2,6,8,0,1,3,2,0,2,4,14,"H","W",91,41,22,18,23,10,15,17,10,24,34,7,14,3,22,103,91,41,22,18,23,10,15,17,10,24,34,7,14,3,22,103,0.8,8.4,95.2,0.05,0,0,33.3,0.67,6.4,51.5,35.71,4.8,10,"2023-2024"
"ZAL","BAR","21_6","Regular Season","Rokas  Jokubaitis",16,5,2,5,40,0,2,0,1,2,50,0,1,1,3,1,0,0,0,1,2,5,"H","W",91,41,22,18,23,10,15,17,10,24,34,7,14,3,22,103,91,41,22,18,23,10,15,17,10,24,34,7,14,3,22,103,0.56,7.6,65.8,0.02,39.5,Inf,28.6,0.29,3.5,31.7,0,4.6,0,"2023-2024"
"ZAL","BAR","21_6","Regular Season","Dame  Sarr",1,0,0,0,NA,0,2,0,0,0,NA,0,0,0,0,0,0,0,0,0,0,-2,"H","W",91,41,22,18,23,10,15,17,10,24,34,7,14,3,22,103,91,41,22,18,23,10,15,17,10,24,34,7,14,3,22,103,0,1.9,0,-0.01,0,NA,0,0,-1.4,0,0,18.8,0,"2023-2024"
"ZAL","BAR","21_6","Regular Season","Kasparas  Jakucionis",1,2,1,1,100,0,0,NA,0,0,NA,0,1,1,0,0,1,0,0,1,0,1,"H","W",91,41,22,18,23,10,15,17,10,24,34,7,14,3,22,103,91,41,22,18,23,10,15,17,10,24,34,7,14,3,22,103,2,1.9,105.3,0.01,0,0,100,0,0.6,100,52.63,18.8,0,"2023-2024"
"ZAL","BAR","21_6","Regular Season","Joel  Parra",18,0,0,1,0,0,1,0,0,0,NA,0,1,1,1,0,1,1,0,3,0,-3,"H","W",91,41,22,18,23,10,15,17,10,24,34,7,14,3,22,103,91,41,22,18,23,10,15,17,10,24,34,7,14,3,22,103,0,2.9,0,-0.02,34.5,1,0,0,-1.9,0,34.48,1.6,0,"2023-2024"
"MAC","PAR","21_7","Regular Season","Jaleen  Smith",3,0,0,1,0,0,0,NA,0,0,NA,0,0,0,0,0,0,0,1,1,2,-1,"H","W",88,44,21,17,23,10,12,17,12,27,39,1,10,5,23,99,88,44,21,17,23,10,12,17,12,27,39,1,10,5,23,99,0,1,0,-0.01,0,NA,0,0,-1.1,0,0,3.2,0,"2023-2024"
"MAC","PAR","21_7","Regular Season","Zach  LeDay",31,7,1,3,33.3,1,2,50,2,3,66.7,1,4,5,3,0,0,0,0,0,4,15,"H","W",88,44,21,17,23,10,12,17,12,27,39,1,10,5,23,99,88,44,21,17,23,10,12,17,12,27,39,1,10,5,23,99,0.88,5.1,137.3,0.07,58.8,Inf,50,0.6,7.9,55.4,0,2,4.2,"2023-2024"
"MAC","PAR","21_7","Regular Season","Kevin  Punter",21,5,1,3,33.3,1,3,33.3,0,0,NA,0,2,2,1,0,2,0,2,4,1,-3,"H","W",88,44,21,17,23,10,12,17,12,27,39,1,10,5,23,99,88,44,21,17,23,10,12,17,12,27,39,1,10,5,23,99,0.83,7.7,64.9,-0.01,13,0.5,41.7,0,-0.7,41.7,25.97,3.7,0,"2023-2024"
"MAC","PAR","21_7","Regular Season","Uros  Trifunovic",28,8,2,3,66.7,1,2,50,1,1,100,2,3,5,1,0,1,0,0,2,3,12,"H","W",88,44,21,17,23,10,12,17,12,27,39,1,10,5,23,99,88,44,21,17,23,10,12,17,12,27,39,1,10,5,23,99,1.33,4.3,186,0.06,23.3,1,70,0.2,6.9,73.5,23.26,2.2,8.3,"2023-2024"
"MAC","PAR","21_7","Regular Season","Bruno  Caboclo",25,11,2,5,40,1,1,100,4,6,66.7,4,0,4,0,0,1,4,0,5,4,12,"H","W",88,44,21,17,23,10,12,17,12,27,39,1,10,5,23,99,88,44,21,17,23,10,12,17,12,27,39,1,10,5,23,99,0.92,5.4,203.7,0.03,0,0,58.3,1,9.8,63.7,18.52,3.7,16.7,"2023-2024"
"MAC","PAR","21_7","Regular Season","Alen  Smailagic",21,9,2,5,40,1,1,100,2,4,50,1,4,5,1,0,0,1,0,3,3,11,"H","W",88,44,21,17,23,10,12,17,12,27,39,1,10,5,23,99,88,44,21,17,23,10,12,17,12,27,39,1,10,5,23,99,0.9,6.5,138.5,0.05,15.4,Inf,58.3,0.67,7.3,58,0,3.6,4.2,"2023-2024"
"MAC","PAR","21_7","Regular Season","Ognjen  Jaramaz",20,5,1,1,100,1,3,33.3,0,0,NA,0,2,2,3,0,1,0,0,3,0,4,"H","W",88,44,21,17,23,10,12,17,12,27,39,1,10,5,23,99,88,44,21,17,23,10,12,17,12,27,39,1,10,5,23,99,1.25,4.8,104.2,0.03,62.5,3,62.5,0,3.5,62.5,20.83,2.4,0,"2023-2024"
"MAC","PAR","21_7","Regular Season","James  Nunnally",27,20,5,10,50,3,5,60,1,1,100,2,7,9,5,0,3,0,1,2,2,23,"H","W",88,44,21,17,23,10,12,17,12,27,39,1,10,5,23,99,88,44,21,17,23,10,12,17,12,27,39,1,10,5,23,99,1.25,15.8,126.6,0.15,31.6,1.7,63.3,0.07,15.9,64.8,18.99,6.6,8.3,"2023-2024"
"MAC","PAR","21_7","Regular Season","P.J.  Dozier",22,23,9,13,69.2,1,4,25,2,2,100,2,5,7,3,1,2,0,0,3,4,26,"H","W",88,44,21,17,23,10,12,17,12,27,39,1,10,5,23,99,88,44,21,17,23,10,12,17,12,27,39,1,10,5,23,99,1.21,17.2,133.7,0.15,17.4,1.5,61.8,0.12,17.9,64.3,11.63,8.8,8.3,"2023-2024"
"MAC","PAR","21_7","Regular Season","Mateusz  Ponitka",1,0,0,0,NA,0,0,NA,0,0,NA,0,0,0,0,0,0,0,0,0,0,0,"H","W",88,44,21,17,23,10,12,17,12,27,39,1,10,5,23,99,88,44,21,17,23,10,12,17,12,27,39,1,10,5,23,99,NA,0,NA,0,NA,NA,NA,NA,0,NA,NA,0,0,"2023-2024"
"PAR","MAC","21_7","Regular Season","Lorenzo  Brown",28,7,2,6,33.3,1,6,16.7,0,0,NA,0,0,0,1,0,1,0,1,2,1,-4,"A","L",79,37,30,20,20,8,15,17,10,21,31,4,9,4,24,76,79,37,30,20,20,8,15,17,10,21,31,4,9,4,24,76,0.58,12.5,56,-0.04,8,1,29.2,0,-1.3,29.2,8,4.4,0,"2023-2024"
"PAR","MAC","21_7","Regular Season","Wade  Baldwin IV",28,19,4,7,57.1,2,8,25,5,6,83.3,0,0,0,5,1,2,2,0,3,8,20,"A","L",79,37,30,20,20,8,15,17,10,21,31,4,9,4,24,76,79,37,30,20,20,8,15,17,10,21,31,4,9,4,24,76,0.9,18.9,100.5,0.11,26.5,2.5,46.7,0.4,13.2,53.9,10.58,6.6,0,"2023-2024"
"PAR","MAC","21_7","Regular Season","Roman  Sorkin",25,14,7,10,70,0,1,0,0,0,NA,3,3,6,1,1,2,0,0,4,1,13,"A","L",79,37,30,20,20,8,15,17,10,21,31,4,9,4,24,76,79,37,30,20,20,8,15,17,10,21,31,4,9,4,24,76,1.27,9.6,145.8,0.1,10.4,0.5,63.6,0,10.2,63.6,20.83,4.9,15,"2023-2024"
"PAR","MAC","21_7","Regular Season","Josh  Nebo",21,5,2,3,66.7,0,0,NA,1,3,33.3,2,4,6,0,1,2,0,1,1,3,8,"A","L",79,37,30,20,20,8,15,17,10,21,31,4,9,4,24,76,79,37,30,20,20,8,15,17,10,21,31,4,9,4,24,76,0.83,4.1,122,0.05,0,0,66.7,1,4.1,57.9,48.78,2.8,10,"2023-2024"
"PAR","MAC","21_7","Regular Season","Bonzie  Colson",26,0,0,1,0,0,3,0,0,0,NA,1,7,8,1,0,0,1,0,3,0,3,"A","L",79,37,30,20,20,8,15,17,10,21,31,4,9,4,24,76,79,37,30,20,20,8,15,17,10,21,31,4,9,4,24,76,0,2.9,0,0.02,34.5,Inf,0,0,0.2,0,0,1.5,5,"2023-2024"
"PAR","MAC","21_7","Regular Season","Antonius  Cleveland",8,5,1,1,100,1,1,100,0,0,NA,1,0,1,0,0,0,0,0,5,0,1,"A","L",79,37,30,20,20,8,15,17,10,21,31,4,9,4,24,76,79,37,30,20,20,8,15,17,10,21,31,4,9,4,24,76,2.5,1,500,0,0,NA,125,0,3.1,125,0,2.4,5,"2023-2024"
"PAR","MAC","21_7","Regular Season","James  Webb III",19,7,0,2,0,1,3,33.3,4,4,100,1,4,5,2,1,0,0,1,3,3,10,"A","L",79,37,30,20,20,8,15,17,10,21,31,4,9,4,24,76,79,37,30,20,20,8,15,17,10,21,31,4,9,4,24,76,0.78,5.5,127.3,0.07,36.4,Inf,30,0.8,7,51.8,0,3.4,5,"2023-2024"
"PAR","MAC","21_7","Regular Season","John  Dibartolomeo",14,4,1,1,100,0,1,0,2,2,100,1,0,1,1,0,0,0,0,2,3,6,"A","L",79,37,30,20,20,8,15,17,10,21,31,4,9,4,24,76,79,37,30,20,20,8,15,17,10,21,31,4,9,4,24,76,1,1.8,222.2,0.02,55.6,Inf,50,1,3.6,69.4,0,1.9,5,"2023-2024"
"PAR","MAC","21_7","Regular Season","Jasiel  Rivero",14,9,3,6,50,0,0,NA,3,5,60,1,2,3,1,0,1,1,2,0,4,10,"A","L",79,37,30,20,20,8,15,17,10,21,31,4,9,4,24,76,79,37,30,20,20,8,15,17,10,21,31,4,9,4,24,76,0.82,7.9,113.9,0.07,12.7,1,50,0.83,6.9,54.9,12.66,6.2,5,"2023-2024"
"PAR","MAC","21_7","Regular Season","Tamir  Blatt",16,9,0,0,NA,3,7,42.9,0,0,NA,0,1,1,5,0,1,0,0,1,0,9,"A","L",79,37,30,20,20,8,15,17,10,21,31,4,9,4,24,76,79,37,30,20,20,8,15,17,10,21,31,4,9,4,24,76,1.29,7.7,116.9,0.09,64.9,5,64.3,0,7.7,64.3,12.99,4.7,0,"2023-2024"
"BER","VIL","21_8","Regular Season","Mike  Scott",17,6,2,2,100,0,5,0,2,2,100,2,2,4,0,0,1,0,0,3,1,2,"H","L",63,44,21,18,23,2,11,11,12,14,26,8,13,2,16,50,63,44,21,18,23,2,11,11,12,14,26,8,13,2,16,50,0.67,6.6,90.9,0,0,0,28.6,0.29,1.7,38.1,15.15,4.9,8.3,"2023-2024"
"BER","VIL","21_8","Regular Season","Paris  Lee",30,12,4,8,50,1,5,20,1,1,100,1,2,3,2,1,2,0,0,0,3,11,"H","L",63,44,21,18,23,2,11,11,12,14,26,8,13,2,16,50,63,44,21,18,23,2,11,11,12,14,26,8,13,2,16,50,0.86,13.9,86.3,0.14,14.4,1,42.3,0.08,6.6,44.6,14.39,4.8,4.2,"2023-2024"
"BER","VIL","21_8","Regular Season","Timothe  Luwawu-Cabarrot",29,9,3,8,37.5,0,2,0,3,4,75,0,3,3,5,3,2,0,0,2,2,10,"H","L",63,44,21,18,23,2,11,11,12,14,26,8,13,2,16,50,63,44,21,18,23,2,11,11,12,14,26,8,13,2,16,50,0.64,13.2,68.2,0.15,37.9,2.5,30,0.4,7.4,38.3,15.15,4.4,0,"2023-2024"
"BER","VIL","21_8","Regular Season","Youssoupha  Fall",19,5,1,2,50,0,0,NA,3,7,42.9,2,0,2,0,0,1,1,0,2,6,6,"H","L",63,44,21,18,23,2,11,11,12,14,26,8,13,2,16,50,63,44,21,18,23,2,11,11,12,14,26,8,13,2,16,50,0.56,3.9,128.2,-0.03,0,0,50,3.5,2.7,49.2,25.64,3,8.3,"2023-2024"
"BER","VIL","21_8","Regular Season","David  Lighty",12,0,0,1,0,0,2,0,0,0,NA,1,1,2,0,0,0,0,0,0,0,-1,"H","L",63,44,21,18,23,2,11,11,12,14,26,8,13,2,16,50,63,44,21,18,23,2,11,11,12,14,26,8,13,2,16,50,0,1.9,0,-0.03,0,NA,0,0,-1.1,0,0,2.3,4.2,"2023-2024"
"BER","VIL","21_8","Regular Season","Charles Lombahe Kahudi",23,12,6,8,75,0,3,0,0,0,NA,1,1,2,1,0,0,0,0,3,1,8,"H","L",63,44,21,18,23,2,11,11,12,14,26,8,13,2,16,50,63,44,21,18,23,2,11,11,12,14,26,8,13,2,16,50,1.09,9.6,125,0.12,10.4,Inf,54.5,0,7.2,54.5,0,4.5,4.2,"2023-2024"
"BER","VIL","21_8","Regular Season","Joffrey  Lauvergne",24,6,3,8,37.5,0,0,NA,0,0,NA,3,3,6,1,1,1,0,1,1,1,7,"H","L",63,44,21,18,23,2,11,11,12,14,26,8,13,2,16,50,63,44,21,18,23,2,11,11,12,14,26,8,13,2,16,50,0.75,5.8,103.4,0.1,17.2,1,37.5,0,4.9,37.5,17.24,3.5,12.5,"2023-2024"
"BER","VIL","21_8","Regular Season","Edwin  Jackson",16,9,3,4,75,1,4,25,0,0,NA,1,1,2,0,1,2,0,0,1,0,5,"H","L",63,44,21,18,23,2,11,11,12,14,26,8,13,2,16,50,63,44,21,18,23,2,11,11,12,14,26,8,13,2,16,50,1.12,8.6,104.7,0.08,0,0,56.2,0,4.6,56.2,23.26,5.8,4.2,"2023-2024"
"BER","VIL","21_8","Regular Season","Mbaye  Ndiaye",19,0,0,1,0,0,0,NA,0,2,0,1,1,2,2,0,1,1,0,3,1,-1,"H","L",63,44,21,18,23,2,11,11,12,14,26,8,13,2,16,50,63,44,21,18,23,2,11,11,12,14,26,8,13,2,16,50,0,1.8,0,-0.06,111.1,2,0,2,-0.6,0,55.56,1.4,4.2,"2023-2024"
"BER","VIL","21_8","Regular Season","Noam  Yaacov",10,4,1,2,50,0,0,NA,2,2,100,0,0,0,0,2,3,0,0,1,2,3,"H","L",63,44,21,18,23,2,11,11,12,14,26,8,13,2,16,50,63,44,21,18,23,2,11,11,12,14,26,8,13,2,16,50,1,5.6,71.4,0.02,0,0,50,1,1.6,69.4,53.57,5.5,0,"2023-2024"
"VIL","BER","21_8","Regular Season","Sterling  Brown",24,13,5,8,62.5,1,4,25,0,0,NA,3,3,6,5,0,3,0,1,0,0,14,"A","W",88,45,22,18,26,8,12,23,14,29,43,8,12,1,17,109,88,45,22,18,26,8,12,23,14,29,43,8,12,1,17,109,1.08,11.5,113,0.08,43.5,1.7,54.2,0,10.5,54.2,26.09,5.8,10.7,"2023-2024"
"VIL","BER","21_8","Regular Season","Matteo  Spagnolo",21,2,1,4,25,0,1,0,0,0,NA,0,1,1,6,0,4,0,0,2,1,0,"A","W",88,45,22,18,26,8,12,23,14,29,43,8,12,1,17,109,88,45,22,18,26,8,12,23,14,29,43,8,12,1,17,109,0.4,8.6,23.3,-0.01,69.8,1.5,20,0,-1.4,20,46.51,3.9,0,"2023-2024"
"VIL","BER","21_8","Regular Season","Yannick  Wetzell",19,13,5,5,100,0,1,0,3,4,75,1,7,8,1,0,1,0,0,3,2,18,"A","W",88,45,22,18,26,8,12,23,14,29,43,8,12,1,17,109,88,45,22,18,26,8,12,23,14,29,43,8,12,1,17,109,1.3,7.4,175.7,0.09,13.5,1,83.3,0.67,11.7,83.8,13.51,4.2,3.6,"2023-2024"
"VIL","BER","21_8","Regular Season","Matt  Thomas",21,9,0,3,0,3,4,75,0,0,NA,1,2,3,1,0,0,0,0,1,0,8,"A","W",88,45,22,18,26,8,12,23,14,29,43,8,12,1,17,109,88,45,22,18,26,8,12,23,14,29,43,8,12,1,17,109,1.29,5.8,155.2,0.04,17.2,Inf,64.3,0,6.9,64.3,0,3.1,3.6,"2023-2024"
"VIL","BER","21_8","Regular Season","Christ  Koumadje",16,5,2,2,100,0,0,NA,1,2,50,3,7,10,0,0,1,1,0,2,2,14,"A","W",88,45,22,18,26,8,12,23,14,29,43,8,12,1,17,109,88,45,22,18,26,8,12,23,14,29,43,8,12,1,17,109,1.25,0.8,625,0.06,0,0,100,1,7.1,86.8,125,2.2,10.7,"2023-2024"
"VIL","BER","21_8","Regular Season","Gabriele  Procida",20,12,2,4,50,2,4,50,2,2,100,2,1,3,3,3,1,0,1,2,2,15,"A","W",88,45,22,18,26,8,12,23,14,29,43,8,12,1,17,109,88,45,22,18,26,8,12,23,14,29,43,8,12,1,17,109,1.2,7.6,157.9,0.07,39.5,3,62.5,0.25,13,67.6,13.16,4.5,7.1,"2023-2024"
"VIL","BER","21_8","Regular Season","Malte  Delow",19,7,2,6,33.3,1,3,33.3,0,0,NA,2,1,3,3,0,1,0,0,3,0,3,"A","W",88,45,22,18,26,8,12,23,14,29,43,8,12,1,17,109,88,45,22,18,26,8,12,23,14,29,43,8,12,1,17,109,0.78,7.7,90.9,0.01,39,3,38.9,0,3.5,38.9,12.99,4.8,7.1,"2023-2024"
"VIL","BER","21_8","Regular Season","Jonas  Mattisseck",1,0,0,0,NA,0,0,NA,0,0,NA,0,0,0,0,0,0,0,0,0,0,0,"A","W",88,45,22,18,26,8,12,23,14,29,43,8,12,1,17,109,88,45,22,18,26,8,12,23,14,29,43,8,12,1,17,109,NA,0,NA,0,NA,NA,NA,NA,0,NA,NA,0,0,"2023-2024"
"VIL","BER","21_8","Regular Season","Tim  Schneider",20,5,1,1,100,1,3,33.3,0,0,NA,1,2,3,1,2,0,0,0,4,0,5,"A","W",88,45,22,18,26,8,12,23,14,29,43,8,12,1,17,109,88,45,22,18,26,8,12,23,14,29,43,8,12,1,17,109,1.25,2.9,172.4,0.03,34.5,Inf,62.5,0,5.4,62.5,0,1.8,3.6,"2023-2024"
"VIL","BER","21_8","Regular Season","Kresimir  Nikic",1,0,0,1,0,0,0,NA,0,0,NA,0,0,0,0,0,0,0,0,0,0,-1,"A","W",88,45,22,18,26,8,12,23,14,29,43,8,12,1,17,109,88,45,22,18,26,8,12,23,14,29,43,8,12,1,17,109,0,1,0,-0.01,0,NA,0,0,-0.7,0,0,9.2,0,"2023-2024"
"VIL","BER","21_8","Regular Season","Johannes  Thiemann",24,12,4,6,66.7,0,1,0,4,7,57.1,1,2,3,2,0,1,0,0,0,7,17,"A","W",88,45,22,18,26,8,12,23,14,29,43,8,12,1,17,109,88,45,22,18,26,8,12,23,14,29,43,8,12,1,17,109,0.86,9.7,123.7,0.05,20.6,2,57.1,1,9.2,59.5,10.31,4.2,3.6,"2023-2024"
"VIL","BER","21_8","Regular Season","Justin  Bean",14,10,4,5,80,0,1,0,2,3,66.7,0,3,3,1,3,0,0,0,0,2,16,"A","W",88,45,22,18,26,8,12,23,14,29,43,8,12,1,17,109,88,45,22,18,26,8,12,23,14,29,43,8,12,1,17,109,1.11,7,142.9,0.08,14.3,Inf,66.7,0.5,11.6,68.3,0,4.8,0,"2023-2024"
"BAS","OLY","21_9","Regular Season","Thomas  Walkup",13,3,0,0,NA,1,3,33.3,0,0,NA,0,1,1,1,0,3,0,0,4,0,-4,"A","L",69,37,22,6,18,10,3,19,10,24,34,4,16,3,14,78,69,37,22,6,18,10,3,19,10,24,34,4,16,3,14,78,1,5.8,51.7,-0.03,17.2,0.3,50,0,-2.3,50,51.72,4.8,0,"2023-2024"
"BAS","OLY","21_9","Regular Season","Isaiah  Canaan",30,19,2,5,40,5,9,55.6,0,0,NA,0,3,3,1,2,1,0,0,1,0,16,"A","L",69,37,22,6,18,10,3,19,10,24,34,4,16,3,14,78,69,37,22,6,18,10,3,19,10,24,34,4,16,3,14,78,1.36,14.4,131.9,0.14,6.9,1,67.9,0,14.2,67.9,6.94,5.2,0,"2023-2024"
"BAS","OLY","21_9","Regular Season","Moustapha  Fall",15,6,3,3,100,0,0,NA,0,0,NA,0,0,0,1,0,3,0,0,1,4,7,"A","L",69,37,22,6,18,10,3,19,10,24,34,4,16,3,14,78,69,37,22,6,18,10,3,19,10,24,34,4,16,3,14,78,2,5.8,103.4,0.03,17.2,0.3,100,0,2.4,100,51.72,4.1,0,"2023-2024"
"BAS","OLY","21_9","Regular Season","Kostas  Papanikolaou",17,0,0,1,0,0,0,NA,0,0,NA,0,2,2,4,0,1,0,0,1,0,3,"A","L",69,37,22,6,18,10,3,19,10,24,34,4,16,3,14,78,69,37,22,6,18,10,3,19,10,24,34,4,16,3,14,78,0,1.9,0,0.03,210.5,4,0,0,1.3,0,52.63,1.2,0,"2023-2024"
"BAS","OLY","21_9","Regular Season","Alec  Peters",22,2,1,1,100,0,0,NA,0,0,NA,0,6,6,1,0,1,0,0,2,2,8,"A","L",69,37,22,6,18,10,3,19,10,24,34,4,16,3,14,78,69,37,22,6,18,10,3,19,10,24,34,4,16,3,14,78,2,1.9,105.3,0.05,52.6,1,100,0,2.4,100,52.63,0.9,0,"2023-2024"
"BAS","OLY","21_9","Regular Season","Nigel  Williams-Goss",33,12,3,8,37.5,2,3,66.7,0,0,NA,1,1,2,8,1,3,0,0,0,0,14,"A","L",69,37,22,6,18,10,3,19,10,24,34,4,16,3,14,78,69,37,22,6,18,10,3,19,10,24,34,4,16,3,14,78,1.09,12.5,96,0.12,64,2.7,54.5,0,10.9,54.5,24,4.4,5,"2023-2024"
"BAS","OLY","21_9","Regular Season","Giannoulis  Larentzakis",9,1,0,1,0,0,2,0,1,2,50,0,0,0,0,0,0,0,1,1,1,-4,"A","L",69,37,22,6,18,10,3,19,10,24,34,4,16,3,14,78,69,37,22,6,18,10,3,19,10,24,34,4,16,3,14,78,0.2,3.7,27,-0.03,0,NA,0,0.67,-1.9,12.9,0,4.4,0,"2023-2024"
"BAS","OLY","21_9","Regular Season","Ignas  Brazdeikis",9,0,0,2,0,0,1,0,0,0,NA,0,1,1,0,0,0,0,0,2,0,-4,"A","L",69,37,22,6,18,10,3,19,10,24,34,4,16,3,14,78,69,37,22,6,18,10,3,19,10,24,34,4,16,3,14,78,0,2.9,0,-0.03,0,NA,0,0,-2.6,0,0,3.4,0,"2023-2024"
"BAS","OLY","21_9","Regular Season","Filip  Petrusev",18,14,4,5,80,2,3,66.7,0,0,NA,0,4,4,1,0,2,0,0,1,1,15,"A","L",69,37,22,6,18,10,3,19,10,24,34,4,16,3,14,78,69,37,22,6,18,10,3,19,10,24,34,4,16,3,14,78,1.75,9.6,145.8,0.12,10.4,0.5,87.5,0,10.3,87.5,20.83,5.7,0,"2023-2024"
"BAS","OLY","21_9","Regular Season","Nikola  Milutinov",24,12,5,9,55.6,0,0,NA,2,2,100,8,6,14,2,0,0,3,0,0,4,31,"A","L",69,37,22,6,18,10,3,19,10,24,34,4,16,3,14,78,69,37,22,6,18,10,3,19,10,24,34,4,16,3,14,78,1.09,1.8,666.7,0.18,111.1,Inf,55.6,0.22,18.6,60.7,0,4.2,40,"2023-2024"
"BAS","OLY","21_9","Regular Season","Shaquielle  McKissic",9,0,0,2,0,0,1,0,0,2,0,1,0,1,0,1,2,0,0,1,2,-4,"A","L",69,37,22,6,18,10,3,19,10,24,34,4,16,3,14,78,69,37,22,6,18,10,3,19,10,24,34,4,16,3,14,78,0,4.7,0,-0.06,0,0,0,0.67,-3.6,0,42.55,6.7,5,"2023-2024"
"OLY","BAS","21_9","Regular Season","Christopher  Chiozza",13,0,0,1,0,0,1,0,0,0,NA,0,0,0,3,2,1,0,0,0,0,2,"H","W",80,31,31,8,16,14,6,23,5,21,26,10,9,1,14,94,80,31,31,8,16,14,6,23,5,21,26,10,9,1,14,94,0,2.9,0,0.01,103.4,3,0,0,1.7,0,34.48,2.5,0,"2023-2024"
"OLY","BAS","21_9","Regular Season","Tadas  Sedekerskis",20,10,2,3,66.7,2,2,100,0,0,NA,1,1,2,0,0,2,0,0,0,3,12,"H","W",80,31,31,8,16,14,6,23,5,21,26,10,9,1,14,94,80,31,31,8,16,14,6,23,5,21,26,10,9,1,14,94,2,5.8,172.4,0.05,0,0,100,0,7.1,100,34.48,3.8,10,"2023-2024"
"OLY","BAS","21_9","Regular Season","Vanja  Marinkovic",21,4,2,5,40,0,7,0,0,0,NA,0,2,2,4,0,0,0,0,1,1,0,"H","W",80,31,31,8,16,14,6,23,5,21,26,10,9,1,14,94,80,31,31,8,16,14,6,23,5,21,26,10,9,1,14,94,0.33,11.5,34.8,-0.01,34.8,Inf,16.7,0,-0.6,16.7,0,6.1,0,"2023-2024"
"OLY","BAS","21_9","Regular Season","Daniel  Diez",21,11,1,1,100,3,4,75,0,0,NA,0,3,3,1,0,1,0,0,1,0,12,"H","W",80,31,31,8,16,14,6,23,5,21,26,10,9,1,14,94,80,31,31,8,16,14,6,23,5,21,26,10,9,1,14,94,2.2,5.8,189.7,0.07,17.2,1,110,0,9.3,110,17.24,3.1,0,"2023-2024"
"OLY","BAS","21_9","Regular Season","Maik  Kotsar",32,8,3,7,42.9,0,0,NA,2,4,50,2,7,9,2,5,0,0,1,1,3,19,"H","W",80,31,31,8,16,14,6,23,5,21,26,10,9,1,14,94,80,31,31,8,16,14,6,23,5,21,26,10,9,1,14,94,0.73,6.5,123.1,0.1,30.8,Inf,42.9,0.57,13,45.7,0,2.9,20,"2023-2024"
"OLY","BAS","21_9","Regular Season","Markus  Howard",23,21,3,5,60,5,9,55.6,0,0,NA,0,0,0,1,0,1,0,1,3,1,12,"H","W",80,31,31,8,16,14,6,23,5,21,26,10,9,1,14,94,80,31,31,8,16,14,6,23,5,21,26,10,9,1,14,94,1.5,14.4,145.8,0.07,6.9,1,75,0,12.9,75,6.94,7,0,"2023-2024"
"OLY","BAS","21_9","Regular Season","Sander  Raieste",0,0,0,0,NA,0,0,NA,0,0,NA,0,0,0,0,0,0,0,0,0,0,0,"H","W",80,31,31,8,16,14,6,23,5,21,26,10,9,1,14,94,80,31,31,8,16,14,6,23,5,21,26,10,9,1,14,94,NA,0,NA,0,NA,NA,NA,NA,0,NA,NA,NA,0,"2023-2024"
"OLY","BAS","21_9","Regular Season","Codi  Miller-McIntyre",27,2,1,2,50,0,2,0,0,0,NA,1,1,2,8,1,3,0,0,3,0,4,"H","W",80,31,31,8,16,14,6,23,5,21,26,10,9,1,14,94,80,31,31,8,16,14,6,23,5,21,26,10,9,1,14,94,0.5,5.8,34.5,0.02,137.9,2.7,25,0,3,25,51.72,2.8,10,"2023-2024"
"OLY","BAS","21_9","Regular Season","Nikos  Rogkavopoulos",10,5,0,1,0,1,2,50,2,2,100,0,0,0,0,0,0,0,0,1,2,4,"H","W",80,31,31,8,16,14,6,23,5,21,26,10,9,1,14,94,80,31,31,8,16,14,6,23,5,21,26,10,9,1,14,94,1,3.7,135.1,0.01,0,NA,50,0.67,2.9,64.4,0,4.2,0,"2023-2024"
"OLY","BAS","21_9","Regular Season","Matthew  Costello",8,6,0,1,0,2,3,66.7,0,0,NA,0,1,1,1,1,0,0,1,4,1,3,"H","W",80,31,31,8,16,14,6,23,5,21,26,10,9,1,14,94,80,31,31,8,16,14,6,23,5,21,26,10,9,1,14,94,1.5,3.8,157.9,0.02,26.3,Inf,75,0,4.4,75,0,5.4,0,"2023-2024"
"OLY","BAS","21_9","Regular Season","Chima  Moneke",25,13,4,5,80,1,1,100,2,2,100,1,6,7,3,1,1,1,0,0,3,26,"H","W",80,31,31,8,16,14,6,23,5,21,26,10,9,1,14,94,80,31,31,8,16,14,6,23,5,21,26,10,9,1,14,94,1.62,6.6,197,0.14,45.5,3,91.7,0.33,16.1,94.5,15.15,3.4,10,"2023-2024"
"BAY","BER","22_1","Regular Season","Sterling  Brown",26,9,1,6,16.7,1,5,20,4,4,100,1,7,8,3,0,3,0,0,1,2,9,"H","L",65,47,18,17,20,3,16,13,11,29,40,4,11,3,15,68,65,47,18,17,20,3,16,13,11,29,40,4,11,3,15,68,0.6,14.2,63.4,0.07,21.1,1,22.7,0.36,3.6,35.3,21.13,5.8,4.5,"2023-2024"
"BAY","BER","22_1","Regular Season","Matteo  Spagnolo",26,15,6,11,54.5,0,2,0,3,3,100,1,3,4,4,0,0,0,1,2,4,17,"H","L",65,47,18,17,20,3,16,13,11,29,40,4,11,3,15,68,65,47,18,17,20,3,16,13,11,29,40,4,11,3,15,68,0.94,12.8,117.2,0.14,31.2,Inf,46.2,0.23,11.9,52.4,0,5.3,4.5,"2023-2024"
"BAY","BER","22_1","Regular Season","Yannick  Wetzell",23,13,5,9,55.6,0,0,NA,3,4,75,1,3,4,0,1,1,1,1,4,3,11,"H","L",65,47,18,17,20,3,16,13,11,29,40,4,11,3,15,68,65,47,18,17,20,3,16,13,11,29,40,4,11,3,15,68,1,10.3,126.2,0.08,0,0,55.6,0.44,9,60.4,9.71,4.9,4.5,"2023-2024"
"BAY","BER","22_1","Regular Season","Johannes  Thiemann",25,8,2,5,40,0,4,0,4,4,100,2,4,6,2,1,1,0,1,1,5,12,"H","L",65,47,18,17,20,3,16,13,11,29,40,4,11,3,15,68,65,47,18,17,20,3,16,13,11,29,40,4,11,3,15,68,0.62,9.4,85.1,0.07,21.3,2,22.2,0.44,6.1,37.2,10.64,4.5,9.1,"2023-2024"
"BAY","BER","22_1","Regular Season","Justin  Bean",22,0,0,3,0,0,0,NA,0,0,NA,2,3,5,1,0,0,1,1,1,0,2,"H","L",65,47,18,17,20,3,16,13,11,29,40,4,11,3,15,68,65,47,18,17,20,3,16,13,11,29,40,4,11,3,15,68,0,1,0,0.02,100,Inf,0,0,1.2,0,0,1.3,9.1,"2023-2024"
"BAY","BER","22_1","Regular Season","Martin  Hermannsson",14,8,2,5,40,1,1,100,1,1,100,0,0,0,2,0,2,0,2,2,1,2,"H","L",65,47,18,17,20,3,16,13,11,29,40,4,11,3,15,68,65,47,18,17,20,3,16,13,11,29,40,4,11,3,15,68,1.14,8.1,98.8,0.03,24.7,1,58.3,0.17,3.6,62.1,24.69,5.8,0,"2023-2024"
"BAY","BER","22_1","Regular Season","Gabriele  Procida",12,0,0,1,0,0,1,0,0,0,NA,0,1,1,0,1,1,0,0,1,1,-1,"H","L",65,47,18,17,20,3,16,13,11,29,40,4,11,3,15,68,65,47,18,17,20,3,16,13,11,29,40,4,11,3,15,68,0,2.9,0,-0.02,0,0,0,0,-1.5,0,34.48,2.4,0,"2023-2024"
"BAY","BER","22_1","Regular Season","Malte  Delow",6,0,0,0,NA,0,1,0,0,0,NA,2,0,2,0,0,0,0,0,0,0,1,"H","L",65,47,18,17,20,3,16,13,11,29,40,4,11,3,15,68,65,47,18,17,20,3,16,13,11,29,40,4,11,3,15,68,0,-1,0,0,0,NA,0,0,0.7,0,0,1.6,9.1,"2023-2024"
"BAY","BER","22_1","Regular Season","Tim  Schneider",6,0,0,0,NA,0,1,0,0,0,NA,0,1,1,0,0,1,0,0,0,0,-1,"H","L",65,47,18,17,20,3,16,13,11,29,40,4,11,3,15,68,65,47,18,17,20,3,16,13,11,29,40,4,11,3,15,68,0,1.9,0,-0.01,0,0,0,0,-1.4,0,52.63,3.2,0,"2023-2024"
"BAY","BER","22_1","Regular Season","Matt  Thomas",23,10,3,4,75,1,3,33.3,1,1,100,0,2,2,0,1,1,0,0,1,1,9,"H","L",65,47,18,17,20,3,16,13,11,29,40,4,11,3,15,68,65,47,18,17,20,3,16,13,11,29,40,4,11,3,15,68,1.25,8.1,123.5,0.08,0,0,64.3,0.14,6.9,67.2,12.35,3.5,0,"2023-2024"
"BAY","BER","22_1","Regular Season","Christ  Koumadje",17,2,1,3,33.3,0,0,NA,0,0,NA,2,5,7,1,0,1,1,0,2,1,7,"H","L",65,47,18,17,20,3,16,13,11,29,40,4,11,3,15,68,65,47,18,17,20,3,16,13,11,29,40,4,11,3,15,68,0.67,1.9,105.3,0.05,52.6,1,33.3,0,2.8,33.3,52.63,2.3,9.1,"2023-2024"
"BER","BAY","22_1","Regular Season","Carsen  Edwards",23,13,2,4,50,3,9,33.3,0,0,NA,2,1,3,1,0,2,0,0,2,1,6,"A","W",82,43,30,9,19,13,5,20,12,28,40,8,10,6,18,95,82,43,30,9,19,13,5,20,12,28,40,8,10,6,18,95,1,12.5,104,0.03,8,0.5,50,0,5.5,50,16,6,8.3,"2023-2024"
"BER","BAY","22_1","Regular Season","Isaac  Bonga",6,2,0,0,NA,0,1,0,2,2,100,0,2,2,0,0,1,1,0,2,1,2,"A","W",82,43,30,9,19,13,5,20,12,28,40,8,10,6,18,95,82,43,30,9,19,13,5,20,12,28,40,8,10,6,18,95,0.67,2.8,71.4,0,0,0,0,2,0.8,53.2,35.71,4.4,0,"2023-2024"
"BER","BAY","22_1","Regular Season","Leandro  Bolmaro",23,4,1,7,14.3,0,2,0,2,3,66.7,2,4,6,4,2,1,0,1,2,3,6,"A","W",82,43,30,9,19,13,5,20,12,28,40,8,10,6,18,95,82,43,30,9,19,13,5,20,12,28,40,8,10,6,18,95,0.33,8.9,44.9,0.02,44.9,4,11.1,0.33,3.3,19.4,11.24,4.5,8.3,"2023-2024"
"BER","BAY","22_1","Regular Season","Serge  Ibaka",23,11,4,8,50,1,1,100,0,2,0,2,3,5,1,0,2,2,0,2,2,11,"A","W",82,43,30,9,19,13,5,20,12,28,40,8,10,6,18,95,82,43,30,9,19,13,5,20,12,28,40,8,10,6,18,95,1,9.5,115.8,0.05,10.5,0.5,61.1,0.22,7.5,55.7,21.05,4.8,8.3,"2023-2024"
"BER","BAY","22_1","Regular Season","Devin   Booker",23,6,3,7,42.9,0,1,0,0,0,NA,0,5,5,1,1,1,0,0,1,2,8,"A","W",82,43,30,9,19,13,5,20,12,28,40,8,10,6,18,95,82,43,30,9,19,13,5,20,12,28,40,8,10,6,18,95,0.75,8.6,69.8,0.04,11.6,1,37.5,0,3.4,37.5,11.63,3.6,0,"2023-2024"
"BER","BAY","22_1","Regular Season","Nick  Weiler-Babb",19,6,0,0,NA,2,3,66.7,0,0,NA,0,2,2,1,2,2,0,0,2,1,7,"A","W",82,43,30,9,19,13,5,20,12,28,40,8,10,6,18,95,82,43,30,9,19,13,5,20,12,28,40,8,10,6,18,95,2,4.8,125,0.04,20.8,0.5,100,0,5.2,100,41.67,2.4,0,"2023-2024"
"BER","BAY","22_1","Regular Season","Sylvain  Francisco",17,14,2,6,33.3,3,7,42.9,1,2,50,0,4,4,5,1,0,0,1,1,3,16,"A","W",82,43,30,9,19,13,5,20,12,28,40,8,10,6,18,95,82,43,30,9,19,13,5,20,12,28,40,8,10,6,18,95,0.93,13.3,105.3,0.09,37.6,Inf,50,0.15,11.8,50.4,0,7.5,0,"2023-2024"
"BER","BAY","22_1","Regular Season","Niels  Giffey",12,3,0,1,0,1,1,100,0,0,NA,0,1,1,0,1,0,0,0,1,0,3,"A","W",82,43,30,9,19,13,5,20,12,28,40,8,10,6,18,95,82,43,30,9,19,13,5,20,12,28,40,8,10,6,18,95,1.5,1.9,157.9,0.02,0,NA,75,0,2.9,75,0,1.5,0,"2023-2024"
"BER","BAY","22_1","Regular Season","Dino  Radoncic",4,0,0,0,NA,0,0,NA,0,0,NA,0,0,0,0,0,0,0,0,0,0,0,"A","W",82,43,30,9,19,13,5,20,12,28,40,8,10,6,18,95,82,43,30,9,19,13,5,20,12,28,40,8,10,6,18,95,NA,0,NA,0,NA,NA,NA,NA,0,NA,NA,0,0,"2023-2024"
"BER","BAY","22_1","Regular Season","Vladimir  Lucic",16,0,0,0,NA,0,0,NA,0,0,NA,0,2,2,4,0,0,1,0,1,2,8,"A","W",82,43,30,9,19,13,5,20,12,28,40,8,10,6,18,95,82,43,30,9,19,13,5,20,12,28,40,8,10,6,18,95,NA,0,NA,0.04,Inf,Inf,NA,NA,3.7,NA,NA,0,0,"2023-2024"
"BER","BAY","22_1","Regular Season","Andreas  Obst",16,9,0,1,0,3,5,60,0,0,NA,0,1,1,1,0,0,0,0,0,0,8,"A","W",82,43,30,9,19,13,5,20,12,28,40,8,10,6,18,95,82,43,30,9,19,13,5,20,12,28,40,8,10,6,18,95,1.5,5.8,155.2,0.05,17.2,Inf,75,0,7,75,0,3.4,0,"2023-2024"
"BER","BAY","22_1","Regular Season","Danko   Brankovic",17,14,7,9,77.8,0,0,NA,0,0,NA,6,3,9,2,1,1,2,1,4,0,20,"A","W",82,43,30,9,19,13,5,20,12,28,40,8,10,6,18,95,82,43,30,9,19,13,5,20,12,28,40,8,10,6,18,95,1.56,3.8,368.4,0.11,52.6,2,77.8,0,16.8,77.8,26.32,5.4,25,"2023-2024"
"BAR","EFE","22_2","Regular Season","Shane  Larkin",33,15,2,4,50,3,6,50,2,2,100,0,2,2,8,0,2,1,0,0,4,23,"H","W",98,48,22,8,29,11,7,27,7,29,36,4,9,7,16,130,98,48,22,8,29,11,7,27,7,29,36,4,9,7,16,130,1.25,12.4,121,0.08,64.5,4,65,0.2,14.9,68.9,16.13,3.8,0,"2023-2024"
"BAR","EFE","22_2","Regular Season","Elijah  Bryant",32,6,3,3,100,0,1,0,0,0,NA,1,4,5,7,1,2,0,0,2,2,16,"H","W",98,48,22,8,29,11,7,27,7,29,36,4,9,7,16,130,98,48,22,8,29,11,7,27,7,29,36,4,9,7,16,130,1.5,4.8,125,0.06,145.8,3.5,75,0,9.4,75,41.67,1.8,7.1,"2023-2024"
"BAR","EFE","22_2","Regular Season","Darius  Thompson",25,7,2,5,40,1,3,33.3,0,0,NA,0,1,1,2,0,2,0,0,4,1,0,"H","W",98,48,22,8,29,11,7,27,7,29,36,4,9,7,16,130,98,48,22,8,29,11,7,27,7,29,36,4,9,7,16,130,0.88,9.6,72.9,0,20.8,1,43.8,0,0.7,43.8,20.83,3.9,0,"2023-2024"
"BAR","EFE","22_2","Regular Season","Tibor  Pleiss",19,17,8,15,53.3,0,0,NA,1,1,100,2,5,7,1,0,1,3,0,0,1,21,"H","W",98,48,22,8,29,11,7,27,7,29,36,4,9,7,16,130,98,48,22,8,29,11,7,27,7,29,36,4,9,7,16,130,1.06,13.9,122.3,0.08,7.2,1,53.3,0.07,14.4,55.1,7.19,8.4,14.3,"2023-2024"
"BAR","EFE","22_2","Regular Season","Derek  Willis",27,6,0,2,0,2,5,40,0,0,NA,2,5,7,1,0,0,0,0,2,1,8,"H","W",98,48,22,8,29,11,7,27,7,29,36,4,9,7,16,130,98,48,22,8,29,11,7,27,7,29,36,4,9,7,16,130,0.86,4.8,125,0.03,20.8,Inf,42.9,0,4.7,42.9,0,2.5,14.3,"2023-2024"
"BAR","EFE","22_2","Regular Season","Rodrigue  Beaubois",18,21,4,4,100,4,5,80,1,1,100,0,3,3,5,1,0,0,0,1,1,29,"H","W",98,48,22,8,29,11,7,27,7,29,36,4,9,7,16,130,98,48,22,8,29,11,7,27,7,29,36,4,9,7,16,130,2.1,9.1,230.8,0.13,54.9,Inf,111.1,0.11,22.9,111.2,0,5.1,0,"2023-2024"
"BAR","EFE","22_2","Regular Season","Ridvan  Oncel",0,0,0,0,NA,0,0,NA,0,0,NA,0,0,0,0,0,0,0,0,0,0,0,"H","W",98,48,22,8,29,11,7,27,7,29,36,4,9,7,16,130,98,48,22,8,29,11,7,27,7,29,36,4,9,7,16,130,NA,0,NA,0,NA,NA,NA,NA,0,NA,NA,NA,0,"2023-2024"
"BAR","EFE","22_2","Regular Season","Will  Clyburn",10,5,2,3,66.7,0,1,0,1,2,50,0,3,3,0,0,1,1,0,2,2,5,"H","W",98,48,22,8,29,11,7,27,7,29,36,4,9,7,16,130,98,48,22,8,29,11,7,27,7,29,36,4,9,7,16,130,0.83,5.6,89.3,0.01,0,0,50,0.5,2.4,51.2,17.86,5.7,0,"2023-2024"
"BAR","EFE","22_2","Regular Season","Daniel  Oturu",22,16,7,11,63.6,0,0,NA,2,2,100,2,4,6,2,0,1,2,1,2,3,21,"H","W",98,48,22,8,29,11,7,27,7,29,36,4,9,7,16,130,98,48,22,8,29,11,7,27,7,29,36,4,9,7,16,130,1.23,10.4,153.8,0.08,19.2,2,63.6,0.18,14.7,67.3,9.62,5.7,14.3,"2023-2024"
"BAR","EFE","22_2","Regular Season","Mike  Daum",8,3,0,0,NA,1,1,100,0,0,NA,0,1,1,1,1,0,0,0,2,0,4,"H","W",98,48,22,8,29,11,7,27,7,29,36,4,9,7,16,130,98,48,22,8,29,11,7,27,7,29,36,4,9,7,16,130,3,1,300,0.02,100,Inf,150,0,3.9,150,0,1.2,0,"2023-2024"
"BAR","EFE","22_2","Regular Season","Tyrique  Jones",5,2,1,1,100,0,0,NA,0,0,NA,0,1,1,0,1,0,0,0,1,0,3,"H","W",98,48,22,8,29,11,7,27,7,29,36,4,9,7,16,130,98,48,22,8,29,11,7,27,7,29,36,4,9,7,16,130,2,1,200,0.01,0,NA,100,0,2.6,100,0,1.9,0,"2023-2024"
"EFE","BAR","22_2","Regular Season","Jan  Vesely",19,6,3,4,75,0,0,NA,0,0,NA,1,1,2,1,1,0,0,1,3,2,7,"A","L",74,47,23,14,24,6,8,19,7,19,26,6,8,1,15,66,74,47,23,14,24,6,8,19,7,19,26,6,8,1,15,66,1.5,2.9,206.9,0.05,34.5,Inf,75,0,5.9,75,0,2,7.1,"2023-2024"
"EFE","BAR","22_2","Regular Season","Dario  Brizuela",27,9,3,8,37.5,1,4,25,0,0,NA,1,2,3,2,1,0,0,0,3,2,6,"A","L",74,47,23,14,24,6,8,19,7,19,26,6,8,1,15,66,74,47,23,14,24,6,8,19,7,19,26,6,8,1,15,66,0.75,10.6,84.9,0.03,18.9,Inf,37.5,0,4.7,37.5,0,4.2,7.1,"2023-2024"
"EFE","BAR","22_2","Regular Season","Nikola  Kalinic",28,14,2,6,33.3,3,6,50,1,2,50,2,2,4,4,0,0,0,2,1,3,14,"A","L",74,47,23,14,24,6,8,19,7,19,26,6,8,1,15,66,74,47,23,14,24,6,8,19,7,19,26,6,8,1,15,66,1,10.4,134.6,0.11,38.5,Inf,54.2,0.17,11.6,54.3,0,4.4,14.3,"2023-2024"
"EFE","BAR","22_2","Regular Season","Tomas  Satoransky",29,3,1,2,50,0,2,0,1,1,100,0,3,3,5,1,2,0,0,3,2,6,"A","L",74,47,23,14,24,6,8,19,7,19,26,6,8,1,15,66,74,47,23,14,24,6,8,19,7,19,26,6,8,1,15,66,0.6,6.2,48.4,0.04,80.6,2.5,25,0.25,2.8,33.8,32.26,2.1,0,"2023-2024"
"EFE","BAR","22_2","Regular Season","Jabari  Parker",27,8,1,5,20,1,6,16.7,3,5,60,1,5,6,1,2,2,0,1,2,2,3,"A","L",74,47,23,14,24,6,8,19,7,19,26,6,8,1,15,66,74,47,23,14,24,6,8,19,7,19,26,6,8,1,15,66,0.5,13.6,58.8,0.01,7.4,0.5,22.7,0.45,2.4,30.3,14.71,5.4,7.1,"2023-2024"
"EFE","BAR","22_2","Regular Season","Oscar  da Silva",13,2,1,2,50,0,0,NA,0,0,NA,2,0,2,0,0,0,0,1,0,0,2,"A","L",74,47,23,14,24,6,8,19,7,19,26,6,8,1,15,66,74,47,23,14,24,6,8,19,7,19,26,6,8,1,15,66,1,0,Inf,0.02,NA,NA,50,0,2.4,50,NA,1.5,14.3,"2023-2024"
"EFE","BAR","22_2","Regular Season","Willy  Hernangomez",20,18,8,13,61.5,0,0,NA,2,5,40,0,4,4,0,0,3,1,1,0,4,15,"A","L",74,47,23,14,24,6,8,19,7,19,26,6,8,1,15,66,74,47,23,14,24,6,8,19,7,19,26,6,8,1,15,66,1,17.5,102.9,0.11,0,0,61.5,0.38,9.8,59.2,17.14,8.7,0,"2023-2024"
"EFE","BAR","22_2","Regular Season","Rokas  Jokubaitis",24,14,5,6,83.3,1,4,25,1,1,100,0,1,1,5,0,1,0,1,2,1,13,"A","L",74,47,23,14,24,6,8,19,7,19,26,6,8,1,15,66,74,47,23,14,24,6,8,19,7,19,26,6,8,1,15,66,1.27,11,127.3,0.12,45.5,5,65,0.1,11.4,67,9.09,4.5,0,"2023-2024"
"EFE","BAR","22_2","Regular Season","Joel  Parra",11,0,0,1,0,0,1,0,0,0,NA,0,1,1,1,1,0,0,0,1,0,0,"A","L",74,47,23,14,24,6,8,19,7,19,26,6,8,1,15,66,74,47,23,14,24,6,8,19,7,19,26,6,8,1,15,66,0,1.9,0,0,52.6,Inf,0,0,0.2,0,0,1.7,0,"2023-2024"
"MAC","OLY","22_3","Regular Season","Thomas  Walkup",24,6,0,2,0,2,4,50,0,0,NA,0,3,3,7,3,1,0,0,1,1,14,"H","W",89,39,29,19,19,13,12,22,15,22,37,9,9,2,19,104,89,39,29,19,19,13,12,22,15,22,37,9,9,2,19,104,1,6.7,89.6,0.08,104.5,7,50,0,10,50,14.93,2.7,0,"2023-2024"
"MAC","OLY","22_3","Regular Season","Isaiah  Canaan",25,20,3,3,100,4,7,57.1,2,2,100,0,1,1,2,1,2,0,0,3,1,17,"H","W",89,39,29,19,19,13,12,22,15,22,37,9,9,2,19,104,89,39,29,19,19,13,12,22,15,22,37,9,9,2,19,104,1.67,12.4,161.3,0.1,16.1,1,90,0.2,15.3,91.9,16.13,4.8,0,"2023-2024"
"MAC","OLY","22_3","Regular Season","Kostas  Papanikolaou",25,7,0,2,0,2,5,40,1,2,50,1,0,1,2,0,0,0,0,1,2,5,"H","W",89,39,29,19,19,13,12,22,15,22,37,9,9,2,19,104,89,39,29,19,19,13,12,22,15,22,37,9,9,2,19,104,0.78,6.6,106.1,0.02,30.3,Inf,42.9,0.29,4.2,44.4,0,3,3.3,"2023-2024"
"MAC","OLY","22_3","Regular Season","Alec  Peters",20,17,4,5,80,2,3,66.7,3,4,75,1,1,2,2,0,2,0,0,4,2,14,"H","W",89,39,29,19,19,13,12,22,15,22,37,9,9,2,19,104,89,39,29,19,19,13,12,22,15,22,37,9,9,2,19,104,1.42,10.3,165,0.07,19.4,1,87.5,0.5,12.2,87.1,19.42,5.5,3.3,"2023-2024"
"MAC","OLY","22_3","Regular Season","Nikola  Milutinov",31,20,8,13,61.5,0,0,NA,4,5,80,9,11,20,1,1,1,1,0,2,6,40,"H","W",89,39,29,19,19,13,12,22,15,22,37,9,9,2,19,104,89,39,29,19,19,13,12,22,15,22,37,9,9,2,19,104,1.11,6.9,289.9,0.18,14.5,1,61.5,0.38,23.9,65.8,14.49,4.9,30,"2023-2024"
"MAC","OLY","22_3","Regular Season","Nigel  Williams-Goss",21,5,1,2,50,1,1,100,0,0,NA,1,1,2,4,3,1,0,0,4,0,8,"H","W",89,39,29,19,19,13,12,22,15,22,37,9,9,2,19,104,89,39,29,19,19,13,12,22,15,22,37,9,9,2,19,104,1.67,2.9,172.4,0.05,137.9,4,83.3,0,7.9,83.3,34.48,1.8,3.3,"2023-2024"
"MAC","OLY","22_3","Regular Season","Giannoulis  Larentzakis",20,6,1,3,33.3,1,5,20,1,2,50,1,1,2,3,0,0,1,0,1,2,6,"H","W",89,39,29,19,19,13,12,22,15,22,37,9,9,2,19,104,89,39,29,19,19,13,12,22,15,22,37,9,9,2,19,104,0.6,7.6,78.9,0.02,39.5,Inf,31.2,0.25,4.2,33.8,0,4.2,3.3,"2023-2024"
"MAC","OLY","22_3","Regular Season","Naz  Mitrou-Long",4,3,0,1,0,1,2,50,0,0,NA,0,0,0,0,0,1,0,0,0,0,0,"H","W",89,39,29,19,19,13,12,22,15,22,37,9,9,2,19,104,89,39,29,19,19,13,12,22,15,22,37,9,9,2,19,104,1,3.8,78.9,0,0,0,50,0,0.3,50,26.32,9.4,0,"2023-2024"
"MAC","OLY","22_3","Regular Season","Filip  Petrusev",19,5,2,7,28.6,0,0,NA,1,4,25,1,4,5,1,1,0,0,1,1,3,5,"H","W",89,39,29,19,19,13,12,22,15,22,37,9,9,2,19,104,89,39,29,19,19,13,12,22,15,22,37,9,9,2,19,104,0.45,7.4,67.6,0.02,13.5,Inf,28.6,0.57,2.9,28.5,0,4.3,3.3,"2023-2024"
"MAC","OLY","22_3","Regular Season","Luke  Sikma",4,0,0,1,0,0,0,NA,0,0,NA,1,0,1,0,0,1,0,1,1,1,-2,"H","W",89,39,29,19,19,13,12,22,15,22,37,9,9,2,19,104,89,39,29,19,19,13,12,22,15,22,37,9,9,2,19,104,0,1,0,-0.02,0,0,0,0,-1.4,0,100,4.7,3.3,"2023-2024"
"MAC","OLY","22_3","Regular Season","Shaquielle  McKissic",6,0,0,0,NA,0,2,0,0,0,NA,0,0,0,0,0,0,0,0,1,0,-3,"H","W",89,39,29,19,19,13,12,22,15,22,37,9,9,2,19,104,89,39,29,19,19,13,12,22,15,22,37,9,9,2,19,104,0,1.9,0,-0.02,0,NA,0,0,-1.8,0,0,3.1,0,"2023-2024"
"OLY","MAC","22_3","Regular Season","Wade  Baldwin IV",27,18,5,12,41.7,1,3,33.3,5,8,62.5,1,4,5,3,1,4,0,0,2,7,16,"A","L",72,34,23,18,17,8,14,13,9,23,32,5,13,2,20,72,72,34,23,18,17,8,14,13,9,23,32,5,13,2,20,72,0.78,20.7,87,0.09,14.5,0.8,43.3,0.53,8.9,48.6,19.32,8.6,5.6,"2023-2024"
"OLY","MAC","22_3","Regular Season","Roman  Sorkin",25,9,3,4,75,1,1,100,0,0,NA,2,1,3,0,0,0,1,0,3,0,9,"A","L",72,34,23,18,17,8,14,13,9,23,32,5,13,2,20,72,72,34,23,18,17,8,14,13,9,23,32,5,13,2,20,72,1.8,2.9,310.3,0.08,0,NA,90,0,8.3,90,0,2.1,11.1,"2023-2024"
"OLY","MAC","22_3","Regular Season","John  Dibartolomeo",28,6,0,0,NA,2,4,50,0,0,NA,0,3,3,1,1,2,0,1,3,2,5,"A","L",72,34,23,18,17,8,14,13,9,23,32,5,13,2,20,72,72,34,23,18,17,8,14,13,9,23,32,5,13,2,20,72,1.5,5.8,103.4,0.04,17.2,0.5,75,0,3.4,75,34.48,2.2,0,"2023-2024"
"OLY","MAC","22_3","Regular Season","Josh  Nebo",23,3,1,2,50,0,0,NA,1,2,50,3,6,9,0,0,1,0,0,2,2,9,"A","L",72,34,23,18,17,8,14,13,9,23,32,5,13,2,20,72,72,34,23,18,17,8,14,13,9,23,32,5,13,2,20,72,0.75,0.8,375,0.06,0,0,50,1,3.7,52.1,125,1.7,16.7,"2023-2024"
"OLY","MAC","22_3","Regular Season","Bonzie  Colson",25,10,3,5,60,0,1,0,4,4,100,0,3,3,0,1,1,0,0,1,4,13,"A","L",72,34,23,18,17,8,14,13,9,23,32,5,13,2,20,72,72,34,23,18,17,8,14,13,9,23,32,5,13,2,20,72,1,8.4,119,0.09,0,0,50,0.67,7.5,64.4,11.9,3.6,0,"2023-2024"
"OLY","MAC","22_3","Regular Season","Antonius  Cleveland",7,0,0,1,0,0,1,0,0,0,NA,0,0,0,0,0,0,0,0,2,0,-4,"A","L",72,34,23,18,17,8,14,13,9,23,32,5,13,2,20,72,72,34,23,18,17,8,14,13,9,23,32,5,13,2,20,72,0,1.9,0,-0.04,0,NA,0,0,-2.2,0,0,2.9,0,"2023-2024"
"OLY","MAC","22_3","Regular Season","James  Webb III",15,3,0,2,0,1,2,50,0,0,NA,1,0,1,0,1,1,0,1,2,0,-2,"A","L",72,34,23,18,17,8,14,13,9,23,32,5,13,2,20,72,72,34,23,18,17,8,14,13,9,23,32,5,13,2,20,72,0.75,3.8,78.9,-0.02,0,0,37.5,0,0.5,37.5,26.32,3.4,5.6,"2023-2024"
"OLY","MAC","22_3","Regular Season","Rafael  Menco",13,5,1,1,100,1,3,33.3,0,0,NA,2,2,4,2,1,1,1,0,3,1,8,"A","L",72,34,23,18,17,8,14,13,9,23,32,5,13,2,20,72,72,34,23,18,17,8,14,13,9,23,32,5,13,2,20,72,1.25,2.9,172.4,0.06,69,2,62.5,0,5.9,62.5,34.48,3.9,11.1,"2023-2024"
"OLY","MAC","22_3","Regular Season","Jasiel  Rivero",12,8,3,4,75,0,0,NA,2,2,100,0,3,3,0,0,0,0,0,1,1,10,"A","L",72,34,23,18,17,8,14,13,9,23,32,5,13,2,20,72,72,34,23,18,17,8,14,13,9,23,32,5,13,2,20,72,1.33,4.7,170.2,0.09,0,NA,75,0.5,6.9,82,0,4.2,0,"2023-2024"
"OLY","MAC","22_3","Regular Season","Omer  Mayer",0,0,0,0,NA,0,0,NA,0,0,NA,0,0,0,0,0,0,0,0,0,0,0,"A","L",72,34,23,18,17,8,14,13,9,23,32,5,13,2,20,72,72,34,23,18,17,8,14,13,9,23,32,5,13,2,20,72,NA,0,NA,0,NA,NA,NA,NA,0,NA,NA,NA,0,"2023-2024"
"OLY","MAC","22_3","Regular Season","Tamir  Blatt",24,10,1,3,33.3,2,8,25,2,2,100,0,1,1,7,0,3,0,0,1,2,8,"A","L",72,34,23,18,17,8,14,13,9,23,32,5,13,2,20,72,72,34,23,18,17,8,14,13,9,23,32,5,13,2,20,72,0.77,14.3,69.9,0.06,49,2.3,36.4,0.18,5.3,42.1,20.98,6.4,0,"2023-2024"
"BAS","CRV","22_4","Regular Season","Luka  Mitrovic",24,6,2,3,66.7,0,0,NA,2,2,100,0,2,2,3,1,2,0,0,0,5,14,"H","L",90,28,28,18,20,12,14,14,6,17,23,9,10,5,16,105,90,28,28,18,20,12,14,14,6,17,23,9,10,5,16,105,1.2,5.6,107.1,0.06,53.6,1.5,66.7,0.67,6.4,77.3,35.71,2.7,0,"2023-2024"
"BAS","CRV","22_4","Regular Season","Branko  Lazic",24,6,0,0,NA,2,5,40,0,0,NA,0,0,0,1,1,0,0,0,4,0,1,"H","L",90,28,28,18,20,12,14,14,6,17,23,9,10,5,16,105,90,28,28,18,20,12,14,14,6,17,23,9,10,5,16,105,1.2,4.8,125,0.01,20.8,Inf,60,0,3.4,60,0,2.3,0,"2023-2024"
"BAS","CRV","22_4","Regular Season","Joel  Bolomboy",31,9,4,6,66.7,0,1,0,1,1,100,4,1,5,2,3,2,3,1,4,4,16,"H","L",90,28,28,18,20,12,14,14,6,17,23,9,10,5,16,105,90,28,28,18,20,12,14,14,6,17,23,9,10,5,16,105,1.12,5.2,173.1,0.06,38.5,1,57.1,0.14,11.7,60.5,38.46,3.3,33.3,"2023-2024"
"BAS","CRV","22_4","Regular Season","Rokas  Giedraitis",35,13,3,3,100,2,4,50,1,3,33.3,1,4,5,0,1,1,0,0,0,3,17,"H","L",90,28,28,18,20,12,14,14,6,17,23,9,10,5,16,105,90,28,28,18,20,12,14,14,6,17,23,9,10,5,16,105,1.3,8,162.5,0.08,0,0,85.7,0.43,11.2,78.1,12.5,2.9,8.3,"2023-2024"
"BAS","CRV","22_4","Regular Season","Yago Mateus dos Santos",26,26,4,7,57.1,4,7,57.1,6,7,85.7,1,2,3,5,1,1,0,1,4,4,26,"H","L",90,28,28,18,20,12,14,14,6,17,23,9,10,5,16,105,90,28,28,18,20,12,14,14,6,17,23,9,10,5,16,105,1.24,16.4,158.5,0.14,30.5,5,71.4,0.5,22.2,76.1,6.1,7.5,8.3,"2023-2024"
"BAS","CRV","22_4","Regular Season","Javonte  Smart",17,11,3,4,75,1,6,16.7,2,2,100,0,3,3,2,1,2,0,2,2,1,6,"H","L",90,28,28,18,20,12,14,14,6,17,23,9,10,5,16,105,90,28,28,18,20,12,14,14,6,17,23,9,10,5,16,105,0.92,12.4,88.7,0.04,16.1,1,45,0.2,6.1,50.6,16.13,8.2,0,"2023-2024"
"BAS","CRV","22_4","Regular Season","Adam  Hanga",18,10,4,4,100,0,2,0,2,3,66.7,0,2,2,1,1,1,1,0,0,3,14,"H","L",90,28,28,18,20,12,14,14,6,17,23,9,10,5,16,105,90,28,28,18,20,12,14,14,6,17,23,9,10,5,16,105,1.11,8,125,0.06,12.5,1,66.7,0.5,9,68.3,12.5,5,0,"2023-2024"
"BAS","CRV","22_4","Regular Season","Dejan  Davidovac",16,9,0,1,0,3,3,100,0,0,NA,0,3,3,0,0,1,1,0,1,1,11,"H","L",90,28,28,18,20,12,14,14,6,17,23,9,10,5,16,105,90,28,28,18,20,12,14,14,6,17,23,9,10,5,16,105,2.25,4.8,187.5,0.06,0,0,112.5,0,7.6,112.5,20.83,3.4,0,"2023-2024"
"BAS","CRV","22_4","Regular Season","Freddie  Gillespie",8,0,0,0,NA,0,0,NA,0,0,NA,0,0,0,0,0,0,0,0,1,1,0,"H","L",90,28,28,18,20,12,14,14,6,17,23,9,10,5,16,105,90,28,28,18,20,12,14,14,6,17,23,9,10,5,16,105,NA,0,NA,-0.01,NA,NA,NA,NA,-0.4,NA,NA,0,0,"2023-2024"
"CRV","BAS","22_4","Regular Season","Markus  Howard",23,32,3,5,60,7,10,70,5,6,83.3,0,0,0,2,0,4,0,0,2,3,25,"A","W",91,27,34,19,13,17,14,21,14,19,33,7,16,4,22,93,91,27,34,19,13,17,14,21,14,19,33,7,16,4,22,93,1.52,20.8,153.8,0.15,9.6,0.5,90,0.4,21.7,90.7,19.23,8.8,0,"2023-2024"
"CRV","BAS","22_4","Regular Season","Tadas  Sedekerskis",19,0,0,0,NA,0,0,NA,0,0,NA,3,2,5,2,0,1,0,0,4,1,3,"A","W",91,27,34,19,13,17,14,21,14,19,33,7,16,4,22,93,91,27,34,19,13,17,14,21,14,19,33,7,16,4,22,93,NA,-1.9,0,0,-105.3,2,NA,NA,1.5,NA,-52.63,0.5,10.7,"2023-2024"
"CRV","BAS","22_4","Regular Season","Vanja  Marinkovic",28,18,0,1,0,5,9,55.6,3,6,50,1,3,4,2,0,0,0,1,4,3,14,"A","W",91,27,34,19,13,17,14,21,14,19,33,7,16,4,22,93,91,27,34,19,13,17,14,21,14,19,33,7,16,4,22,93,1.12,11.2,160.7,0.08,17.9,Inf,75,0.6,13.2,71.2,0,4.2,3.6,"2023-2024"
"CRV","BAS","22_4","Regular Season","Codi  Miller-McIntyre",34,3,1,3,33.3,0,1,0,1,2,50,0,3,3,9,1,3,0,0,4,2,7,"A","W",91,27,34,19,13,17,14,21,14,19,33,7,16,4,22,93,91,27,34,19,13,17,14,21,14,19,33,7,16,4,22,93,0.5,7.6,39.5,0.03,118.4,3,25,0.5,3.8,30.7,39.47,2.2,0,"2023-2024"
"CRV","BAS","22_4","Regular Season","Maik  Kotsar",7,4,1,3,33.3,0,0,NA,2,2,100,1,0,1,0,0,0,0,1,1,1,2,"A","W",91,27,34,19,13,17,14,21,14,19,33,7,16,4,22,93,91,27,34,19,13,17,14,21,14,19,33,7,16,4,22,93,0.8,2.8,142.9,0.01,0,NA,33.3,0.67,2.6,51.5,0,5.2,3.6,"2023-2024"
"CRV","BAS","22_4","Regular Season","Sander  Raieste",4,0,0,1,0,0,0,NA,0,0,NA,1,0,1,0,0,1,0,0,0,0,-1,"A","W",91,27,34,19,13,17,14,21,14,19,33,7,16,4,22,93,91,27,34,19,13,17,14,21,14,19,33,7,16,4,22,93,0,1,0,-0.01,0,0,0,0,-1,0,100,4.7,3.6,"2023-2024"
"CRV","BAS","22_4","Regular Season","Daniel  Diez",7,3,0,0,NA,1,2,50,0,0,NA,0,1,1,0,0,0,0,0,0,0,3,"A","W",91,27,34,19,13,17,14,21,14,19,33,7,16,4,22,93,91,27,34,19,13,17,14,21,14,19,33,7,16,4,22,93,1.5,1.9,157.9,0.02,0,NA,75,0,2.3,75,0,2.7,0,"2023-2024"
"CRV","BAS","22_4","Regular Season","Nikos  Rogkavopoulos",14,8,1,3,33.3,2,3,66.7,0,0,NA,1,1,2,1,2,1,0,1,1,0,7,"A","W",91,27,34,19,13,17,14,21,14,19,33,7,16,4,22,93,91,27,34,19,13,17,14,21,14,19,33,7,16,4,22,93,1.33,5.8,137.9,0.05,17.2,1,66.7,0,7.3,66.7,17.24,4.7,3.6,"2023-2024"
"CRV","BAS","22_4","Regular Season","Matthew  Costello",31,10,2,5,40,2,7,28.6,0,0,NA,0,4,4,2,1,2,4,1,5,1,6,"A","W",91,27,34,19,13,17,14,21,14,19,33,7,16,4,22,93,91,27,34,19,13,17,14,21,14,19,33,7,16,4,22,93,0.83,13.4,74.6,0.03,14.9,1,41.7,0,5.6,41.7,14.93,4.2,0,"2023-2024"
"CRV","BAS","22_4","Regular Season","Chima  Moneke",32,13,5,6,83.3,0,2,0,3,3,100,7,5,12,3,3,4,0,1,1,5,27,"A","W",91,27,34,19,13,17,14,21,14,19,33,7,16,4,22,93,91,27,34,19,13,17,14,21,14,19,33,7,16,4,22,93,1.18,6.1,213.1,0.13,49.2,0.8,62.5,0.38,16.5,69.7,65.57,3.9,25,"2023-2024"
"BOL","VIL","22_5","Regular Season","Mike  Scott",11,2,1,1,100,0,2,0,0,0,NA,0,2,2,0,0,1,0,0,1,0,0,"A","L",63,39,22,15,21,4,9,18,7,27,34,12,14,1,16,67,63,39,22,15,21,4,9,18,7,27,34,12,14,1,16,67,0.67,3.8,52.6,0,0,0,33.3,0,-0.5,33.3,26.32,3.6,0,"2023-2024"
"BOL","VIL","22_5","Regular Season","Paris  Lee",30,14,3,8,37.5,2,6,33.3,2,2,100,1,2,3,12,4,2,0,2,1,4,23,"A","L",63,39,22,15,21,4,9,18,7,27,34,12,14,1,16,67,63,39,22,15,21,4,9,18,7,27,34,12,14,1,16,67,0.88,15.2,92.1,0.2,78.9,6,42.9,0.14,17.5,47,13.16,5.5,7.1,"2023-2024"
"BOL","VIL","22_5","Regular Season","Timothe  Luwawu-Cabarrot",30,7,2,5,40,1,3,33.3,0,0,NA,0,6,6,2,2,5,0,1,4,2,4,"A","L",63,39,22,15,21,4,9,18,7,27,34,12,14,1,16,67,63,39,22,15,21,4,9,18,7,27,34,12,14,1,16,67,0.88,12.5,56,0.03,16,0.4,43.8,0,1.2,43.8,40,4.2,0,"2023-2024"
"BOL","VIL","22_5","Regular Season","Youssoupha  Fall",26,17,6,9,66.7,0,0,NA,5,9,55.6,4,8,12,0,0,1,0,0,2,6,25,"A","L",63,39,22,15,21,4,9,18,7,27,34,12,14,1,16,67,63,39,22,15,21,4,9,18,7,27,34,12,14,1,16,67,0.94,9.6,177.1,0.16,0,0,66.7,1,14.9,65.6,10.42,5.3,28.6,"2023-2024"
"BOL","VIL","22_5","Regular Season","David  Lighty",20,2,1,1,100,0,3,0,0,0,NA,1,1,2,0,1,0,0,0,2,0,0,"A","L",63,39,22,15,21,4,9,18,7,27,34,12,14,1,16,67,63,39,22,15,21,4,9,18,7,27,34,12,14,1,16,67,0.5,2.9,69,0,0,NA,25,0,0.8,25,0,2,7.1,"2023-2024"
"BOL","VIL","22_5","Regular Season","Deshaun  Thomas",25,7,3,6,50,0,3,0,1,2,50,0,3,3,1,0,0,0,1,1,2,4,"A","L",63,39,22,15,21,4,9,18,7,27,34,12,14,1,16,67,63,39,22,15,21,4,9,18,7,27,34,12,14,1,16,67,0.64,9.5,73.7,0.03,10.5,Inf,33.3,0.22,2.7,35.4,0,3.9,0,"2023-2024"
"BOL","VIL","22_5","Regular Season","Joffrey  Lauvergne",18,9,4,5,80,0,2,0,1,2,50,0,2,2,1,0,2,0,0,0,1,7,"A","L",63,39,22,15,21,4,9,18,7,27,34,12,14,1,16,67,63,39,22,15,21,4,9,18,7,27,34,12,14,1,16,67,1,9.5,94.7,0.06,10.5,0.5,57.1,0.29,4.6,57.1,21.05,5.4,0,"2023-2024"
"BOL","VIL","22_5","Regular Season","Edwin  Jackson",10,0,0,1,0,0,1,0,0,0,NA,0,1,1,0,2,1,0,0,2,0,-2,"A","L",63,39,22,15,21,4,9,18,7,27,34,12,14,1,16,67,63,39,22,15,21,4,9,18,7,27,34,12,14,1,16,67,0,2.9,0,-0.02,0,0,0,0,-0.9,0,34.48,2.9,0,"2023-2024"
"BOL","VIL","22_5","Regular Season","Mbaye  Ndiaye",20,5,1,2,50,1,1,100,0,0,NA,1,1,2,2,3,1,1,0,1,0,10,"A","L",63,39,22,15,21,4,9,18,7,27,34,12,14,1,16,67,63,39,22,15,21,4,9,18,7,27,34,12,14,1,16,67,1.67,2.9,172.4,0.09,69,2,83.3,0,8.4,83.3,34.48,2,7.1,"2023-2024"
"BOL","VIL","22_5","Regular Season","Noam  Yaacov",10,0,0,1,0,0,1,0,0,0,NA,0,1,1,0,0,1,0,1,2,1,-4,"A","L",63,39,22,15,21,4,9,18,7,27,34,12,14,1,16,67,63,39,22,15,21,4,9,18,7,27,34,12,14,1,16,67,0,2.9,0,-0.04,0,0,0,0,-2.9,0,34.48,2.9,0,"2023-2024"
"VIL","BOL","22_5","Regular Season","Isaia  Cordinier",24,12,3,8,37.5,2,4,50,0,0,NA,2,2,4,0,0,3,1,0,1,1,7,"H","W",73,36,31,8,17,11,6,16,9,28,37,8,14,5,16,83,73,36,31,8,17,11,6,16,9,28,37,8,14,5,16,83,1,12.5,96,0.04,0,0,50,0,4.9,50,24,5.9,11.1,"2023-2024"
"VIL","BOL","22_5","Regular Season","Marco  Belinelli",29,18,1,3,33.3,4,14,28.6,4,4,100,0,2,2,1,1,1,0,0,2,2,9,"H","W",73,36,31,8,17,11,6,16,9,28,37,8,14,5,16,83,73,36,31,8,17,11,6,16,9,28,37,8,14,5,16,83,0.86,19,94.7,0.06,5.3,1,41.2,0.24,8.6,48,5.26,6.4,0,"2023-2024"
"VIL","BOL","22_5","Regular Season","Daniel  Hackett",28,19,6,8,75,2,3,66.7,1,1,100,0,6,6,4,1,3,0,0,2,7,29,"H","W",73,36,31,8,17,11,6,16,9,28,37,8,14,5,16,83,73,36,31,8,17,11,6,16,9,28,37,8,14,5,16,83,1.58,13.9,136.7,0.18,28.8,1.3,81.8,0.09,16.3,83,21.58,4.9,0,"2023-2024"
"VIL","BOL","22_5","Regular Season","Jordan  Mickey",22,9,3,6,50,1,1,100,0,1,0,0,5,5,0,0,2,0,0,0,1,9,"H","W",73,36,31,8,17,11,6,16,9,28,37,8,14,5,16,83,73,36,31,8,17,11,6,16,9,28,37,8,14,5,16,83,1.12,9.1,98.9,0.07,0,0,64.3,0.14,4.8,60.5,21.98,4.1,0,"2023-2024"
"VIL","BOL","22_5","Regular Season","Bryant  Dunston",18,4,2,2,100,0,0,NA,0,0,NA,1,2,3,2,0,1,1,0,2,2,9,"H","W",73,36,31,8,17,11,6,16,9,28,37,8,14,5,16,83,73,36,31,8,17,11,6,16,9,28,37,8,14,5,16,83,2,1.9,210.5,0.05,105.3,2,100,0,5,100,52.63,1.6,5.6,"2023-2024"
"VIL","BOL","22_5","Regular Season","Gabriel  Lundberg",16,6,1,5,20,1,3,33.3,1,2,50,0,1,1,0,0,1,0,0,1,1,-1,"H","W",73,36,31,8,17,11,6,16,9,28,37,8,14,5,16,83,73,36,31,8,17,11,6,16,9,28,37,8,14,5,16,83,0.6,9.5,63.2,-0.02,0,0,31.2,0.25,-0.3,33.8,10.53,5.8,0,"2023-2024"
"VIL","BOL","22_5","Regular Season","Alessandro  Pajola",19,3,0,0,NA,1,3,33.3,0,0,NA,0,3,3,7,3,2,1,0,3,1,11,"H","W",73,36,31,8,17,11,6,16,9,28,37,8,14,5,16,83,73,36,31,8,17,11,6,16,9,28,37,8,14,5,16,83,1,4.8,62.5,0.08,145.8,3.5,50,0,7.6,50,41.67,2.5,0,"2023-2024"
"VIL","BOL","22_5","Regular Season","Achille  Polonara",23,2,1,3,33.3,0,0,NA,0,0,NA,4,5,9,2,2,1,1,0,4,0,9,"H","W",73,36,31,8,17,11,6,16,9,28,37,8,14,5,16,83,73,36,31,8,17,11,6,16,9,28,37,8,14,5,16,83,0.67,0,Inf,0.05,Inf,2,33.3,0,6.1,33.3,Inf,1.6,22.2,"2023-2024"
"VIL","BOL","22_5","Regular Season","Ante  Zizic",17,0,0,1,0,0,0,NA,0,0,NA,1,2,3,0,1,0,1,0,1,1,4,"H","W",73,36,31,8,17,11,6,16,9,28,37,8,14,5,16,83,73,36,31,8,17,11,6,16,9,28,37,8,14,5,16,83,0,0,NA,0.02,NA,NA,0,0,1.9,0,NA,0.6,5.6,"2023-2024"
"VIL","BOL","22_5","Regular Season","Awudu  Abass",4,0,0,0,NA,0,3,0,0,0,NA,1,0,1,0,0,0,0,1,0,0,-3,"H","W",73,36,31,8,17,11,6,16,9,28,37,8,14,5,16,83,73,36,31,8,17,11,6,16,9,28,37,8,14,5,16,83,0,1.9,0,-0.02,0,NA,0,0,-1.4,0,0,7.1,5.6,"2023-2024"
"ASM","RMB","22_6","Regular Season","Fabien  Causeur",16,10,3,5,60,1,5,20,1,1,100,1,1,2,2,0,1,0,0,2,1,6,"A","L",76,33,31,18,18,9,13,10,9,24,33,8,19,1,18,65,76,33,31,18,18,9,13,10,9,24,33,8,19,1,18,65,0.91,10,100,0.05,20,2,45,0.1,5.2,47.9,10,6.3,5.6,"2023-2024"
"ASM","RMB","22_6","Regular Season","Facundo  Campazzo",19,7,1,2,50,1,4,25,2,2,100,0,0,0,1,1,4,0,0,2,4,3,"A","L",76,33,31,18,18,9,13,10,9,24,33,8,19,1,18,65,76,33,31,18,18,9,13,10,9,24,33,8,19,1,18,65,0.88,10.4,67.3,-0.01,9.6,0.2,41.7,0.33,0.5,50.9,38.46,5,0,"2023-2024"
"ASM","RMB","22_6","Regular Season","Mario  Hezonja",18,6,2,3,66.7,0,3,0,2,2,100,0,1,1,1,1,2,0,0,1,1,3,"A","L",76,33,31,18,18,9,13,10,9,24,33,8,19,1,18,65,76,33,31,18,18,9,13,10,9,24,33,8,19,1,18,65,0.75,8.5,70.6,0.02,11.8,0.5,33.3,0.33,2.2,43.6,23.53,4.3,0,"2023-2024"
"ASM","RMB","22_6","Regular Season","Vincent  Poirier",24,5,2,3,66.7,0,0,NA,1,2,50,3,6,9,1,0,4,1,0,3,1,8,"A","L",76,33,31,18,18,9,13,10,9,24,33,8,19,1,18,65,76,33,31,18,18,9,13,10,9,24,33,8,19,1,18,65,1,4.7,106.4,0.06,21.3,0.2,66.7,0.67,3.4,64.4,85.11,2.9,16.7,"2023-2024"
"ASM","RMB","22_6","Regular Season","Dzanan  Musa",17,12,3,4,75,1,3,33.3,3,3,100,0,4,4,1,0,0,0,1,1,3,15,"A","L",76,33,31,18,18,9,13,10,9,24,33,8,19,1,18,65,76,33,31,18,18,9,13,10,9,24,33,8,19,1,18,65,1.2,8,150,0.15,12.5,Inf,64.3,0.43,10.2,72.1,0,4.3,0,"2023-2024"
"ASM","RMB","22_6","Regular Season","Rudy  Fernandez",20,11,1,1,100,3,6,50,0,0,NA,1,1,2,0,3,0,0,0,0,1,14,"A","L",76,33,31,18,18,9,13,10,9,24,33,8,19,1,18,65,76,33,31,18,18,9,13,10,9,24,33,8,19,1,18,65,1.57,5.8,189.7,0.14,0,NA,78.6,0,11.7,78.6,0,3.1,5.6,"2023-2024"
"ASM","RMB","22_6","Regular Season","Alberto   Abalde",15,2,1,3,33.3,0,2,0,0,0,NA,0,1,1,0,2,1,0,1,1,0,-2,"A","L",76,33,31,18,18,9,13,10,9,24,33,8,19,1,18,65,76,33,31,18,18,9,13,10,9,24,33,8,19,1,18,65,0.4,5.8,34.5,-0.01,0,0,20,0,-0.2,20,17.24,3.5,0,"2023-2024"
"ASM","RMB","22_6","Regular Season","Carlos  Alocen",9,2,1,1,100,0,0,NA,0,0,NA,0,1,1,2,0,0,0,0,0,0,5,"A","L",76,33,31,18,18,9,13,10,9,24,33,8,19,1,18,65,76,33,31,18,18,9,13,10,9,24,33,8,19,1,18,65,2,1,200,0.06,200,Inf,100,0,3.4,100,0,1,0,"2023-2024"
"ASM","RMB","22_6","Regular Season","Sergio  Rodriguez",12,8,1,2,50,2,2,100,0,0,NA,0,1,1,1,0,2,0,0,2,1,6,"A","L",76,33,31,18,18,9,13,10,9,24,33,8,19,1,18,65,76,33,31,18,18,9,13,10,9,24,33,8,19,1,18,65,2,5.8,137.9,0.06,17.2,0.5,100,0,4.6,100,34.48,4.4,0,"2023-2024"
"ASM","RMB","22_6","Regular Season","Gabriel  Deck",16,4,2,3,66.7,0,2,0,0,0,NA,1,0,1,0,0,3,0,0,2,1,-2,"A","L",76,33,31,18,18,9,13,10,9,24,33,8,19,1,18,65,76,33,31,18,18,9,13,10,9,24,33,8,19,1,18,65,0.8,6.7,59.7,-0.04,0,0,40,0,-1.8,40,44.78,4.4,5.6,"2023-2024"
"ASM","RMB","22_6","Regular Season","Guerschon  Yabusele",23,5,0,4,0,1,3,33.3,2,4,50,2,7,9,0,1,1,0,1,2,5,8,"A","L",76,33,31,18,18,9,13,10,9,24,33,8,19,1,18,65,76,33,31,18,18,9,13,10,9,24,33,8,19,1,18,65,0.45,7.4,67.6,0.03,0,0,21.4,0.57,2.4,28.5,13.51,3.7,11.1,"2023-2024"
"ASM","RMB","22_6","Regular Season","Eli  Ndiaye",10,4,1,2,50,0,1,0,2,4,50,1,1,2,1,0,1,0,1,2,2,1,"A","L",76,33,31,18,18,9,13,10,9,24,33,8,19,1,18,65,76,33,31,18,18,9,13,10,9,24,33,8,19,1,18,65,0.57,4.6,87,-0.01,21.7,1,33.3,1.33,1.4,42,21.74,5.1,5.6,"2023-2024"
"RMB","ASM","22_6","Regular Season","Jaron  Blossomgame",22,5,2,4,50,0,2,0,1,2,50,1,2,3,0,0,0,1,0,3,1,2,"H","W",98,35,30,17,23,13,13,25,7,27,34,12,13,4,20,124,98,35,30,17,23,13,13,25,7,27,34,12,13,4,20,124,0.62,5.6,89.3,0,0,NA,33.3,0.33,2,36.3,0,2.9,7.1,"2023-2024"
"RMB","ASM","22_6","Regular Season","Alpha  Diallo",26,14,3,6,50,2,5,40,2,2,100,0,3,3,4,2,1,0,1,4,4,15,"H","W",98,35,30,17,23,13,13,25,7,27,34,12,13,4,20,124,98,35,30,17,23,13,13,25,7,27,34,12,13,4,20,124,1.08,12.4,112.9,0.06,32.3,4,54.5,0.18,11.4,58.9,8.06,4.6,0,"2023-2024"
"RMB","ASM","22_6","Regular Season","Mouhammadou  Jaiteh",9,8,3,4,75,0,0,NA,2,3,66.7,3,3,6,0,0,1,1,0,0,3,15,"H","W",98,35,30,17,23,13,13,25,7,27,34,12,13,4,20,124,98,35,30,17,23,13,13,25,7,27,34,12,13,4,20,124,1.14,3.2,250,0.05,0,0,75,0.75,8.7,75.2,31.25,6.6,21.4,"2023-2024"
"RMB","ASM","22_6","Regular Season","Yakuba  Ouattara",18,9,0,0,NA,3,6,50,0,0,NA,0,3,3,0,1,1,0,0,1,0,8,"H","W",98,35,30,17,23,13,13,25,7,27,34,12,13,4,20,124,98,35,30,17,23,13,13,25,7,27,34,12,13,4,20,124,1.5,6.7,134.3,0.04,0,0,75,0,6.5,75,14.93,3.6,0,"2023-2024"
"RMB","ASM","22_6","Regular Season","Mike  James",33,15,2,5,40,3,5,60,2,3,66.7,0,5,5,12,5,2,0,0,1,3,31,"H","W",98,35,30,17,23,13,13,25,7,27,34,12,13,4,20,124,98,35,30,17,23,13,13,25,7,27,34,12,13,4,20,124,1.15,12.8,117.2,0.14,93.8,6,65,0.3,22.1,66.3,15.62,3.8,0,"2023-2024"
"RMB","ASM","22_6","Regular Season","Elie  Okobo",24,7,2,3,66.7,1,3,33.3,0,0,NA,0,0,0,3,2,4,0,0,3,1,3,"H","W",98,35,30,17,23,13,13,25,7,27,34,12,13,4,20,124,98,35,30,17,23,13,13,25,7,27,34,12,13,4,20,124,1.17,9.6,72.9,0.01,31.2,0.8,58.3,0,2.9,58.3,41.67,3.9,0,"2023-2024"
"RMB","ASM","22_6","Regular Season","Jordan  Loyd",18,19,3,3,100,4,6,66.7,1,1,100,0,1,1,1,1,1,0,0,3,2,18,"H","W",98,35,30,17,23,13,13,25,7,27,34,12,13,4,20,124,98,35,30,17,23,13,13,25,7,27,34,12,13,4,20,124,1.9,10,190,0.08,10,1,100,0.11,15.3,100.6,10,5.4,0,"2023-2024"
"RMB","ASM","22_6","Regular Season","Petr  Cornelie",18,4,2,2,100,0,2,0,0,0,NA,1,2,3,2,1,1,1,0,2,0,6,"H","W",98,35,30,17,23,13,13,25,7,27,34,12,13,4,20,124,98,35,30,17,23,13,13,25,7,27,34,12,13,4,20,124,1,3.8,105.3,0.02,52.6,2,50,0,4.6,50,26.32,2.6,7.1,"2023-2024"
"RMB","ASM","22_6","Regular Season","Donatas  Motiejunas",14,13,4,6,66.7,0,1,0,5,6,83.3,1,1,2,2,0,2,0,0,2,4,13,"H","W",98,35,30,17,23,13,13,25,7,27,34,12,13,4,20,124,98,35,30,17,23,13,13,25,7,27,34,12,13,4,20,124,1,10.2,127.5,0.04,19.6,1,57.1,0.86,8.9,67.4,19.61,7.8,7.1,"2023-2024"
"RMB","ASM","22_6","Regular Season","Donta  Hall",17,4,2,2,100,0,0,NA,0,0,NA,1,7,8,1,0,0,1,0,1,0,13,"H","W",98,35,30,17,23,13,13,25,7,27,34,12,13,4,20,124,98,35,30,17,23,13,13,25,7,27,34,12,13,4,20,124,2,1,400,0.06,100,Inf,100,0,7.2,100,0,1.1,7.1,"2023-2024"
"PAN","PAR","22_7","Regular Season","Zach  LeDay",25,4,1,2,50,0,0,NA,2,2,100,2,0,2,2,1,0,0,0,0,2,10,"A","L",71,42,18,18,22,4,15,16,10,13,23,11,15,1,29,57,71,42,18,18,22,4,15,16,10,13,23,11,15,1,29,57,1,0.8,500,0.1,250,Inf,50,1,6.8,69.4,0,1.1,10,"2023-2024"
"PAN","PAR","22_7","Regular Season","Ognjen  Jaramaz",9,0,0,0,NA,0,3,0,0,0,NA,0,1,1,1,0,2,0,0,2,0,-5,"A","L",71,42,18,18,22,4,15,16,10,13,23,11,15,1,29,57,71,42,18,18,22,4,15,16,10,13,23,11,15,1,29,57,0,4.8,0,-0.07,20.8,0.5,0,0,-3.9,0,41.67,5.4,0,"2023-2024"
"PAN","PAR","22_7","Regular Season","Uros  Trifunovic",22,2,1,2,50,0,2,0,0,0,NA,0,0,0,1,0,0,0,0,2,2,0,"A","L",71,42,18,18,22,4,15,16,10,13,23,11,15,1,29,57,71,42,18,18,22,4,15,16,10,13,23,11,15,1,29,57,0.5,3.8,52.6,-0.03,26.3,Inf,25,0,-0.5,25,0,1.8,0,"2023-2024"
"PAN","PAR","22_7","Regular Season","P.J.  Dozier",33,16,3,7,42.9,3,6,50,1,2,50,1,6,7,8,6,2,1,0,3,3,28,"A","L",71,42,18,18,22,4,15,16,10,13,23,11,15,1,29,57,71,42,18,18,22,4,15,16,10,13,23,11,15,1,29,57,1.07,14.3,111.9,0.34,55.9,4,57.7,0.15,20.5,57.6,13.99,4.6,5,"2023-2024"
"PAN","PAR","22_7","Regular Season","Bruno  Caboclo",16,8,2,5,40,0,2,0,4,4,100,0,1,1,0,1,3,0,0,4,3,1,"A","L",71,42,18,18,22,4,15,16,10,13,23,11,15,1,29,57,71,42,18,18,22,4,15,16,10,13,23,11,15,1,29,57,0.73,11.3,70.8,-0.03,0,0,28.6,0.57,0.6,45.7,26.55,7.1,0,"2023-2024"
"PAN","PAR","22_7","Regular Season","Jaleen  Smith",11,6,2,2,100,0,0,NA,2,2,100,0,1,1,1,0,3,0,0,3,1,3,"A","L",71,42,18,18,22,4,15,16,10,13,23,11,15,1,29,57,71,42,18,18,22,4,15,16,10,13,23,11,15,1,29,57,1.5,5.6,107.1,0.03,17.9,0.3,100,1,2.2,104.2,53.57,5.2,0,"2023-2024"
"PAN","PAR","22_7","Regular Season","Balsa  Koprivica",14,6,3,3,100,0,0,NA,0,0,NA,1,1,2,1,0,1,0,0,3,0,5,"A","L",71,42,18,18,22,4,15,16,10,13,23,11,15,1,29,57,71,42,18,18,22,4,15,16,10,13,23,11,15,1,29,57,2,2.9,206.9,0.06,34.5,1,100,0,4.6,100,34.48,2.8,5,"2023-2024"
"PAN","PAR","22_7","Regular Season","Alen  Smailagic",22,11,5,7,71.4,0,1,0,1,2,50,3,0,3,2,0,0,0,0,3,1,10,"A","L",71,42,18,18,22,4,15,16,10,13,23,11,15,1,29,57,71,42,18,18,22,4,15,16,10,13,23,11,15,1,29,57,1.1,5.6,196.4,0.11,35.7,Inf,62.5,0.25,9.3,61.9,0,3.9,15,"2023-2024"
"PAN","PAR","22_7","Regular Season","James  Nunnally",25,13,4,7,57.1,1,3,33.3,2,3,66.7,2,1,3,0,2,2,0,0,4,3,9,"A","L",71,42,18,18,22,4,15,16,10,13,23,11,15,1,29,57,71,42,18,18,22,4,15,16,10,13,23,11,15,1,29,57,1,10.9,119.3,0.07,0,0,55,0.3,7.7,57.4,18.35,5.1,10,"2023-2024"
"PAN","PAR","22_7","Regular Season","Danilo  Andjusic",12,5,1,3,33.3,0,1,0,3,3,100,0,1,1,0,0,1,0,1,2,3,2,"A","L",71,42,18,18,22,4,15,16,10,13,23,11,15,1,29,57,71,42,18,18,22,4,15,16,10,13,23,11,15,1,29,57,0.71,6.1,82,0,0,0,25,0.75,1.1,47,16.39,5.1,0,"2023-2024"
"PAN","PAR","22_7","Regular Season","Mateusz  Ponitka",9,0,0,4,0,0,0,NA,0,0,NA,1,1,2,0,1,0,0,1,2,0,-4,"A","L",71,42,18,18,22,4,15,16,10,13,23,11,15,1,29,57,71,42,18,18,22,4,15,16,10,13,23,11,15,1,29,57,0,2.9,0,-0.05,0,NA,0,0,-1.6,0,0,4.3,5,"2023-2024"
"PAN","PAR","22_7","Regular Season","Frank  Kaminsky",1,0,0,0,NA,0,0,NA,0,0,NA,0,0,0,0,0,1,0,0,1,0,-2,"A","L",71,42,18,18,22,4,15,16,10,13,23,11,15,1,29,57,71,42,18,18,22,4,15,16,10,13,23,11,15,1,29,57,NA,1,0,-0.03,0,0,NA,NA,-1.4,NA,100,9.6,0,"2023-2024"
"PAR","PAN","22_7","Regular Season","Jerian  Grant",36,4,1,1,100,0,1,0,2,3,66.7,1,1,2,5,4,2,0,0,3,6,14,"H","W",84,31,17,30,22,5,25,16,5,21,26,8,18,2,19,101,84,31,17,30,22,5,25,16,5,21,26,8,18,2,19,101,0.8,4.1,97.6,0.05,122,2.5,50,1.5,7.9,60.2,48.78,1.5,10,"2023-2024"
"PAR","PAN","22_7","Regular Season","Kendrick  Nunn",32,21,6,10,60,1,4,25,6,6,100,0,1,1,4,1,5,1,0,2,4,18,"H","W",84,31,17,30,22,5,25,16,5,21,26,8,18,2,19,101,84,31,17,30,22,5,25,16,5,21,26,8,18,2,19,101,1.05,20.8,101,0.1,19.2,0.8,53.6,0.43,13,63.1,24.04,6.8,0,"2023-2024"
"PAR","PAN","22_7","Regular Season","Mathias  Lessort",31,14,6,10,60,0,0,NA,2,4,50,2,7,9,1,1,2,0,1,4,5,17,"H","W",84,31,17,30,22,5,25,16,5,21,26,8,18,2,19,101,84,31,17,30,22,5,25,16,5,21,26,8,18,2,19,101,1,11.3,123.9,0.09,8.8,0.5,60,0.4,10.2,59.5,17.7,4.5,20,"2023-2024"
"PAR","PAN","22_7","Regular Season","Marius  Grigonis",25,10,2,2,100,1,3,33.3,3,3,100,0,3,3,1,1,2,0,0,4,3,10,"H","W",84,31,17,30,22,5,25,16,5,21,26,8,18,2,19,101,84,31,17,30,22,5,25,16,5,21,26,8,18,2,19,101,1.25,8,125,0.05,12.5,0.5,70,0.6,6.7,79.1,25,3.4,0,"2023-2024"
"PAR","PAN","22_7","Regular Season","Konstantinos  Mitoglou",34,16,3,3,100,1,4,25,7,8,87.5,1,6,7,1,1,2,0,0,2,4,21,"H","W",84,31,17,30,22,5,25,16,5,21,26,8,18,2,19,101,84,31,17,30,22,5,25,16,5,21,26,8,18,2,19,101,1.07,11.1,144.1,0.12,9,0.5,64.3,1.14,13.7,76,18.02,3.7,10,"2023-2024"
"PAR","PAN","22_7","Regular Season","Panagiotis  Kalaitzakis",1,0,0,0,NA,0,0,NA,0,0,NA,0,0,0,0,0,0,0,0,0,0,0,"H","W",84,31,17,30,22,5,25,16,5,21,26,8,18,2,19,101,84,31,17,30,22,5,25,16,5,21,26,8,18,2,19,101,NA,0,NA,0,NA,NA,NA,NA,0,NA,NA,0,0,"2023-2024"
"PAR","PAN","22_7","Regular Season","Kostas  Sloukas",27,10,2,3,66.7,1,3,33.3,3,4,75,0,1,1,4,0,4,1,0,1,3,10,"H","W",84,31,17,30,22,5,25,16,5,21,26,8,18,2,19,101,84,31,17,30,22,5,25,16,5,21,26,8,18,2,19,101,1,11.3,88.5,0.05,35.4,1,58.3,0.67,6,64.4,35.4,4.4,0,"2023-2024"
"PAR","PAN","22_7","Regular Season","Kostas  Antetokounmpo",7,6,2,2,100,0,0,NA,2,2,100,1,0,1,0,0,0,0,0,3,3,7,"H","W",84,31,17,30,22,5,25,16,5,21,26,8,18,2,19,101,84,31,17,30,22,5,25,16,5,21,26,8,18,2,19,101,1.5,1.8,333.3,0.03,0,NA,100,1,4.9,104.2,0,4.2,10,"2023-2024"
"PAR","PAN","22_7","Regular Season","Juan  Hernangomez",8,3,0,0,NA,1,2,50,0,0,NA,0,2,2,0,0,1,0,0,0,1,4,"H","W",84,31,17,30,22,5,25,16,5,21,26,8,18,2,19,101,84,31,17,30,22,5,25,16,5,21,26,8,18,2,19,101,1.5,2.9,103.4,0.02,0,0,75,0,1.6,75,34.48,3.8,0,"2023-2024"
"MIL","VAL","22_8","Regular Season","Chris  Jones",29,15,3,4,75,2,2,100,3,3,100,0,5,5,6,0,0,0,0,1,5,29,"H","W",84,39,26,13,19,11,13,17,8,25,33,8,8,1,17,97,84,39,26,13,19,11,13,17,8,25,33,8,8,1,17,97,1.67,7,214.3,0.15,85.7,Inf,100,0.5,18.1,102.5,0,2.6,0,"2023-2024"
"MIL","VAL","22_8","Regular Season","Damien  Inglis",15,4,2,3,66.7,0,0,NA,0,0,NA,0,2,2,0,0,1,0,0,2,2,4,"H","W",84,39,26,13,19,11,13,17,8,25,33,8,8,1,17,97,84,39,26,13,19,11,13,17,8,25,33,8,8,1,17,97,1.33,3.8,105.3,0.01,0,0,66.7,0,1.5,66.7,26.32,2.7,0,"2023-2024"
"MIL","VAL","22_8","Regular Season","Kassius  Robertson",21,10,2,2,100,2,7,28.6,0,0,NA,0,3,3,0,0,0,0,0,2,0,6,"H","W",84,39,26,13,19,11,13,17,8,25,33,8,8,1,17,97,84,39,26,13,19,11,13,17,8,25,33,8,8,1,17,97,1.11,8.6,116.3,0.04,0,NA,55.6,0,5.4,55.6,0,4.4,0,"2023-2024"
"MIL","VAL","22_8","Regular Season","Brandon  Davies",24,15,4,11,36.4,1,1,100,4,4,100,2,1,3,4,3,2,1,0,3,3,17,"H","W",84,39,26,13,19,11,13,17,8,25,33,8,8,1,17,97,84,39,26,13,19,11,13,17,8,25,33,8,8,1,17,97,0.94,13.2,113.6,0.08,30.3,2,45.8,0.33,13.6,54.5,15.15,6.7,12.5,"2023-2024"
"MIL","VAL","22_8","Regular Season","Semi  Ojeleye",27,14,3,6,50,2,3,66.7,2,2,100,3,4,7,0,0,2,0,1,2,2,14,"H","W",84,39,26,13,19,11,13,17,8,25,33,8,8,1,17,97,84,39,26,13,19,11,13,17,8,25,33,8,8,1,17,97,1.27,8.5,164.7,0.07,0,0,66.7,0.22,10.2,70.9,23.53,4.5,18.8,"2023-2024"
"MIL","VAL","22_8","Regular Season","Jared  Harper",15,11,3,4,75,1,3,33.3,2,2,100,0,1,1,2,1,2,0,0,1,2,11,"H","W",84,39,26,13,19,11,13,17,8,25,33,8,8,1,17,97,84,39,26,13,19,11,13,17,8,25,33,8,8,1,17,97,1.22,9.5,115.8,0.06,21.1,1,64.3,0.29,8,69.8,21.05,6.7,0,"2023-2024"
"MIL","VAL","22_8","Regular Season","Nate  Reuvers",16,5,1,3,33.3,1,4,25,0,0,NA,1,1,2,1,0,0,0,0,1,0,2,"H","W",84,39,26,13,19,11,13,17,8,25,33,8,8,1,17,97,84,39,26,13,19,11,13,17,8,25,33,8,8,1,17,97,0.71,5.8,86.2,0.01,17.2,Inf,35.7,0,2.2,35.7,0,4.4,6.2,"2023-2024"
"MIL","VAL","22_8","Regular Season","Jaime  Pradilla",15,3,0,1,0,1,1,100,0,0,NA,1,3,4,1,4,0,0,0,1,0,10,"H","W",84,39,26,13,19,11,13,17,8,25,33,8,8,1,17,97,84,39,26,13,19,11,13,17,8,25,33,8,8,1,17,97,1.5,1,300,0.06,100,Inf,75,0,7.9,75,0,1.4,6.2,"2023-2024"
"MIL","VAL","22_8","Regular Season","Justin  Anderson",8,3,0,1,0,1,1,100,0,0,NA,0,1,1,0,0,0,0,0,0,0,3,"H","W",84,39,26,13,19,11,13,17,8,25,33,8,8,1,17,97,84,39,26,13,19,11,13,17,8,25,33,8,8,1,17,97,1.5,1.9,157.9,0.02,0,NA,75,0,2.3,75,0,2.5,0,"2023-2024"
"MIL","VAL","22_8","Regular Season","Xabi  Lopez-Arostegui",11,0,0,0,NA,0,0,NA,0,0,NA,0,1,1,1,0,1,0,0,1,0,0,"H","W",84,39,26,13,19,11,13,17,8,25,33,8,8,1,17,97,84,39,26,13,19,11,13,17,8,25,33,8,8,1,17,97,NA,1,0,0,100,1,NA,NA,-0.4,NA,100,0.9,0,"2023-2024"
"MIL","VAL","22_8","Regular Season","Boubacar  Toure",7,2,1,2,50,0,0,NA,0,0,NA,1,3,4,0,0,0,0,0,1,0,4,"H","W",84,39,26,13,19,11,13,17,8,25,33,8,8,1,17,97,84,39,26,13,19,11,13,17,8,25,33,8,8,1,17,97,1,1,200,0.02,0,NA,50,0,2.2,50,0,2.9,6.2,"2023-2024"
"MIL","VAL","22_8","Regular Season","Kevin  Pangos",11,2,0,2,0,0,4,0,2,2,100,0,0,0,2,0,0,0,1,2,2,-3,"H","W",84,39,26,13,19,11,13,17,8,25,33,8,8,1,17,97,84,39,26,13,19,11,13,17,8,25,33,8,8,1,17,97,0.25,6.6,30.3,-0.03,30.3,Inf,0,0.33,-1.6,14.5,0,6.4,0,"2023-2024"
"VAL","MIL","22_8","Regular Season","Rodney  McGruder",19,4,1,3,33.3,0,2,0,2,2,100,0,0,0,0,1,0,0,0,1,1,1,"A","L",72,36,26,13,20,7,11,15,5,23,28,6,9,2,16,77,72,36,26,13,20,7,11,15,5,23,28,6,9,2,16,77,0.57,5.6,71.4,0,0,NA,20,0.4,1.5,34,0,3.2,0,"2023-2024"
"VAL","MIL","22_8","Regular Season","Nicolo  Melli",27,8,4,6,66.7,0,3,0,0,0,NA,2,3,5,1,1,1,0,1,2,3,9,"A","L",72,36,26,13,20,7,11,15,5,23,28,6,9,2,16,77,72,36,26,13,20,7,11,15,5,23,28,6,9,2,16,77,0.89,7.7,103.9,0.05,13,1,44.4,0,5.5,44.4,12.99,3.9,20,"2023-2024"
"VAL","MIL","22_8","Regular Season","Shabazz  Napier",29,20,5,9,55.6,2,8,25,4,5,80,1,3,4,3,1,2,0,0,1,5,19,"A","L",72,36,26,13,20,7,11,15,5,23,28,6,9,2,16,77,72,36,26,13,20,7,11,15,5,23,28,6,9,2,16,77,0.91,19.4,103.1,0.12,15.5,1.5,47.1,0.29,12.8,52.1,10.31,7.6,10,"2023-2024"
"VAL","MIL","22_8","Regular Season","Devon  Hall",33,17,4,6,66.7,2,4,50,3,3,100,0,7,7,5,2,1,0,0,1,5,30,"A","L",72,36,26,13,20,7,11,15,5,23,28,6,9,2,16,77,72,36,26,13,20,7,11,15,5,23,28,6,9,2,16,77,1.31,11.8,144.1,0.22,42.4,5,70,0.3,18.6,75.1,8.47,3.9,0,"2023-2024"
"VAL","MIL","22_8","Regular Season","Kyle  Hines",17,0,0,0,NA,0,0,NA,0,0,NA,1,1,2,2,1,1,0,0,4,0,0,"A","L",72,36,26,13,20,7,11,15,5,23,28,6,9,2,16,77,72,36,26,13,20,7,11,15,5,23,28,6,9,2,16,77,NA,0,NA,0,Inf,2,NA,NA,0.8,NA,Inf,0.6,10,"2023-2024"
"VAL","MIL","22_8","Regular Season","Alex  Poythress",12,6,2,4,50,0,0,NA,2,3,66.7,1,2,3,0,0,0,1,0,0,2,9,"A","L",72,36,26,13,20,7,11,15,5,23,28,6,9,2,16,77,72,36,26,13,20,7,11,15,5,23,28,6,9,2,16,77,0.86,4.1,146.3,0.05,0,NA,50,0.75,5.6,56.4,0,4.6,10,"2023-2024"
"VAL","MIL","22_8","Regular Season","Stefano  Tonut",16,7,2,3,66.7,1,2,50,0,0,NA,0,1,1,0,0,0,0,0,1,0,5,"A","L",72,36,26,13,20,7,11,15,5,23,28,6,9,2,16,77,72,36,26,13,20,7,11,15,5,23,28,6,9,2,16,77,1.4,4.8,145.8,0.04,0,NA,70,0,4.6,70,0,3.3,0,"2023-2024"
"VAL","MIL","22_8","Regular Season","Giampaolo  Ricci",2,0,0,0,NA,0,0,NA,0,0,NA,0,0,0,0,0,0,0,0,0,0,0,"A","L",72,36,26,13,20,7,11,15,5,23,28,6,9,2,16,77,72,36,26,13,20,7,11,15,5,23,28,6,9,2,16,77,NA,0,NA,0,NA,NA,NA,NA,0,NA,NA,0,0,"2023-2024"
"VAL","MIL","22_8","Regular Season","Diego  Flaccadori",9,0,0,1,0,0,0,NA,0,0,NA,0,0,0,2,0,2,0,0,2,0,-3,"A","L",72,36,26,13,20,7,11,15,5,23,28,6,9,2,16,77,72,36,26,13,20,7,11,15,5,23,28,6,9,2,16,77,0,2.9,0,-0.03,69,1,0,0,-2.1,0,68.97,3.5,0,"2023-2024"
"VAL","MIL","22_8","Regular Season","Shavon  Shields",13,8,1,1,100,2,5,40,0,0,NA,0,3,3,1,0,2,0,0,3,0,4,"A","L",72,36,26,13,20,7,11,15,5,23,28,6,9,2,16,77,72,36,26,13,20,7,11,15,5,23,28,6,9,2,16,77,1.33,7.7,103.9,0.03,13,0.5,66.7,0,3.4,66.7,25.97,6.4,0,"2023-2024"
"VAL","MIL","22_8","Regular Season","Johannes  Voigtmann",22,2,1,3,33.3,0,2,0,0,0,NA,0,3,3,1,0,0,1,0,1,1,3,"A","L",72,36,26,13,20,7,11,15,5,23,28,6,9,2,16,77,72,36,26,13,20,7,11,15,5,23,28,6,9,2,16,77,0.4,4.8,41.7,0.01,20.8,Inf,20,0,0.8,20,0,2.4,0,"2023-2024"
"FEN","ZAL","22_9","Regular Season","Keenan  Evans",28,21,3,5,60,3,5,60,6,7,85.7,1,0,1,7,0,1,0,1,1,5,26,"H","W",98,39,19,20,25,10,18,25,3,25,28,7,10,1,22,117,98,39,19,20,25,10,18,25,3,25,28,7,10,1,22,117,1.24,12.6,166.7,0.11,55.6,7,75,0.7,20.2,80.3,7.94,5.2,16.7,"2023-2024"
"FEN","ZAL","22_9","Regular Season","Laurynas  Birutis",22,16,8,9,88.9,0,0,NA,0,0,NA,1,9,10,2,0,1,1,0,0,1,28,"H","W",98,39,19,20,25,10,18,25,3,25,28,7,10,1,22,117,98,39,19,20,25,10,18,25,3,25,28,7,10,1,22,117,1.78,8.6,186,0.13,23.3,2,88.9,0,17.4,88.9,11.63,4.7,16.7,"2023-2024"
"FEN","ZAL","22_9","Regular Season","Edmond  Sumner",18,4,0,1,0,0,1,0,4,4,100,0,1,1,4,2,2,0,0,1,3,9,"H","W",98,39,19,20,25,10,18,25,3,25,28,7,10,1,22,117,98,39,19,20,25,10,18,25,3,25,28,7,10,1,22,117,0.67,5.5,72.7,0.03,72.7,2,0,2,5.3,53.2,36.36,3.3,0,"2023-2024"
"FEN","ZAL","22_9","Regular Season","Brady   Manek",32,14,2,3,66.7,3,5,60,1,1,100,0,4,4,0,3,3,0,0,2,1,14,"H","W",98,39,19,20,25,10,18,25,3,25,28,7,10,1,22,117,98,39,19,20,25,10,18,25,3,25,28,7,10,1,22,117,1.56,11,127.3,0.06,0,0,81.2,0.12,10.8,82.9,27.27,3.7,0,"2023-2024"
"FEN","ZAL","22_9","Regular Season","Edgaras  Ulanovas",23,6,1,4,25,1,2,50,1,1,100,0,3,3,5,1,1,0,0,4,2,8,"H","W",98,39,19,20,25,10,18,25,3,25,28,7,10,1,22,117,98,39,19,20,25,10,18,25,3,25,28,7,10,1,22,117,0.86,7.1,84.5,0.03,70.4,5,41.7,0.17,5.4,46.6,14.08,3.4,0,"2023-2024"
"FEN","ZAL","22_9","Regular Season","Lukas  Lekavicius",13,8,4,7,57.1,0,2,0,0,0,NA,0,2,2,2,0,0,0,0,1,0,6,"H","W",98,39,19,20,25,10,18,25,3,25,28,7,10,1,22,117,98,39,19,20,25,10,18,25,3,25,28,7,10,1,22,117,0.89,8.6,93,0.03,23.3,Inf,44.4,0,4.9,44.4,0,7.2,0,"2023-2024"
"FEN","ZAL","22_9","Regular Season","Kevarrius  Hayes",13,6,3,3,100,0,0,NA,0,0,NA,0,0,0,1,0,0,0,0,2,0,5,"H","W",98,39,19,20,25,10,18,25,3,25,28,7,10,1,22,117,98,39,19,20,25,10,18,25,3,25,28,7,10,1,22,117,2,2.9,206.9,0.03,34.5,Inf,100,0,5,100,0,2.4,0,"2023-2024"
"FEN","ZAL","22_9","Regular Season","Dovydas  Giedraitis",1,0,0,0,NA,0,0,NA,0,0,NA,0,0,0,0,0,0,0,0,2,0,-2,"H","W",98,39,19,20,25,10,18,25,3,25,28,7,10,1,22,117,98,39,19,20,25,10,18,25,3,25,28,7,10,1,22,117,NA,0,NA,-0.01,NA,NA,NA,NA,-0.8,NA,NA,0,0,"2023-2024"
"FEN","ZAL","22_9","Regular Season","Rolands  Smits",19,12,1,3,33.3,2,3,66.7,4,4,100,0,2,2,0,0,1,0,0,2,2,10,"H","W",98,39,19,20,25,10,18,25,3,25,28,7,10,1,22,117,98,39,19,20,25,10,18,25,3,25,28,7,10,1,22,117,1.2,8.4,142.9,0.04,0,0,66.7,0.67,7.8,77.3,11.9,4.8,0,"2023-2024"
"FEN","ZAL","22_9","Regular Season","Tomas  Dimsa",14,2,1,2,50,0,0,NA,0,0,NA,0,2,2,3,0,0,0,0,3,0,3,"H","W",98,39,19,20,25,10,18,25,3,25,28,7,10,1,22,117,98,39,19,20,25,10,18,25,3,25,28,7,10,1,22,117,1,1.9,105.3,0.01,157.9,Inf,50,0,2.5,50,0,1.5,0,"2023-2024"
"FEN","ZAL","22_9","Regular Season","Danielius  Lavrinovicius",2,0,0,0,NA,0,0,NA,0,0,NA,0,0,0,0,0,0,0,0,0,0,0,"H","W",98,39,19,20,25,10,18,25,3,25,28,7,10,1,22,117,98,39,19,20,25,10,18,25,3,25,28,7,10,1,22,117,NA,0,NA,0,NA,NA,NA,NA,0,NA,NA,0,0,"2023-2024"
"FEN","ZAL","22_9","Regular Season","Arnas  Butkevicius",14,9,2,2,100,1,1,100,2,3,66.7,1,2,3,1,1,1,0,0,4,2,10,"H","W",98,39,19,20,25,10,18,25,3,25,28,7,10,1,22,117,98,39,19,20,25,10,18,25,3,25,28,7,10,1,22,117,1.5,4.1,219.5,0.04,24.4,1,116.7,1,8.1,104.2,24.39,4,16.7,"2023-2024"
"ZAL","FEN","22_9","Regular Season","Scottie  Wilbekin",26,22,1,5,20,6,11,54.5,2,2,100,2,0,2,6,1,1,0,0,1,3,23,"A","L",75,34,30,25,13,9,22,13,15,16,31,4,11,1,17,72,75,34,30,25,13,9,22,13,15,16,31,4,11,1,17,72,1.22,15.2,144.7,0.22,39.5,6,62.5,0.12,18.8,65.2,6.58,6.4,6.7,"2023-2024"
"ZAL","FEN","22_9","Regular Season","Sertac  Sanli",22,6,2,5,40,0,2,0,2,3,66.7,1,5,6,0,0,2,1,0,4,3,4,"A","L",75,34,30,25,13,9,22,13,15,16,31,4,11,1,17,72,75,34,30,25,13,9,22,13,15,16,31,4,11,1,17,72,0.6,8.9,67.4,0,0,0,28.6,0.43,0.8,36.1,22.47,4.4,3.3,"2023-2024"
"ZAL","FEN","22_9","Regular Season","Georgios  Papagiannis",20,2,1,1,100,0,1,0,0,0,NA,2,3,5,1,0,2,0,0,1,1,5,"A","L",75,34,30,25,13,9,22,13,15,16,31,4,11,1,17,72,75,34,30,25,13,9,22,13,15,16,31,4,11,1,17,72,1,1.9,105.3,0.03,52.6,0.5,50,0,1.6,50,105.26,1.9,6.7,"2023-2024"
"ZAL","FEN","22_9","Regular Season","Dyshawn  Pierre",24,6,1,4,25,0,2,0,4,4,100,5,1,6,0,2,0,0,0,1,2,10,"A","L",75,34,30,25,13,9,22,13,15,16,31,4,11,1,17,72,75,34,30,25,13,9,22,13,15,16,31,4,11,1,17,72,0.6,2.6,230.8,0.06,0,NA,16.7,0.67,7.6,38.7,0,3,16.7,"2023-2024"
"ZAL","FEN","22_9","Regular Season","Nick  Calathes",20,4,2,7,28.6,0,1,0,0,0,NA,2,3,5,2,0,1,0,0,2,0,2,"A","L",75,34,30,25,13,9,22,13,15,16,31,4,11,1,17,72,75,34,30,25,13,9,22,13,15,16,31,4,11,1,17,72,0.5,6.7,59.7,0.01,29.9,2,25,0,1.1,25,14.93,4.2,6.7,"2023-2024"
"ZAL","FEN","22_9","Regular Season","Johnathan  Motley",13,15,3,5,60,0,0,NA,9,11,81.8,2,1,3,1,0,2,0,0,4,9,18,"A","L",75,34,30,25,13,9,22,13,15,16,31,4,11,1,17,72,75,34,30,25,13,9,22,13,15,16,31,4,11,1,17,72,0.94,9.4,159.6,0.09,10.6,0.5,60,2.2,10.7,76.2,21.28,8.5,6.7,"2023-2024"
"ZAL","FEN","22_9","Regular Season","Sehmus  Hazer",2,0,0,1,0,0,0,NA,0,0,NA,0,1,1,0,0,0,0,1,0,0,-1,"A","L",75,34,30,25,13,9,22,13,15,16,31,4,11,1,17,72,75,34,30,25,13,9,22,13,15,16,31,4,11,1,17,72,0,1,0,0,0,NA,0,0,-0.4,0,0,4.7,0,"2023-2024"
"ZAL","FEN","22_9","Regular Season","Melih  Mahmutoglu",8,6,0,0,NA,2,5,40,0,0,NA,0,0,0,0,1,0,0,0,0,0,4,"A","L",75,34,30,25,13,9,22,13,15,16,31,4,11,1,17,72,75,34,30,25,13,9,22,13,15,16,31,4,11,1,17,72,1.2,4.8,125,0.05,0,NA,60,0,4.3,60,0,5.8,0,"2023-2024"
"ZAL","FEN","22_9","Regular Season","Yigit  Mestoglu",2,0,0,0,NA,0,0,NA,0,0,NA,0,0,0,0,0,0,0,0,0,0,0,"A","L",75,34,30,25,13,9,22,13,15,16,31,4,11,1,17,72,75,34,30,25,13,9,22,13,15,16,31,4,11,1,17,72,NA,0,NA,0,NA,NA,NA,NA,0,NA,NA,0,0,"2023-2024"
"ZAL","FEN","22_9","Regular Season","Marko  Guduric",23,7,1,1,100,0,2,0,5,5,100,0,1,1,1,0,2,0,0,2,4,7,"A","L",75,34,30,25,13,9,22,13,15,16,31,4,11,1,17,72,75,34,30,25,13,9,22,13,15,16,31,4,11,1,17,72,0.88,6.9,101.4,0.03,14.5,0.5,33.3,1.67,3.5,67.3,28.99,2.9,0,"2023-2024"
"ZAL","FEN","22_9","Regular Season","Tyler  Dorsey",24,7,2,5,40,1,5,20,0,0,NA,0,1,1,1,0,1,0,0,0,0,1,"A","L",75,34,30,25,13,9,22,13,15,16,31,4,11,1,17,72,75,34,30,25,13,9,22,13,15,16,31,4,11,1,17,72,0.7,10.6,66,0.01,9.4,1,35,0,1.2,35,9.43,4.3,0,"2023-2024"
"ZAL","FEN","22_9","Regular Season","Yam  Madar",13,0,0,0,NA,0,1,0,0,0,NA,1,0,1,1,0,0,0,0,2,0,-1,"A","L",75,34,30,25,13,9,22,13,15,16,31,4,11,1,17,72,75,34,30,25,13,9,22,13,15,16,31,4,11,1,17,72,0,0,NA,-0.02,Inf,Inf,0,0,-0.1,0,NA,0.7,3.3,"2023-2024"
"BER","CRV","23_1","Regular Season","Luka  Mitrovic",15,0,0,2,0,0,0,NA,0,2,0,0,0,0,2,0,2,0,0,4,4,-4,"A","L",80,43,26,22,21,7,17,9,11,18,29,7,9,3,24,69,80,43,26,22,21,7,17,9,11,18,29,7,9,3,24,69,0,4.7,0,-0.1,42.6,1,0,1,-4.4,0,42.55,3,0,"2023-2024"
"BER","CRV","23_1","Regular Season","Branko  Lazic",13,0,0,0,NA,0,0,NA,0,0,NA,1,0,1,0,1,0,0,0,3,0,-1,"A","L",80,43,26,22,21,7,17,9,11,18,29,7,9,3,24,69,80,43,26,22,21,7,17,9,11,18,29,7,9,3,24,69,NA,-1,0,-0.02,0,NA,NA,NA,0.5,NA,0,0,4.5,"2023-2024"
"BER","CRV","23_1","Regular Season","Joel  Bolomboy",34,9,4,6,66.7,0,1,0,1,1,100,4,7,11,0,2,2,0,1,2,3,17,"A","L",80,43,26,22,21,7,17,9,11,18,29,7,9,3,24,69,80,43,26,22,21,7,17,9,11,18,29,7,9,3,24,69,1.12,5.2,173.1,0.15,0,0,57.1,0.14,9.8,60.5,38.46,2.5,18.2,"2023-2024"
"BER","CRV","23_1","Regular Season","Rokas  Giedraitis",30,15,3,8,37.5,2,6,33.3,3,3,100,4,2,6,1,1,1,0,1,2,3,13,"A","L",80,43,26,22,21,7,17,9,11,18,29,7,9,3,24,69,80,43,26,22,21,7,17,9,11,18,29,7,9,3,24,69,0.88,11.8,127.1,0.11,8.5,1,42.9,0.21,10.5,49,8.47,5,18.2,"2023-2024"
"BER","CRV","23_1","Regular Season","Yago Mateus dos Santos",24,20,4,8,50,2,5,40,6,6,100,0,2,2,2,0,1,0,0,1,4,19,"A","L",80,43,26,22,21,7,17,9,11,18,29,7,9,3,24,69,80,43,26,22,21,7,17,9,11,18,29,7,9,3,24,69,1.05,16,125,0.18,12.5,2,53.8,0.46,13.9,63.9,6.25,6.3,0,"2023-2024"
"BER","CRV","23_1","Regular Season","Javonte  Smart",24,14,3,6,50,1,6,16.7,5,5,100,2,1,3,2,0,1,1,0,2,2,11,"A","L",80,43,26,22,21,7,17,9,11,18,29,7,9,3,24,69,80,43,26,22,21,7,17,9,11,18,29,7,9,3,24,69,0.82,12.7,110.2,0.09,15.7,2,37.5,0.42,9.2,49.3,7.87,5.8,9.1,"2023-2024"
"BER","CRV","23_1","Regular Season","Adam  Hanga",23,10,4,5,80,0,3,0,2,3,66.7,0,3,3,0,2,1,1,0,3,3,10,"A","L",80,43,26,22,21,7,17,9,11,18,29,7,9,3,24,69,80,43,26,22,21,7,17,9,11,18,29,7,9,3,24,69,0.91,9.9,101,0.08,0,0,50,0.38,7,53.6,10.1,4.1,0,"2023-2024"
"BER","CRV","23_1","Regular Season","Dejan  Davidovac",16,0,0,2,0,0,2,0,0,0,NA,0,3,3,0,0,0,1,0,1,0,-1,"A","L",80,43,26,22,21,7,17,9,11,18,29,7,9,3,24,69,80,43,26,22,21,7,17,9,11,18,29,7,9,3,24,69,0,3.8,0,-0.02,0,NA,0,0,-1.6,0,0,2.3,0,"2023-2024"
"BER","CRV","23_1","Regular Season","Mike  Tobey",3,3,0,1,0,1,1,100,0,0,NA,0,0,0,0,0,0,0,0,2,0,0,"A","L",80,43,26,22,21,7,17,9,11,18,29,7,9,3,24,69,80,43,26,22,21,7,17,9,11,18,29,7,9,3,24,69,1.5,1.9,157.9,0,0,NA,75,0,1.2,75,0,6.1,0,"2023-2024"
"BER","CRV","23_1","Regular Season","Nemanja  Nedovic",13,7,2,3,66.7,1,2,50,0,2,0,0,0,0,2,1,1,0,0,2,3,6,"A","L",80,43,26,22,21,7,17,9,11,18,29,7,9,3,24,69,80,43,26,22,21,7,17,9,11,18,29,7,9,3,24,69,1,6.6,106.1,0.04,30.3,2,70,0.4,4.5,59.5,15.15,4.8,0,"2023-2024"
"BER","CRV","23_1","Regular Season","Freddie  Gillespie",4,2,1,2,50,0,0,NA,0,0,NA,0,0,0,0,0,0,0,0,2,0,-1,"A","L",80,43,26,22,21,7,17,9,11,18,29,7,9,3,24,69,80,43,26,22,21,7,17,9,11,18,29,7,9,3,24,69,1,1.9,105.3,-0.01,0,NA,50,0,0.2,50,0,4.6,0,"2023-2024"
"CRV","BER","23_1","Regular Season","Martin  Hermannsson",26,7,0,1,0,1,3,33.3,4,4,100,0,3,3,5,0,2,0,1,2,5,12,"H","W",89,36,27,23,19,10,21,19,10,28,38,3,8,2,23,105,89,36,27,23,19,10,21,19,10,28,38,3,8,2,23,105,0.88,7.4,94.6,0.05,67.6,2.5,37.5,1,6.2,60.8,27.03,2.9,0,"2023-2024"
"CRV","BER","23_1","Regular Season","Sterling  Brown",23,12,2,7,28.6,2,5,40,2,2,100,1,2,3,1,0,1,0,0,3,2,6,"H","W",89,36,27,23,19,10,21,19,10,28,38,3,8,2,23,105,89,36,27,23,19,10,21,19,10,28,38,3,8,2,23,105,0.86,12.4,96.8,0.02,8.1,1,41.7,0.17,5,46.6,8.06,6,5,"2023-2024"
"CRV","BER","23_1","Regular Season","Matt  Thomas",27,19,1,3,33.3,5,9,55.6,2,2,100,2,3,5,0,2,0,0,1,1,1,19,"H","W",89,36,27,23,19,10,21,19,10,28,38,3,8,2,23,105,89,36,27,23,19,10,21,19,10,28,38,3,8,2,23,105,1.36,10.4,182.7,0.12,0,NA,70.8,0.17,16.9,73.8,0,4.7,10,"2023-2024"
"CRV","BER","23_1","Regular Season","Christ  Koumadje",14,6,1,1,100,0,0,NA,4,4,100,1,4,5,0,0,0,0,0,3,3,11,"H","W",89,36,27,23,19,10,21,19,10,28,38,3,8,2,23,105,89,36,27,23,19,10,21,19,10,28,38,3,8,2,23,105,1.2,1.7,352.9,0.05,0,NA,100,4,6.4,108.7,0,1.9,5,"2023-2024"
"CRV","BER","23_1","Regular Season","Johannes  Thiemann",16,2,0,5,0,0,0,NA,2,2,100,0,0,0,2,0,1,0,0,1,2,-1,"H","W",89,36,27,23,19,10,21,19,10,28,38,3,8,2,23,105,89,36,27,23,19,10,21,19,10,28,38,3,8,2,23,105,0.29,6.6,30.3,-0.02,30.3,2,0,0.4,-1.5,17,15.15,4.2,0,"2023-2024"
"CRV","BER","23_1","Regular Season","Gabriele  Procida",17,17,4,6,66.7,2,5,40,3,4,75,0,1,1,2,1,0,1,0,1,3,18,"H","W",89,36,27,23,19,10,21,19,10,28,38,3,8,2,23,105,89,36,27,23,19,10,21,19,10,28,38,3,8,2,23,105,1.13,12.2,139.3,0.09,16.4,Inf,63.6,0.36,14.3,66.6,0,7.4,0,"2023-2024"
"CRV","BER","23_1","Regular Season","Matteo  Spagnolo",13,5,2,3,66.7,0,3,0,1,1,100,0,0,0,3,0,2,0,1,3,2,0,"H","W",89,36,27,23,19,10,21,19,10,28,38,3,8,2,23,105,89,36,27,23,19,10,21,19,10,28,38,3,8,2,23,105,0.71,8.1,61.7,-0.01,37,1.5,33.3,0.17,0.5,38.8,24.69,6.4,0,"2023-2024"
"CRV","BER","23_1","Regular Season","Yannick  Wetzell",25,11,4,4,100,0,0,NA,3,4,75,2,7,9,4,0,1,0,0,4,3,21,"H","W",89,36,27,23,19,10,21,19,10,28,38,3,8,2,23,105,89,36,27,23,19,10,21,19,10,28,38,3,8,2,23,105,1.38,4.6,239.1,0.11,87,4,100,1,13.1,95.5,21.74,2.7,10,"2023-2024"
"CRV","BER","23_1","Regular Season","Malte  Delow",14,4,2,2,100,0,0,NA,0,0,NA,3,2,5,1,0,0,0,0,4,2,8,"H","W",89,36,27,23,19,10,21,19,10,28,38,3,8,2,23,105,89,36,27,23,19,10,21,19,10,28,38,3,8,2,23,105,2,-1,-400,0.03,-100,Inf,100,0,5.2,100,0,1.4,15,"2023-2024"
"CRV","BER","23_1","Regular Season","Tim  Schneider",6,0,0,0,NA,0,0,NA,0,0,NA,0,0,0,0,0,0,0,0,0,1,1,"H","W",89,36,27,23,19,10,21,19,10,28,38,3,8,2,23,105,89,36,27,23,19,10,21,19,10,28,38,3,8,2,23,105,NA,0,NA,0,NA,NA,NA,NA,0,NA,NA,0,0,"2023-2024"
"CRV","BER","23_1","Regular Season","Justin  Bean",18,6,3,4,75,0,2,0,0,0,NA,1,6,7,1,0,1,1,0,1,0,10,"H","W",89,36,27,23,19,10,21,19,10,28,38,3,8,2,23,105,89,36,27,23,19,10,21,19,10,28,38,3,8,2,23,105,1,5.8,103.4,0.06,17.2,1,50,0,5.5,50,17.24,3.8,5,"2023-2024"
"BAY","VIL","23_2","Regular Season","Mike  Scott",25,12,6,7,85.7,0,2,0,0,0,NA,0,3,3,2,1,1,0,0,2,0,12,"A","W",76,43,14,19,23,4,18,13,9,29,38,7,13,2,20,91,76,43,14,19,23,4,18,13,9,29,38,7,13,2,20,91,1.33,9.6,125,0.09,20.8,2,66.7,0,9.6,66.7,10.42,4.1,0,"2023-2024"
"BAY","VIL","23_2","Regular Season","Paris  Lee",34,21,4,10,40,2,7,28.6,7,7,100,0,1,1,4,1,3,0,0,2,8,19,"A","W",76,43,14,19,23,4,18,13,9,29,38,7,13,2,20,91,76,43,14,19,23,4,18,13,9,29,38,7,13,2,20,91,0.88,22.2,94.6,0.08,18,1.3,41.2,0.41,11.8,52.3,13.51,6.9,0,"2023-2024"
"BAY","VIL","23_2","Regular Season","Edwin  Jackson",34,13,3,5,60,2,2,100,1,2,50,0,1,1,1,1,2,0,0,4,3,10,"A","W",76,43,14,19,23,4,18,13,9,29,38,7,13,2,20,91,76,43,14,19,23,4,18,13,9,29,38,7,13,2,20,91,1.44,9.5,136.8,0.05,10.5,0.5,85.7,0.29,8.1,82.5,21.05,3,0,"2023-2024"
"BAY","VIL","23_2","Regular Season","Youssoupha  Fall",25,16,5,7,71.4,0,0,NA,6,6,100,4,9,13,0,0,1,0,0,2,4,28,"A","W",76,43,14,19,23,4,18,13,9,29,38,7,13,2,20,91,76,43,14,19,23,4,18,13,9,29,38,7,13,2,20,91,1.23,6.4,250,0.17,0,0,71.4,0.86,16.8,83,15.62,4.3,22.2,"2023-2024"
"BAY","VIL","23_2","Regular Season","David  Lighty",13,0,0,1,0,0,0,NA,0,0,NA,0,0,0,0,1,1,0,0,2,0,-3,"A","W",76,43,14,19,23,4,18,13,9,29,38,7,13,2,20,91,76,43,14,19,23,4,18,13,9,29,38,7,13,2,20,91,0,1.9,0,-0.02,0,0,0,0,-1.5,0,52.63,1.6,0,"2023-2024"
"BAY","VIL","23_2","Regular Season","Deshaun  Thomas",15,4,2,4,50,0,2,0,0,0,NA,2,3,5,2,1,2,0,0,1,0,5,"A","W",76,43,14,19,23,4,18,13,9,29,38,7,13,2,20,91,76,43,14,19,23,4,18,13,9,29,38,7,13,2,20,91,0.67,5.8,69,0.03,34.5,1,33.3,0,2.9,33.3,34.48,5.4,11.1,"2023-2024"
"BAY","VIL","23_2","Regular Season","Charles Lombahe Kahudi",4,0,0,0,NA,0,0,NA,0,0,NA,0,0,0,0,0,0,0,0,0,1,1,"A","W",76,43,14,19,23,4,18,13,9,29,38,7,13,2,20,91,76,43,14,19,23,4,18,13,9,29,38,7,13,2,20,91,NA,0,NA,0,NA,NA,NA,NA,0,NA,NA,0,0,"2023-2024"
"BAY","VIL","23_2","Regular Season","Joffrey  Lauvergne",15,2,1,4,25,0,1,0,0,0,NA,0,4,4,0,0,1,0,1,4,1,-3,"A","W",76,43,14,19,23,4,18,13,9,29,38,7,13,2,20,91,76,43,14,19,23,4,18,13,9,29,38,7,13,2,20,91,0.4,5.8,34.5,-0.02,0,0,20,0,-2.5,20,17.24,4.1,0,"2023-2024"
"BAY","VIL","23_2","Regular Season","Mbaye  Ndiaye",27,6,2,5,40,0,0,NA,2,2,100,3,8,11,3,2,0,2,0,1,2,22,"A","W",76,43,14,19,23,4,18,13,9,29,38,7,13,2,20,91,76,43,14,19,23,4,18,13,9,29,38,7,13,2,20,91,0.86,2.8,214.3,0.13,107.1,Inf,40,0.4,12.9,51,0,2.2,16.7,"2023-2024"
"BAY","VIL","23_2","Regular Season","Noam  Yaacov",7,2,0,0,NA,0,0,NA,2,2,100,0,0,0,1,0,2,0,0,2,1,0,"A","W",76,43,14,19,23,4,18,13,9,29,38,7,13,2,20,91,76,43,14,19,23,4,18,13,9,29,38,7,13,2,20,91,1,2.8,71.4,-0.01,35.7,0.5,NA,Inf,-0.1,113.6,71.43,4.2,0,"2023-2024"
"VIL","BAY","23_2","Regular Season","Carsen  Edwards",30,21,2,3,66.7,5,7,71.4,2,2,100,0,2,2,2,1,3,0,0,2,3,21,"H","L",64,35,24,13,15,9,7,9,5,18,23,7,14,1,20,47,64,35,24,13,15,9,7,9,5,18,23,7,14,1,20,47,1.75,13.3,157.9,0.35,15,0.7,95,0.2,16,96.5,22.56,4.7,0,"2023-2024"
"VIL","BAY","23_2","Regular Season","Leandro  Bolmaro",12,7,3,5,60,0,1,0,1,2,50,0,0,0,1,0,2,0,0,2,1,1,"H","L",64,35,24,13,15,9,7,9,5,18,23,7,14,1,20,47,64,35,24,13,15,9,7,9,5,18,23,7,14,1,20,47,0.88,8.5,82.4,0,11.8,0.5,50,0.33,1.5,50.9,23.53,7.5,0,"2023-2024"
"VIL","BAY","23_2","Regular Season","Vladimir  Lucic",31,6,2,4,50,0,1,0,2,2,100,1,2,3,2,0,3,1,0,1,2,7,"H","L",64,35,24,13,15,9,7,9,5,18,23,7,14,1,20,47,64,35,24,13,15,9,7,9,5,18,23,7,14,1,20,47,0.86,7.6,78.9,0.08,26.3,0.7,40,0.4,3.3,51,39.47,2.9,10,"2023-2024"
"VIL","BAY","23_2","Regular Season","Danko   Brankovic",17,0,0,2,0,0,1,0,0,0,NA,0,2,2,0,1,0,0,1,2,1,-2,"H","L",64,35,24,13,15,9,7,9,5,18,23,7,14,1,20,47,64,35,24,13,15,9,7,9,5,18,23,7,14,1,20,47,0,2.9,0,-0.04,0,NA,0,0,-1.3,0,0,1.8,0,"2023-2024"
"VIL","BAY","23_2","Regular Season","Devin   Booker",10,6,3,4,75,0,0,NA,0,0,NA,0,3,3,0,1,0,0,0,0,1,10,"H","L",64,35,24,13,15,9,7,9,5,18,23,7,14,1,20,47,64,35,24,13,15,9,7,9,5,18,23,7,14,1,20,47,1.5,3.8,157.9,0.17,0,NA,75,0,6.3,75,0,4.1,0,"2023-2024"
"VIL","BAY","23_2","Regular Season","Nick  Weiler-Babb",13,0,0,0,NA,0,3,0,0,0,NA,1,0,1,0,0,2,0,0,4,1,-7,"H","L",64,35,24,13,15,9,7,9,5,18,23,7,14,1,20,47,64,35,24,13,15,9,7,9,5,18,23,7,14,1,20,47,0,3.8,0,-0.16,0,0,0,0,-5,0,52.63,3.9,10,"2023-2024"
"VIL","BAY","23_2","Regular Season","Sylvain  Francisco",22,11,2,8,25,2,4,50,1,4,25,0,2,2,2,2,0,0,0,3,6,9,"H","L",64,35,24,13,15,9,7,9,5,18,23,7,14,1,20,47,64,35,24,13,15,9,7,9,5,18,23,7,14,1,20,47,0.69,13.2,83.3,0.06,15.2,Inf,41.7,0.33,5.8,40,0,6.4,0,"2023-2024"
"VIL","BAY","23_2","Regular Season","Niels  Giffey",8,0,0,1,0,0,0,NA,0,0,NA,0,1,1,1,0,0,0,0,1,0,0,"H","L",64,35,24,13,15,9,7,9,5,18,23,7,14,1,20,47,64,35,24,13,15,9,7,9,5,18,23,7,14,1,20,47,0,1,0,0,100,Inf,0,0,-0.1,0,0,1.3,0,"2023-2024"
"VIL","BAY","23_2","Regular Season","Isaac  Bonga",16,0,0,1,0,0,1,0,0,0,NA,0,1,1,0,1,2,0,0,0,1,-1,"H","L",64,35,24,13,15,9,7,9,5,18,23,7,14,1,20,47,64,35,24,13,15,9,7,9,5,18,23,7,14,1,20,47,0,3.8,0,-0.04,0,0,0,0,-2.1,0,52.63,2.5,0,"2023-2024"
"VIL","BAY","23_2","Regular Season","Andreas  Obst",19,6,0,0,NA,2,6,33.3,0,0,NA,0,2,2,1,0,0,0,0,1,1,5,"H","L",64,35,24,13,15,9,7,9,5,18,23,7,14,1,20,47,64,35,24,13,15,9,7,9,5,18,23,7,14,1,20,47,1,5.8,103.4,0.08,17.2,Inf,50,0,3.5,50,0,3.2,0,"2023-2024"
"VIL","BAY","23_2","Regular Season","Elias  Harris",21,7,3,7,42.9,0,0,NA,1,3,33.3,3,3,6,0,1,2,0,1,4,3,4,"H","L",64,35,24,13,15,9,7,9,5,18,23,7,14,1,20,47,64,35,24,13,15,9,7,9,5,18,23,7,14,1,20,47,0.7,7,100,0.01,0,0,42.9,0.43,2.9,42.1,28.57,5,30,"2023-2024"
"MAC","PAN","23_3","Regular Season","Jerian  Grant",35,13,3,5,60,2,5,40,1,2,50,5,0,5,5,0,1,0,0,4,3,15,"A","L",75,36,29,16,18,9,12,15,16,19,35,4,15,3,21,73,75,36,29,16,18,9,12,15,16,19,35,4,15,3,21,73,1.08,6.6,197,0.11,75.8,5,60,0.2,12,59.7,15.15,3.1,15.6,"2023-2024"
"MAC","PAN","23_3","Regular Season","Kendrick  Nunn",21,13,3,10,30,1,4,25,4,4,100,0,3,3,3,1,2,0,1,1,3,9,"A","L",75,36,29,16,18,9,12,15,16,19,35,4,15,3,21,73,75,36,29,16,18,9,12,15,16,19,35,4,15,3,21,73,0.72,17,76.5,0.08,17.6,1.5,32.1,0.29,6.4,41.2,11.76,7.8,0,"2023-2024"
"MAC","PAN","23_3","Regular Season","Mathias  Lessort",24,4,1,3,33.3,0,0,NA,2,4,50,2,4,6,1,0,1,0,1,1,2,6,"A","L",75,36,29,16,18,9,12,15,16,19,35,4,15,3,21,73,75,36,29,16,18,9,12,15,16,19,35,4,15,3,21,73,0.57,3.6,111.1,0.04,27.8,1,33.3,1.33,3.4,42,27.78,2.2,6.2,"2023-2024"
"MAC","PAN","23_3","Regular Season","Marius  Grigonis",26,5,1,3,33.3,1,6,16.7,0,0,NA,1,2,3,2,1,2,0,1,3,1,-1,"A","L",75,36,29,16,18,9,12,15,16,19,35,4,15,3,21,73,75,36,29,16,18,9,12,15,16,19,35,4,15,3,21,73,0.56,9.6,52.1,-0.02,20.8,1,27.8,0,0,27.8,20.83,3.9,3.1,"2023-2024"
"MAC","PAN","23_3","Regular Season","Konstantinos  Mitoglou",27,13,2,3,66.7,2,5,40,3,4,75,4,4,8,1,1,5,0,0,3,5,15,"A","L",75,36,29,16,18,9,12,15,16,19,35,4,15,3,21,73,75,36,29,16,18,9,12,15,16,19,35,4,15,3,21,73,1.08,10.3,126.2,0.09,9.7,0.2,62.5,0.5,8.1,66.6,48.54,5,12.5,"2023-2024"
"MAC","PAN","23_3","Regular Season","Panagiotis  Kalaitzakis",21,17,3,5,60,3,6,50,2,2,100,2,1,3,0,0,2,0,0,3,4,14,"A","L",75,36,29,16,18,9,12,15,16,19,35,4,15,3,21,73,75,36,29,16,18,9,12,15,16,19,35,4,15,3,21,73,1.31,11.4,149.1,0.1,0,0,68.2,0.18,10.2,71.5,17.54,6.1,6.2,"2023-2024"
"MAC","PAN","23_3","Regular Season","Ioannis  Papapetrou",13,2,1,2,50,0,1,0,0,0,NA,1,3,4,2,0,1,0,0,0,1,6,"A","L",75,36,29,16,18,9,12,15,16,19,35,4,15,3,21,73,75,36,29,16,18,9,12,15,16,19,35,4,15,3,21,73,0.67,2.9,69,0.05,69,2,33.3,0,2.3,33.3,34.48,2.8,3.1,"2023-2024"
"MAC","PAN","23_3","Regular Season","Kostas  Antetokounmpo",16,8,4,5,80,0,0,NA,0,0,NA,0,1,1,0,1,1,3,1,3,4,11,"A","L",75,36,29,16,18,9,12,15,16,19,35,4,15,3,21,73,75,36,29,16,18,9,12,15,16,19,35,4,15,3,21,73,1.6,5.8,137.9,0.07,0,0,80,0,7.3,80,17.24,3.4,0,"2023-2024"
"MAC","PAN","23_3","Regular Season","Juan  Hernangomez",16,0,0,0,NA,0,2,0,0,0,NA,1,1,2,1,0,0,0,0,3,0,-2,"A","L",75,36,29,16,18,9,12,15,16,19,35,4,15,3,21,73,75,36,29,16,18,9,12,15,16,19,35,4,15,3,21,73,0,1,0,-0.03,100,Inf,0,0,-0.9,0,0,1.1,3.1,"2023-2024"
"PAN","MAC","23_3","Regular Season","Lorenzo  Brown",32,14,3,8,37.5,1,3,33.3,5,6,83.3,0,3,3,7,1,0,0,1,1,4,19,"H","W",90,43,20,19,22,10,16,19,11,21,32,7,10,4,23,103,90,43,20,19,22,10,16,19,11,21,32,7,10,4,23,103,0.82,13.1,106.9,0.1,53.4,Inf,40.9,0.55,13.9,51.3,0,4.2,0,"2023-2024"
"PAN","MAC","23_3","Regular Season","Wade  Baldwin IV",31,22,6,7,85.7,2,4,50,4,4,100,0,3,3,8,2,3,1,1,3,7,33,"H","W",90,43,20,19,22,10,16,19,11,21,32,7,10,4,23,103,90,43,20,19,22,10,16,19,11,21,32,7,10,4,23,103,1.47,15.1,145.7,0.17,53,2.7,81.8,0.36,22.5,86.2,19.87,5,0,"2023-2024"
"PAN","MAC","23_3","Regular Season","Jake  Cohen",9,9,0,0,NA,3,3,100,0,0,NA,0,2,2,0,0,0,0,0,4,0,7,"H","W",90,43,20,19,22,10,16,19,11,21,32,7,10,4,23,103,90,43,20,19,22,10,16,19,11,21,32,7,10,4,23,103,3,2.9,310.3,0.05,0,NA,150,0,7.1,150,0,3.3,0,"2023-2024"
"PAN","MAC","23_3","Regular Season","Josh  Nebo",30,14,7,10,70,0,0,NA,0,1,0,2,10,12,1,0,1,2,0,3,3,24,"H","W",90,43,20,19,22,10,16,19,11,21,32,7,10,4,23,103,90,43,20,19,22,10,16,19,11,21,32,7,10,4,23,103,1.27,9.1,153.8,0.12,11,1,70,0.1,13.7,67,10.99,3.7,9.1,"2023-2024"
"PAN","MAC","23_3","Regular Season","Bonzie  Colson",34,14,2,5,40,2,4,50,4,4,100,2,1,3,2,3,1,1,0,3,2,16,"H","W",90,43,20,19,22,10,16,19,11,21,32,7,10,4,23,103,90,43,20,19,22,10,16,19,11,21,32,7,10,4,23,103,1.08,9.4,148.9,0.08,21.3,2,55.6,0.44,13.9,65.1,10.64,3.4,9.1,"2023-2024"
"PAN","MAC","23_3","Regular Season","James  Webb III",23,4,2,6,33.3,0,2,0,0,0,NA,4,1,5,0,0,1,0,1,4,1,-2,"H","W",90,43,20,19,22,10,16,19,11,21,32,7,10,4,23,103,90,43,20,19,22,10,16,19,11,21,32,7,10,4,23,103,0.5,4.8,83.3,-0.03,0,0,25,0,-0.3,25,20.83,3.8,18.2,"2023-2024"
"PAN","MAC","23_3","Regular Season","Rafael  Menco",4,0,0,2,0,0,0,NA,0,0,NA,0,0,0,0,0,0,0,0,1,0,-3,"H","W",90,43,20,19,22,10,16,19,11,21,32,7,10,4,23,103,90,43,20,19,22,10,16,19,11,21,32,7,10,4,23,103,0,1.9,0,-0.02,0,NA,0,0,-1.8,0,0,4.9,0,"2023-2024"
"PAN","MAC","23_3","Regular Season","Roman  Sorkin",11,0,0,0,NA,0,0,NA,0,0,NA,0,1,1,0,0,2,0,0,2,0,-3,"H","W",90,43,20,19,22,10,16,19,11,21,32,7,10,4,23,103,90,43,20,19,22,10,16,19,11,21,32,7,10,4,23,103,NA,1.9,0,-0.02,0,0,NA,NA,-2.5,NA,105.26,1.8,0,"2023-2024"
"PAN","MAC","23_3","Regular Season","John  Dibartolomeo",4,3,0,0,NA,0,1,0,3,3,100,0,0,0,0,1,0,0,0,0,2,5,"H","W",90,43,20,19,22,10,16,19,11,21,32,7,10,4,23,103,90,43,20,19,22,10,16,19,11,21,32,7,10,4,23,103,0.75,2.2,136.4,0.02,0,NA,0,3,3.3,64.7,0,5.7,0,"2023-2024"
"PAN","MAC","23_3","Regular Season","Jasiel  Rivero",9,4,2,5,40,0,0,NA,0,1,0,2,0,2,1,0,0,0,0,1,2,4,"H","W",90,43,20,19,22,10,16,19,11,21,32,7,10,4,23,103,90,43,20,19,22,10,16,19,11,21,32,7,10,4,23,103,0.67,3.3,121.2,0.01,30.3,Inf,40,0.2,2.6,36.8,0,5.9,9.1,"2023-2024"
"PAN","MAC","23_3","Regular Season","Tamir  Blatt",12,6,0,0,NA,2,3,66.7,0,0,NA,1,0,1,0,0,2,0,0,1,0,3,"H","W",90,43,20,19,22,10,16,19,11,21,32,7,10,4,23,103,90,43,20,19,22,10,16,19,11,21,32,7,10,4,23,103,2,3.8,157.9,0.02,0,0,100,0,3,100,52.63,4.1,4.5,"2023-2024"
"OLY","RMB","23_4","Regular Season","Alberto   Abalde",21,8,1,1,100,2,4,50,0,0,NA,1,3,4,0,0,0,0,0,2,0,8,"H","W",90,37,28,13,21,12,12,24,6,29,35,4,10,4,24,107,90,37,28,13,21,12,12,24,6,29,35,4,10,4,24,107,1.6,3.8,210.5,0.04,0,NA,80,0,6.5,80,0,2.4,8.3,"2023-2024"
"OLY","RMB","23_4","Regular Season","Facundo  Campazzo",26,12,4,6,66.7,0,4,0,4,4,100,0,6,6,9,0,5,0,0,3,8,21,"H","W",90,37,28,13,21,12,12,24,6,29,35,4,10,4,24,107,90,37,28,13,21,12,12,24,6,29,35,4,10,4,24,107,0.86,16.1,74.5,0.08,55.9,1.8,40,0.4,8.5,51,31.06,6.4,0,"2023-2024"
"OLY","RMB","23_4","Regular Season","Gabriel  Deck",26,14,4,6,66.7,2,4,50,0,0,NA,0,2,2,2,0,1,0,0,2,1,12,"H","W",90,37,28,13,21,12,12,24,6,29,35,4,10,4,24,107,90,37,28,13,21,12,12,24,6,29,35,4,10,4,24,107,1.4,10.6,132.1,0.06,18.9,2,70,0,9.6,70,9.43,4.2,0,"2023-2024"
"OLY","RMB","23_4","Regular Season","Vincent  Poirier",29,7,3,5,60,0,0,NA,1,2,50,2,7,9,1,0,1,4,0,3,1,15,"H","W",90,37,28,13,21,12,12,24,6,29,35,4,10,4,24,107,90,37,28,13,21,12,12,24,6,29,35,4,10,4,24,107,1,4.7,148.9,0.06,21.3,1,60,0.4,9.1,59.5,21.28,2.4,16.7,"2023-2024"
"OLY","RMB","23_4","Regular Season","Dzanan  Musa",23,20,4,7,57.1,4,7,57.1,0,0,NA,0,5,5,3,0,0,0,2,2,1,19,"H","W",90,37,28,13,21,12,12,24,6,29,35,4,10,4,24,107,90,37,28,13,21,12,12,24,6,29,35,4,10,4,24,107,1.43,13.4,149.3,0.12,22.4,Inf,71.4,0,16.2,71.4,0,6,0,"2023-2024"
"OLY","RMB","23_4","Regular Season","Fabien  Causeur",17,3,0,0,NA,1,1,100,0,0,NA,1,0,1,0,1,1,0,0,2,1,3,"H","W",90,37,28,13,21,12,12,24,6,29,35,4,10,4,24,107,90,37,28,13,21,12,12,24,6,29,35,4,10,4,24,107,3,1,300,0.01,0,0,150,0,2.6,150,100,1.2,8.3,"2023-2024"
"OLY","RMB","23_4","Regular Season","Rudy  Fernandez",15,5,1,1,100,1,3,33.3,0,0,NA,0,1,1,4,2,0,0,0,3,2,9,"H","W",90,37,28,13,21,12,12,24,6,29,35,4,10,4,24,107,90,37,28,13,21,12,12,24,6,29,35,4,10,4,24,107,1.25,3.8,131.6,0.04,105.3,Inf,62.5,0,6.9,62.5,0,2.6,0,"2023-2024"
"OLY","RMB","23_4","Regular Season","Mario  Hezonja",17,16,2,7,28.6,2,3,66.7,6,6,100,1,4,5,1,1,1,0,1,1,3,17,"H","W",90,37,28,13,21,12,12,24,6,29,35,4,10,4,24,107,90,37,28,13,21,12,12,24,6,29,35,4,10,4,24,107,1,12.1,132.2,0.09,8.3,1,50,0.6,12.8,63.3,8.26,8,8.3,"2023-2024"
"OLY","RMB","23_4","Regular Season","Sergio  Rodriguez",13,2,1,3,33.3,0,2,0,0,0,NA,0,0,0,4,0,1,0,0,4,2,-1,"H","W",90,37,28,13,21,12,12,24,6,29,35,4,10,4,24,107,90,37,28,13,21,12,12,24,6,29,35,4,10,4,24,107,0.4,5.8,34.5,-0.02,69,4,20,0,-0.9,20,17.24,4.6,0,"2023-2024"
"OLY","RMB","23_4","Regular Season","Eli  Ndiaye",11,3,1,1,100,0,0,NA,1,1,100,1,1,2,0,0,0,0,0,2,1,4,"H","W",90,37,28,13,21,12,12,24,6,29,35,4,10,4,24,107,90,37,28,13,21,12,12,24,6,29,35,4,10,4,24,107,1.5,0.4,750,0.01,0,NA,100,1,2.9,104.2,0,1.3,8.3,"2023-2024"
"RMB","OLY","23_4","Regular Season","Thomas  Walkup",26,7,1,1,100,1,6,16.7,2,5,40,1,4,5,4,4,2,0,0,4,5,11,"A","L",85,44,26,22,22,9,14,20,11,20,31,7,6,3,20,91,85,44,26,22,22,9,14,20,11,20,31,7,6,3,20,91,0.58,9.8,71.4,0.04,40.8,2,35.7,0.71,6.8,38,20.41,4,4.5,"2023-2024"
"RMB","OLY","23_4","Regular Season","Isaiah  Canaan",20,6,3,4,75,0,2,0,0,0,NA,0,1,1,2,0,1,0,0,1,0,4,"A","L",85,44,26,22,22,9,14,20,11,20,31,7,6,3,20,91,85,44,26,22,22,9,14,20,11,20,31,7,6,3,20,91,1,6.7,89.6,0.03,29.9,2,50,0,3.3,50,14.93,3.3,0,"2023-2024"
"RMB","OLY","23_4","Regular Season","Ignas  Brazdeikis",10,4,1,3,33.3,0,1,0,2,2,100,0,0,0,0,0,0,1,0,2,1,1,"A","L",85,44,26,22,22,9,14,20,11,20,31,7,6,3,20,91,85,44,26,22,22,9,14,20,11,20,31,7,6,3,20,91,0.67,4.7,85.1,0,0,NA,25,0.5,1.5,41,0,4.6,0,"2023-2024"
"RMB","OLY","23_4","Regular Season","Alec  Peters",27,12,3,4,75,1,2,50,3,3,100,3,2,5,0,0,1,0,0,2,1,13,"A","L",85,44,26,22,22,9,14,20,11,20,31,7,6,3,20,91,85,44,26,22,22,9,14,20,11,20,31,7,6,3,20,91,1.33,5.1,235.3,0.08,0,0,75,0.5,10.3,82,19.61,2.9,13.6,"2023-2024"
"RMB","OLY","23_4","Regular Season","Filip  Petrusev",15,4,2,7,28.6,0,0,NA,0,0,NA,0,2,2,2,0,0,1,1,2,1,2,"A","L",85,44,26,22,22,9,14,20,11,20,31,7,6,3,20,91,85,44,26,22,22,9,14,20,11,20,31,7,6,3,20,91,0.57,6.7,59.7,0.01,29.9,Inf,28.6,0,1.8,28.6,0,4.4,0,"2023-2024"
"RMB","OLY","23_4","Regular Season","Giannoulis  Larentzakis",10,2,1,4,25,0,2,0,0,0,NA,0,0,0,1,1,1,0,0,1,1,-2,"A","L",85,44,26,22,22,9,14,20,11,20,31,7,6,3,20,91,85,44,26,22,22,9,14,20,11,20,31,7,6,3,20,91,0.33,6.7,29.9,-0.02,14.9,1,16.7,0,-1.5,16.7,14.93,6.5,0,"2023-2024"
"RMB","OLY","23_4","Regular Season","Naz  Mitrou-Long",18,6,2,4,50,0,3,0,2,2,100,0,1,1,7,0,1,0,1,3,2,6,"A","L",85,44,26,22,22,9,14,20,11,20,31,7,6,3,20,91,85,44,26,22,22,9,14,20,11,20,31,7,6,3,20,91,0.67,8.5,70.6,0.04,82.4,7,28.6,0.29,4.9,38.1,11.76,4.6,0,"2023-2024"
"RMB","OLY","23_4","Regular Season","Kostas  Papanikolaou",25,25,2,4,50,6,8,75,3,4,75,0,4,4,0,1,0,0,0,1,2,26,"A","L",85,44,26,22,22,9,14,20,11,20,31,7,6,3,20,91,85,44,26,22,22,9,14,20,11,20,31,7,6,3,20,91,1.56,13.2,189.4,0.18,0,NA,91.7,0.33,21.2,90.8,0,5.1,0,"2023-2024"
"RMB","OLY","23_4","Regular Season","Luke  Sikma",24,10,5,10,50,0,0,NA,0,2,0,7,3,10,3,0,0,1,1,2,3,17,"A","L",85,44,26,22,22,9,14,20,11,20,31,7,6,3,20,91,85,44,26,22,22,9,14,20,11,20,31,7,6,3,20,91,0.83,3.7,270.3,0.08,81.1,Inf,50,0.2,12,46,0,4.2,31.8,"2023-2024"
"RMB","OLY","23_4","Regular Season","Shaquielle  McKissic",23,9,2,3,66.7,1,2,50,2,4,50,0,3,3,1,1,0,0,1,2,6,13,"A","L",85,44,26,22,22,9,14,20,11,20,31,7,6,3,20,91,85,44,26,22,22,9,14,20,11,20,31,7,6,3,20,91,1,6.5,138.5,0.06,15.4,Inf,70,0.8,7.7,66.6,0,2.7,0,"2023-2024"
"BOL","FEN","23_5","Regular Season","Johnathan  Motley",28,23,9,12,75,0,0,NA,5,7,71.4,3,8,11,0,0,3,0,0,4,7,29,"H","W",88,38,22,19,26,7,15,17,5,25,30,4,11,3,29,93,88,38,22,19,26,7,15,17,5,25,30,4,11,3,29,93,1.21,14.5,158.6,0.15,0,0,75,0.58,17.3,76.3,20.69,6.5,30,"2023-2024"
"BOL","FEN","23_5","Regular Season","Scottie  Wilbekin",31,15,3,4,75,3,12,25,0,0,NA,0,4,4,6,2,0,0,0,1,1,17,"H","W",88,38,22,19,26,7,15,17,5,25,30,4,11,3,29,93,88,38,22,19,26,7,15,17,5,25,30,4,11,3,29,93,0.94,15.4,97.4,0.12,39,Inf,46.9,0,13.2,46.9,0,5.2,0,"2023-2024"
"BOL","FEN","23_5","Regular Season","Georgios  Papagiannis",17,7,2,3,66.7,1,1,100,0,0,NA,0,3,3,0,0,2,0,0,4,0,3,"H","W",88,38,22,19,26,7,15,17,5,25,30,4,11,3,29,93,88,38,22,19,26,7,15,17,5,25,30,4,11,3,29,93,1.75,5.8,120.7,0.02,0,0,87.5,0,2.7,87.5,34.48,3.6,0,"2023-2024"
"BOL","FEN","23_5","Regular Season","Marko  Guduric",30,10,3,3,100,0,2,0,4,4,100,1,1,2,4,0,0,0,0,2,4,16,"H","W",88,38,22,19,26,7,15,17,5,25,30,4,11,3,29,93,88,38,22,19,26,7,15,17,5,25,30,4,11,3,29,93,1.11,5.5,181.8,0.09,72.7,Inf,60,0.8,10.7,74,0,2.3,10,"2023-2024"
"BOL","FEN","23_5","Regular Season","Nick  Calathes",23,5,2,6,33.3,0,0,NA,1,2,50,0,7,7,2,0,3,0,0,4,4,6,"H","W",88,38,22,19,26,7,15,17,5,25,30,4,11,3,29,93,88,38,22,19,26,7,15,17,5,25,30,4,11,3,29,93,0.62,9.5,52.6,0.01,21.1,0.7,33.3,0.33,0.1,36.3,31.58,4.3,0,"2023-2024"
"BOL","FEN","23_5","Regular Season","Amine  Noua",21,9,3,3,100,1,1,100,0,0,NA,1,0,1,1,1,0,2,0,5,1,10,"H","W",88,38,22,19,26,7,15,17,5,25,30,4,11,3,29,93,88,38,22,19,26,7,15,17,5,25,30,4,11,3,29,93,2.25,2.9,310.3,0.06,34.5,Inf,112.5,0,9.6,112.5,0,1.9,10,"2023-2024"
"BOL","FEN","23_5","Regular Season","Sertac  Sanli",11,8,2,2,100,1,1,100,1,2,50,0,0,0,0,0,1,1,0,4,1,4,"H","W",88,38,22,19,26,7,15,17,5,25,30,4,11,3,29,93,88,38,22,19,26,7,15,17,5,25,30,4,11,3,29,93,1.6,4.7,170.2,0.02,0,0,116.7,0.67,4.8,103.1,21.28,4.5,0,"2023-2024"
"BOL","FEN","23_5","Regular Season","Melih  Mahmutoglu",6,0,0,0,NA,0,1,0,0,0,NA,0,1,1,0,0,0,0,0,1,0,-1,"H","W",88,38,22,19,26,7,15,17,5,25,30,4,11,3,29,93,88,38,22,19,26,7,15,17,5,25,30,4,11,3,29,93,0,1,0,-0.01,0,NA,0,0,-0.8,0,0,1.7,0,"2023-2024"
"BOL","FEN","23_5","Regular Season","Tyler  Dorsey",16,4,2,4,50,0,3,0,0,0,NA,0,1,1,1,0,1,0,0,3,1,-2,"H","W",88,38,22,19,26,7,15,17,5,25,30,4,11,3,29,93,88,38,22,19,26,7,15,17,5,25,30,4,11,3,29,93,0.57,7.7,51.9,-0.02,13,1,28.6,0,-1.3,28.6,12.99,5,0,"2023-2024"
"BOL","FEN","23_5","Regular Season","Yam  Madar",16,7,0,1,0,1,1,100,4,4,100,0,0,0,3,1,1,0,0,1,3,11,"H","W",88,38,22,19,26,7,15,17,5,25,30,4,11,3,29,93,88,38,22,19,26,7,15,17,5,25,30,4,11,3,29,93,1.17,4.6,152.2,0.06,65.2,3,75,2,7.7,93.1,21.74,3,0,"2023-2024"
"FEN","BOL","23_5","Regular Season","Gabriel  Lundberg",35,17,4,9,44.4,2,3,66.7,3,5,60,0,4,4,3,1,2,0,2,2,6,17,"A","L",75,42,17,27,17,8,17,13,8,20,28,5,9,0,22,72,75,42,17,27,17,8,17,13,8,20,28,5,9,0,22,72,1,15.6,109,0.15,19.2,1.5,58.3,0.42,11.7,59.9,12.82,4.6,0,"2023-2024"
"FEN","BOL","23_5","Regular Season","Daniel  Hackett",30,11,3,7,42.9,1,1,100,2,4,50,0,2,2,3,2,1,0,0,2,4,13,"A","L",75,42,17,27,17,8,17,13,8,20,28,5,9,0,22,72,75,42,17,27,17,8,17,13,8,20,28,5,9,0,22,72,0.92,10.3,106.8,0.11,29.1,3,56.2,0.5,9.1,56.4,9.71,3.6,0,"2023-2024"
"FEN","BOL","23_5","Regular Season","Jordan  Mickey",19,7,2,5,40,0,0,NA,3,4,75,1,2,3,0,0,2,0,0,3,2,3,"A","L",75,42,17,27,17,8,17,13,8,20,28,5,9,0,22,72,75,42,17,27,17,8,17,13,8,20,28,5,9,0,22,72,0.78,7.4,94.6,0.01,0,0,40,0.8,2,51.8,27.03,4.6,6.2,"2023-2024"
"FEN","BOL","23_5","Regular Season","Bryant  Dunston",15,4,2,2,100,0,1,0,0,0,NA,0,1,1,0,0,0,0,0,5,1,0,"A","L",75,42,17,27,17,8,17,13,8,20,28,5,9,0,22,72,75,42,17,27,17,8,17,13,8,20,28,5,9,0,22,72,1.33,2.9,137.9,-0.01,0,NA,66.7,0,1,66.7,0,2,0,"2023-2024"
"FEN","BOL","23_5","Regular Season","Awudu  Abass",21,12,1,2,50,3,7,42.9,1,2,50,2,1,3,1,2,0,0,0,2,1,11,"A","L",75,42,17,27,17,8,17,13,8,20,28,5,9,0,22,72,75,42,17,27,17,8,17,13,8,20,28,5,9,0,22,72,1.09,7.6,157.9,0.11,13.2,Inf,61.1,0.22,10.5,60.7,0,4.7,12.5,"2023-2024"
"FEN","BOL","23_5","Regular Season","Isaia  Cordinier",28,11,3,6,50,0,0,NA,5,5,100,1,3,4,4,0,0,0,0,2,7,21,"A","L",75,42,17,27,17,8,17,13,8,20,28,5,9,0,22,72,75,42,17,27,17,8,17,13,8,20,28,5,9,0,22,72,1,6.9,159.4,0.16,58,Inf,50,0.83,11.6,67.1,0,2.9,6.2,"2023-2024"
"FEN","BOL","23_5","Regular Season","Alessandro  Pajola",13,7,0,2,0,2,4,50,1,2,50,0,1,1,0,0,1,0,0,4,4,2,"A","L",75,42,17,27,17,8,17,13,8,20,28,5,9,0,22,72,75,42,17,27,17,8,17,13,8,20,28,5,9,0,22,72,0.88,7.6,92.1,-0.02,0,0,50,0.33,0.9,50.9,13.16,6.1,0,"2023-2024"
"FEN","BOL","23_5","Regular Season","Rihards  Lomazs",3,1,0,0,NA,0,0,NA,1,2,50,0,1,1,0,0,1,0,0,0,1,1,"A","L",75,42,17,27,17,8,17,13,8,20,28,5,9,0,22,72,75,42,17,27,17,8,17,13,8,20,28,5,9,0,22,72,0.5,1.8,55.6,0,0,0,NA,Inf,-0.1,56.8,55.56,6.3,0,"2023-2024"
"FEN","BOL","23_5","Regular Season","Achille  Polonara",14,0,0,3,0,0,1,0,0,0,NA,1,2,3,1,0,2,0,1,1,1,-3,"A","L",75,42,17,27,17,8,17,13,8,20,28,5,9,0,22,72,75,42,17,27,17,8,17,13,8,20,28,5,9,0,22,72,0,4.8,0,-0.04,20.8,0.5,0,0,-3.2,0,41.67,4.3,6.2,"2023-2024"
"FEN","BOL","23_5","Regular Season","Ante  Zizic",21,5,2,6,33.3,0,0,NA,1,3,33.3,3,3,6,1,0,0,0,0,1,2,7,"A","L",75,42,17,27,17,8,17,13,8,20,28,5,9,0,22,72,75,42,17,27,17,8,17,13,8,20,28,5,9,0,22,72,0.56,4.1,122,0.04,24.4,Inf,33.3,0.5,4.1,34.2,0,3.5,18.8,"2023-2024"
"ASM","EFE","23_6","Regular Season","Shane  Larkin",24,14,3,4,75,2,6,33.3,2,2,100,0,2,2,5,2,1,0,0,2,4,19,"H","L",78,38,24,15,17,11,11,12,5,24,29,7,11,4,19,76,78,38,24,15,17,11,11,12,5,24,29,7,11,4,19,76,1.17,11.4,122.8,0.13,43.9,5,60,0.2,13.3,64.3,8.77,5,0,"2023-2024"
"ASM","EFE","23_6","Regular Season","Elijah  Bryant",27,12,3,9,33.3,2,2,100,0,0,NA,1,3,4,3,0,2,0,0,1,0,10,"H","L",78,38,24,15,17,11,11,12,5,24,29,7,11,4,19,76,78,38,24,15,17,11,11,12,5,24,29,7,11,4,19,76,1.09,11.5,104.3,0.08,26.1,1.5,54.5,0,7.6,54.5,17.39,4.8,10,"2023-2024"
"ASM","EFE","23_6","Regular Season","Darius  Thompson",26,9,2,6,33.3,1,5,20,2,2,100,0,2,2,1,1,2,2,1,1,1,4,"H","L",78,38,24,15,17,11,11,12,5,24,29,7,11,4,19,76,78,38,24,15,17,11,11,12,5,24,29,7,11,4,19,76,0.69,13.3,67.7,0.03,7.5,0.5,31.8,0.18,3.8,37.9,15.04,5.4,0,"2023-2024"
"ASM","EFE","23_6","Regular Season","Tibor  Pleiss",16,0,0,2,0,0,0,NA,0,0,NA,1,5,6,0,1,0,0,0,2,1,4,"H","L",78,38,24,15,17,11,11,12,5,24,29,7,11,4,19,76,78,38,24,15,17,11,11,12,5,24,29,7,11,4,19,76,0,1,0,0.02,0,NA,0,0,1,0,0,1.3,10,"2023-2024"
"ASM","EFE","23_6","Regular Season","Derek  Willis",25,13,2,2,100,3,4,75,0,0,NA,0,3,3,0,0,2,1,0,4,0,10,"H","L",78,38,24,15,17,11,11,12,5,24,29,7,11,4,19,76,78,38,24,15,17,11,11,12,5,24,29,7,11,4,19,76,2.17,7.7,168.8,0.08,0,0,108.3,0,8.8,108.3,25.97,3.2,0,"2023-2024"
"ASM","EFE","23_6","Regular Season","Rodrigue  Beaubois",29,15,4,8,50,2,4,50,1,1,100,0,1,1,3,1,0,0,0,1,2,15,"H","L",78,38,24,15,17,11,11,12,5,24,29,7,11,4,19,76,78,38,24,15,17,11,11,12,5,24,29,7,11,4,19,76,1.15,11.9,126.1,0.11,25.2,Inf,58.3,0.08,12,60.3,0,4.3,0,"2023-2024"
"ASM","EFE","23_6","Regular Season","Will  Clyburn",24,8,1,4,25,1,3,33.3,3,3,100,1,2,3,0,1,3,0,2,3,3,2,"H","L",78,38,24,15,17,11,11,12,5,24,29,7,11,4,19,76,78,38,24,15,17,11,11,12,5,24,29,7,11,4,19,76,0.8,9.9,80.8,0,0,0,35.7,0.43,2,48.1,30.3,4.7,10,"2023-2024"
"ASM","EFE","23_6","Regular Season","Daniel  Oturu",17,3,1,2,50,0,0,NA,1,5,20,1,5,6,0,1,0,1,0,0,5,11,"H","L",78,38,24,15,17,11,11,12,5,24,29,7,11,4,19,76,78,38,24,15,17,11,11,12,5,24,29,7,11,4,19,76,0.43,3.1,96.8,0.04,0,NA,50,2.5,4.3,35.7,0,2.5,10,"2023-2024"
"ASM","EFE","23_6","Regular Season","Tyrique  Jones",12,4,1,1,100,0,0,NA,2,2,100,1,1,2,0,0,1,0,0,5,1,1,"H","L",78,38,24,15,17,11,11,12,5,24,29,7,11,4,19,76,78,38,24,15,17,11,11,12,5,24,29,7,11,4,19,76,1.33,1.8,222.2,0,0,0,100,2,1.7,106.4,55.56,2.4,10,"2023-2024"
"EFE","ASM","23_6","Regular Season","John  Brown III",25,2,1,3,33.3,0,0,NA,0,0,NA,0,4,4,2,0,1,0,0,2,3,6,"A","W",80,40,26,14,21,9,11,15,9,21,30,5,10,3,18,81,80,40,26,14,21,9,11,15,9,21,30,5,10,3,18,81,0.67,3.8,52.6,0.03,52.6,2,33.3,0,1.1,33.3,26.32,1.6,0,"2023-2024"
"EFE","ASM","23_6","Regular Season","Jordan  Loyd",22,14,1,5,20,4,8,50,0,0,NA,0,0,0,1,1,0,0,1,4,2,5,"A","W",80,40,26,14,21,9,11,15,9,21,30,5,10,3,18,81,80,40,26,14,21,9,11,15,9,21,30,5,10,3,18,81,1.08,12.5,112,0.03,8,Inf,53.8,0,7,53.8,0,5.8,0,"2023-2024"
"EFE","ASM","23_6","Regular Season","Mouhammadou  Jaiteh",10,2,1,3,33.3,0,0,NA,0,0,NA,0,3,3,1,1,0,1,1,1,0,4,"A","W",80,40,26,14,21,9,11,15,9,21,30,5,10,3,18,81,80,40,26,14,21,9,11,15,9,21,30,5,10,3,18,81,0.67,2.9,69,0.04,34.5,Inf,33.3,0,3.2,33.3,0,2.9,0,"2023-2024"
"EFE","ASM","23_6","Regular Season","Yakuba  Ouattara",5,5,1,1,100,1,1,100,0,0,NA,1,0,1,0,0,0,0,0,1,0,5,"A","W",80,40,26,14,21,9,11,15,9,21,30,5,10,3,18,81,80,40,26,14,21,9,11,15,9,21,30,5,10,3,18,81,2.5,1,500,0.04,0,NA,125,0,4.7,125,0,3.9,5.6,"2023-2024"
"EFE","ASM","23_6","Regular Season","Mike  James",33,16,5,9,55.6,1,5,20,3,3,100,0,0,0,2,1,4,0,1,1,3,8,"A","W",80,40,26,14,21,9,11,15,9,21,30,5,10,3,18,81,80,40,26,14,21,9,11,15,9,21,30,5,10,3,18,81,0.94,18.5,86.5,0.05,10.8,0.5,46.4,0.21,6.6,52.2,21.62,5.7,0,"2023-2024"
"EFE","ASM","23_6","Regular Season","Elie  Okobo",22,16,3,3,100,1,5,20,7,9,77.8,1,1,2,3,0,2,0,0,1,5,17,"A","W",80,40,26,14,21,9,11,15,9,21,30,5,10,3,18,81,80,40,26,14,21,9,11,15,9,21,30,5,10,3,18,81,0.94,12.4,129,0.1,24.2,1.5,56.2,1.12,11.9,66.9,16.13,6.2,5.6,"2023-2024"
"EFE","ASM","23_6","Regular Season","Jaron  Blossomgame",18,6,3,4,75,0,3,0,0,0,NA,2,2,4,0,1,0,1,1,2,1,6,"A","W",80,40,26,14,21,9,11,15,9,21,30,5,10,3,18,81,80,40,26,14,21,9,11,15,9,21,30,5,10,3,18,81,0.86,4.8,125,0.04,0,NA,42.9,0,5.2,42.9,0,3.8,11.1,"2023-2024"
"EFE","ASM","23_6","Regular Season","Alpha  Diallo",30,11,4,7,57.1,1,2,50,0,0,NA,4,5,9,3,0,3,1,0,3,0,14,"A","W",80,40,26,14,21,9,11,15,9,21,30,5,10,3,18,81,80,40,26,14,21,9,11,15,9,21,30,5,10,3,18,81,1.22,7.7,142.9,0.1,39,1,61.1,0,9.6,61.1,38.96,3.9,22.2,"2023-2024"
"EFE","ASM","23_6","Regular Season","Kemba  Walker",4,0,0,0,NA,0,0,NA,0,0,NA,0,0,0,0,0,0,0,0,1,0,-1,"A","W",80,40,26,14,21,9,11,15,9,21,30,5,10,3,18,81,80,40,26,14,21,9,11,15,9,21,30,5,10,3,18,81,NA,0,NA,-0.01,NA,NA,NA,NA,-0.4,NA,NA,0,0,"2023-2024"
"EFE","ASM","23_6","Regular Season","Donatas  Motiejunas",17,7,2,3,66.7,1,2,50,0,0,NA,1,3,4,2,1,0,0,0,1,4,15,"A","W",80,40,26,14,21,9,11,15,9,21,30,5,10,3,18,81,80,40,26,14,21,9,11,15,9,21,30,5,10,3,18,81,1.4,3.8,184.2,0.09,52.6,Inf,70,0,8.3,70,0,2.9,5.6,"2023-2024"
"EFE","ASM","23_6","Regular Season","Donta  Hall",13,1,0,2,0,0,0,NA,1,2,50,0,3,3,1,0,0,0,0,1,1,2,"A","W",80,40,26,14,21,9,11,15,9,21,30,5,10,3,18,81,80,40,26,14,21,9,11,15,9,21,30,5,10,3,18,81,0.25,2.8,35.7,0.01,35.7,Inf,0,1,0.4,17.4,0,2.2,0,"2023-2024"
"BAR","MIL","23_7","Regular Season","Alex  Poythress",15,10,5,7,71.4,0,0,NA,0,0,NA,2,2,4,1,0,1,0,0,2,2,12,"H","W",74,35,28,28,19,5,21,14,10,32,42,4,11,3,19,82,74,35,28,28,19,5,21,14,10,32,42,4,11,3,19,82,1.43,5.8,172.4,0.08,17.2,1,71.4,0,8,71.4,17.24,4.9,10,"2023-2024"
"BAR","MIL","23_7","Regular Season","Nicolo  Melli",27,5,1,2,50,0,2,0,3,4,75,1,6,7,2,2,0,1,0,2,6,17,"H","W",74,35,28,28,19,5,21,14,10,32,42,4,11,3,19,82,74,35,28,28,19,5,21,14,10,32,42,4,11,3,19,82,0.62,4.6,108.7,0.09,43.5,Inf,25,1,8,43.4,0,2,5,"2023-2024"
"BAR","MIL","23_7","Regular Season","Shabazz  Napier",29,9,1,3,33.3,1,4,25,4,4,100,0,0,0,5,1,3,0,0,2,1,6,"H","W",74,35,28,28,19,5,21,14,10,32,42,4,11,3,19,82,74,35,28,28,19,5,21,14,10,32,42,4,11,3,19,82,0.82,11.3,79.6,0.05,44.2,1.7,35.7,0.57,5.6,51.4,26.55,3.8,0,"2023-2024"
"BAR","MIL","23_7","Regular Season","Devon  Hall",26,8,3,4,75,0,2,0,2,3,66.7,1,3,4,0,0,0,0,0,2,2,8,"H","W",74,35,28,28,19,5,21,14,10,32,42,4,11,3,19,82,74,35,28,28,19,5,21,14,10,32,42,4,11,3,19,82,0.89,6.1,131.1,0.05,0,NA,50,0.5,5.4,54.6,0,2.6,5,"2023-2024"
"BAR","MIL","23_7","Regular Season","Shavon  Shields",33,23,5,8,62.5,2,7,28.6,7,9,77.8,1,4,5,5,1,2,0,1,2,7,26,"H","W",74,35,28,28,19,5,21,14,10,32,42,4,11,3,19,82,74,35,28,28,19,5,21,14,10,32,42,4,11,3,19,82,0.96,19.2,119.8,0.18,26,2.5,53.3,0.6,18.1,60.7,10.42,5.9,5,"2023-2024"
"BAR","MIL","23_7","Regular Season","Maodo  Lo",2,0,0,0,NA,0,0,NA,0,0,NA,0,1,1,0,0,0,0,0,1,0,0,"H","W",74,35,28,28,19,5,21,14,10,32,42,4,11,3,19,82,74,35,28,28,19,5,21,14,10,32,42,4,11,3,19,82,NA,0,NA,0,NA,NA,NA,NA,-0.1,NA,NA,0,0,"2023-2024"
"BAR","MIL","23_7","Regular Season","Rodney  McGruder",20,11,3,6,50,1,6,16.7,2,4,50,3,3,6,0,0,0,0,1,2,2,6,"H","W",74,35,28,28,19,5,21,14,10,32,42,4,11,3,19,82,74,35,28,28,19,5,21,14,10,32,42,4,11,3,19,82,0.69,10.3,106.8,0.03,0,NA,37.5,0.33,5.6,40,0,6.4,15,"2023-2024"
"BAR","MIL","23_7","Regular Season","Giampaolo  Ricci",12,0,0,0,NA,0,3,0,0,0,NA,1,2,3,0,0,0,1,0,1,1,1,"H","W",74,35,28,28,19,5,21,14,10,32,42,4,11,3,19,82,74,35,28,28,19,5,21,14,10,32,42,4,11,3,19,82,0,1.9,0,-0.01,0,NA,0,0,-0.5,0,0,2.3,5,"2023-2024"
"BAR","MIL","23_7","Regular Season","Diego  Flaccadori",9,2,1,3,33.3,0,1,0,0,0,NA,0,1,1,0,0,1,0,0,2,0,-3,"H","W",74,35,28,28,19,5,21,14,10,32,42,4,11,3,19,82,74,35,28,28,19,5,21,14,10,32,42,4,11,3,19,82,0.5,4.8,41.7,-0.03,0,0,25,0,-1.9,25,20.83,5.1,0,"2023-2024"
"BAR","MIL","23_7","Regular Season","Kyle  Hines",11,0,0,1,0,0,0,NA,0,0,NA,1,4,5,0,0,1,1,0,3,0,1,"H","W",74,35,28,28,19,5,21,14,10,32,42,4,11,3,19,82,74,35,28,28,19,5,21,14,10,32,42,4,11,3,19,82,0,1,0,0,0,0,0,0,-0.3,0,100,1.7,5,"2023-2024"
"BAR","MIL","23_7","Regular Season","Johannes  Voigtmann",15,6,0,1,0,1,3,33.3,3,4,75,0,6,6,1,0,3,0,0,0,2,8,"H","W",74,35,28,28,19,5,21,14,10,32,42,4,11,3,19,82,74,35,28,28,19,5,21,14,10,32,42,4,11,3,19,82,0.75,8.4,71.4,0.06,11.9,0.3,37.5,1,2.7,52.1,35.71,5.4,0,"2023-2024"
"MIL","BAR","23_7","Regular Season","Jan  Vesely",27,28,10,14,71.4,0,0,NA,8,11,72.7,2,2,4,0,2,0,0,0,4,6,29,"A","L",70,47,20,20,20,5,15,19,10,26,36,5,10,2,25,66,70,47,20,20,20,5,15,19,10,26,36,5,10,2,25,66,1.12,16.2,172.8,0.25,0,NA,71.4,0.79,23.4,74.3,0,6.5,10,"2023-2024"
"MIL","BAR","23_7","Regular Season","Dario  Brizuela",18,2,1,5,20,0,2,0,0,0,NA,1,1,2,3,0,2,0,0,3,0,-4,"A","L",70,47,20,20,20,5,15,19,10,26,36,5,10,2,25,66,70,47,20,20,20,5,15,19,10,26,36,5,10,2,25,66,0.29,7.7,26,-0.05,39,1.5,14.3,0,-2.6,14.3,25.97,4.7,5,"2023-2024"
"MIL","BAR","23_7","Regular Season","Nikola  Kalinic",33,9,3,8,37.5,1,6,16.7,0,0,NA,3,7,10,4,0,1,1,1,3,2,11,"A","L",70,47,20,20,20,5,15,19,10,26,36,5,10,2,25,66,70,47,20,20,20,5,15,19,10,26,36,5,10,2,25,66,0.64,11.5,78.3,0.09,34.8,4,32.1,0,6.3,32.1,8.7,4.2,15,"2023-2024"
"MIL","BAR","23_7","Regular Season","Tomas  Satoransky",29,6,1,2,50,1,3,33.3,1,1,100,1,5,6,3,1,3,0,0,2,2,10,"A","L",70,47,20,20,20,5,15,19,10,26,36,5,10,2,25,66,70,47,20,20,20,5,15,19,10,26,36,5,10,2,25,66,1,7.1,84.5,0.09,42.3,1,50,0.2,4.8,55.1,42.25,2.7,5,"2023-2024"
"MIL","BAR","23_7","Regular Season","Jabari  Parker",28,11,1,4,25,3,6,50,0,1,0,1,1,2,0,0,1,0,0,3,2,4,"A","L",70,47,20,20,20,5,15,19,10,26,36,5,10,2,25,66,70,47,20,20,20,5,15,19,10,26,36,5,10,2,25,66,1,10,110,0.02,0,0,55,0.1,4,52.7,10,3.8,5,"2023-2024"
"MIL","BAR","23_7","Regular Season","Oscar  da Silva",12,0,0,1,0,0,0,NA,0,0,NA,0,4,4,0,1,0,0,1,1,0,2,"A","L",70,47,20,20,20,5,15,19,10,26,36,5,10,2,25,66,70,47,20,20,20,5,15,19,10,26,36,5,10,2,25,66,0,1,0,0.03,0,NA,0,0,1.1,0,0,0.8,0,"2023-2024"
"MIL","BAR","23_7","Regular Season","Willy  Hernangomez",13,10,2,6,33.3,0,0,NA,6,7,85.7,0,3,3,0,0,0,1,1,1,4,11,"A","L",70,47,20,20,20,5,15,19,10,26,36,5,10,2,25,66,70,47,20,20,20,5,15,19,10,26,36,5,10,2,25,66,0.77,8.7,114.9,0.09,0,NA,33.3,1.17,7.4,55.1,0,6.5,0,"2023-2024"
"MIL","BAR","23_7","Regular Season","Nicolas  Laprovittola",13,0,0,1,0,0,3,0,0,0,NA,0,1,1,3,0,3,0,0,5,1,-7,"A","L",70,47,20,20,20,5,15,19,10,26,36,5,10,2,25,66,70,47,20,20,20,5,15,19,10,26,36,5,10,2,25,66,0,6.7,0,-0.09,44.8,1,0,0,-5.4,0,44.78,5,0,"2023-2024"
"MIL","BAR","23_7","Regular Season","Rokas  Jokubaitis",24,4,2,6,33.3,0,0,NA,0,0,NA,2,2,4,6,1,0,0,0,2,2,11,"A","L",70,47,20,20,20,5,15,19,10,26,36,5,10,2,25,66,70,47,20,20,20,5,15,19,10,26,36,5,10,2,25,66,0.67,3.8,105.3,0.09,157.9,Inf,33.3,0,7,33.3,0,2.3,10,"2023-2024"
"MIL","BAR","23_7","Regular Season","Joel  Parra",3,0,0,0,NA,0,0,NA,0,0,NA,0,0,0,0,0,0,0,0,1,0,-1,"A","L",70,47,20,20,20,5,15,19,10,26,36,5,10,2,25,66,70,47,20,20,20,5,15,19,10,26,36,5,10,2,25,66,NA,0,NA,-0.01,NA,NA,NA,NA,-0.4,NA,NA,0,0,"2023-2024"
"PAR","ZAL","23_8","Regular Season","Keenan  Evans",32,25,3,7,42.9,4,9,44.4,7,7,100,0,0,0,3,3,3,0,1,1,6,23,"A","L",72,33,23,16,18,8,12,13,8,17,25,9,15,1,23,67,72,33,23,16,18,8,12,13,8,17,25,9,15,1,23,67,1.09,21.2,117.9,0.21,14.2,1,56.2,0.44,18.3,65.5,14.15,7.1,0,"2023-2024"
"PAR","ZAL","23_8","Regular Season","Dovydas  Giedraitis",25,7,2,3,66.7,1,1,100,0,0,NA,2,0,2,0,3,0,0,0,3,2,10,"A","L",72,33,23,16,18,8,12,13,8,17,25,9,15,1,23,67,72,33,23,16,18,8,12,13,8,17,25,9,15,1,23,67,1.75,1.9,368.4,0.08,0,NA,87.5,0,8.6,87.5,0,1.6,12.5,"2023-2024"
"PAR","ZAL","23_8","Regular Season","Rolands  Smits",25,9,3,4,75,1,4,25,0,0,NA,1,5,6,1,0,4,0,0,1,1,8,"A","L",72,33,23,16,18,8,12,13,8,17,25,9,15,1,23,67,72,33,23,16,18,8,12,13,8,17,25,9,15,1,23,67,1.12,10.6,84.9,0.07,9.4,0.2,56.2,0,3.5,56.2,37.74,4.9,6.2,"2023-2024"
"PAR","ZAL","23_8","Regular Season","Laurynas  Birutis",17,11,5,6,83.3,0,0,NA,1,3,33.3,2,3,5,1,0,1,0,0,4,3,12,"A","L",72,33,23,16,18,8,12,13,8,17,25,9,15,1,23,67,72,33,23,16,18,8,12,13,8,17,25,9,15,1,23,67,1.22,6.1,180.3,0.09,16.4,1,83.3,0.5,8.4,75.1,16.39,5,12.5,"2023-2024"
"PAR","ZAL","23_8","Regular Season","Edgaras  Ulanovas",17,3,1,2,50,0,2,0,1,2,50,0,3,3,3,1,1,0,0,4,3,4,"A","L",72,33,23,16,18,8,12,13,8,17,25,9,15,1,23,67,72,33,23,16,18,8,12,13,8,17,25,9,15,1,23,67,0.5,5.6,53.6,0.01,53.6,3,25,0.5,1.6,30.7,17.86,3.5,0,"2023-2024"
"PAR","ZAL","23_8","Regular Season","Lukas  Lekavicius",10,4,1,5,20,0,0,NA,2,2,100,0,0,0,0,1,2,0,0,1,3,1,"A","L",72,33,23,16,18,8,12,13,8,17,25,9,15,1,23,67,72,33,23,16,18,8,12,13,8,17,25,9,15,1,23,67,0.57,7.6,52.6,-0.02,0,0,20,0.4,-0.5,34,26.32,8.1,0,"2023-2024"
"PAR","ZAL","23_8","Regular Season","Kevarrius  Hayes",22,6,3,3,100,0,1,0,0,0,NA,1,1,2,1,0,0,1,0,0,0,9,"A","L",72,33,23,16,18,8,12,13,8,17,25,9,15,1,23,67,72,33,23,16,18,8,12,13,8,17,25,9,15,1,23,67,1.5,2.9,206.9,0.09,34.5,Inf,75,0,6.8,75,0,1.9,6.2,"2023-2024"
"PAR","ZAL","23_8","Regular Season","Edmond  Sumner",5,0,0,0,NA,0,1,0,0,0,NA,0,1,1,1,0,2,0,0,2,0,-3,"A","L",72,33,23,16,18,8,12,13,8,17,25,9,15,1,23,67,72,33,23,16,18,8,12,13,8,17,25,9,15,1,23,67,0,2.9,0,-0.03,34.5,0.5,0,0,-2.5,0,68.97,6.2,0,"2023-2024"
"PAR","ZAL","23_8","Regular Season","Tomas  Dimsa",8,0,0,0,NA,0,0,NA,0,0,NA,0,0,0,0,1,1,0,0,4,0,-4,"A","L",72,33,23,16,18,8,12,13,8,17,25,9,15,1,23,67,72,33,23,16,18,8,12,13,8,17,25,9,15,1,23,67,NA,1,0,-0.05,0,0,NA,NA,-1.6,NA,100,1.3,0,"2023-2024"
"PAR","ZAL","23_8","Regular Season","Brady   Manek",17,3,0,1,0,1,4,25,0,0,NA,1,1,2,1,0,0,0,0,0,1,3,"A","L",72,33,23,16,18,8,12,13,8,17,25,9,15,1,23,67,72,33,23,16,18,8,12,13,8,17,25,9,15,1,23,67,0.6,3.8,78.9,0.02,26.3,Inf,30,0,1.6,30,0,3,6.2,"2023-2024"
"PAR","ZAL","23_8","Regular Season","Arnas  Butkevicius",21,4,0,2,0,1,1,100,1,2,50,1,3,4,2,0,1,0,0,3,1,4,"A","L",72,33,23,16,18,8,12,13,8,17,25,9,15,1,23,67,72,33,23,16,18,8,12,13,8,17,25,9,15,1,23,67,0.8,3.7,108.1,0.03,54.1,2,50,0.67,2.7,51.5,27.03,2.4,6.2,"2023-2024"
"ZAL","PAR","23_8","Regular Season","Zach  LeDay",29,21,5,7,71.4,1,1,100,8,8,100,1,4,5,1,1,2,0,0,0,8,32,"H","W",81,33,16,23,25,4,19,9,5,16,21,9,14,1,20,85,81,33,16,23,25,4,19,9,5,16,21,9,14,1,20,85,1.31,12,175,0.2,8.3,0.5,81.2,1,19.4,91.1,16.67,5.1,10,"2023-2024"
"ZAL","PAR","23_8","Regular Season","Kevin  Punter",26,8,3,4,75,0,1,0,2,2,100,0,5,5,2,1,5,0,0,3,2,8,"H","W",81,33,16,23,25,4,19,9,5,16,21,9,14,1,20,85,81,33,16,23,25,4,19,9,5,16,21,9,14,1,20,85,1.14,10.4,76.9,0.05,19.2,0.4,60,0.4,3.4,68,48.08,4.6,0,"2023-2024"
"ZAL","PAR","23_8","Regular Season","Alen  Smailagic",22,0,0,1,0,0,0,NA,0,0,NA,1,1,2,1,1,2,0,1,1,2,1,"H","W",81,33,16,23,25,4,19,9,5,16,21,9,14,1,20,85,81,33,16,23,25,4,19,9,5,16,21,9,14,1,20,85,0,1.9,0,0,52.6,0.5,0,0,-0.4,0,105.26,1.5,10,"2023-2024"
"ZAL","PAR","23_8","Regular Season","P.J.  Dozier",28,23,8,10,80,2,2,100,1,3,33.3,0,1,1,4,2,1,0,0,4,3,24,"H","W",81,33,16,23,25,4,19,9,5,16,21,9,14,1,20,85,81,33,16,23,25,4,19,9,5,16,21,9,14,1,20,85,1.53,13.7,167.9,0.17,29.2,4,91.7,0.25,20.3,86.3,7.3,5.6,0,"2023-2024"
"ZAL","PAR","23_8","Regular Season","Bruno  Caboclo",17,1,0,0,NA,0,0,NA,1,2,50,0,1,1,0,0,1,1,0,2,1,0,"H","W",81,33,16,23,25,4,19,9,5,16,21,9,14,1,20,85,81,33,16,23,25,4,19,9,5,16,21,9,14,1,20,85,0.5,1.8,55.6,-0.01,0,0,NA,Inf,-0.2,56.8,55.56,1.2,0,"2023-2024"
"ZAL","PAR","23_8","Regular Season","Aleksa  Avramovic",15,7,0,0,NA,1,5,20,4,4,100,0,0,0,0,1,0,0,0,2,2,4,"H","W",81,33,16,23,25,4,19,9,5,16,21,9,14,1,20,85,81,33,16,23,25,4,19,9,5,16,21,9,14,1,20,85,0.78,6.5,107.7,0.02,0,NA,30,0.8,4.1,51.8,0,4.9,0,"2023-2024"
"ZAL","PAR","23_8","Regular Season","James  Nunnally",31,7,3,5,60,0,4,0,1,2,50,1,2,3,1,3,1,0,0,2,4,8,"H","W",81,33,16,23,25,4,19,9,5,16,21,9,14,1,20,85,81,33,16,23,25,4,19,9,5,16,21,9,14,1,20,85,0.64,9.5,73.7,0.03,10.5,1,33.3,0.22,4.7,35.4,10.53,3.8,10,"2023-2024"
"ZAL","PAR","23_8","Regular Season","Uros  Trifunovic",17,2,1,1,100,0,2,0,0,0,NA,1,0,1,0,0,2,0,0,2,0,-3,"H","W",81,33,16,23,25,4,19,9,5,16,21,9,14,1,20,85,81,33,16,23,25,4,19,9,5,16,21,9,14,1,20,85,0.67,3.8,52.6,-0.03,0,0,33.3,0,-1.8,33.3,52.63,3.2,10,"2023-2024"
"ZAL","PAR","23_8","Regular Season","Frank  Kaminsky",15,12,5,5,100,0,1,0,2,2,100,1,2,3,0,0,0,0,0,4,1,11,"H","W",81,33,16,23,25,4,19,9,5,16,21,9,14,1,20,85,81,33,16,23,25,4,19,9,5,16,21,9,14,1,20,85,1.5,5.6,214.3,0.08,0,NA,83.3,0.33,9.5,87.2,0,5,10,"2023-2024"
"BAS","VAL","23_9","Regular Season","Justin  Anderson",22,8,1,1,100,2,3,66.7,0,0,NA,0,2,2,1,1,2,2,0,3,0,8,"A","W",77,40,23,9,21,9,8,17,5,25,30,7,13,4,21,76,77,40,23,9,21,9,8,17,5,25,30,7,13,4,21,76,2,5.8,137.9,0.06,17.2,0.5,100,0,6.9,100,34.48,2.7,0,"2023-2024"
"BAS","VAL","23_9","Regular Season","Chris  Jones",28,12,2,6,33.3,2,6,33.3,2,2,100,1,4,5,2,2,2,0,0,0,1,12,"A","W",77,40,23,9,21,9,8,17,5,25,30,7,13,4,21,76,77,40,23,9,21,9,8,17,5,25,30,7,13,4,21,76,0.86,13.3,90.2,0.08,15,1,41.7,0.17,8.5,46.6,15.04,5.3,10,"2023-2024"
"BAS","VAL","23_9","Regular Season","Damien  Inglis",22,8,4,8,50,0,0,NA,0,0,NA,2,5,7,1,1,0,0,0,1,0,12,"A","W",77,40,23,9,21,9,8,17,5,25,30,7,13,4,21,76,77,40,23,9,21,9,8,17,5,25,30,7,13,4,21,76,1,5.8,137.9,0.09,17.2,Inf,50,0,8.2,50,0,3.6,20,"2023-2024"
"BAS","VAL","23_9","Regular Season","Brandon  Davies",29,19,6,9,66.7,2,3,66.7,1,1,100,1,3,4,4,1,2,2,0,2,2,24,"A","W",77,40,23,9,21,9,8,17,5,25,30,7,13,4,21,76,77,40,23,9,21,9,8,17,5,25,30,7,13,4,21,76,1.46,12.9,147.3,0.16,31,2,75,0.08,17.8,76.4,15.5,5,10,"2023-2024"
"BAS","VAL","23_9","Regular Season","Kevin  Pangos",12,0,0,1,0,0,2,0,0,0,NA,0,1,1,2,1,1,0,0,2,1,-1,"A","W",77,40,23,9,21,9,8,17,5,25,30,7,13,4,21,76,77,40,23,9,21,9,8,17,5,25,30,7,13,4,21,76,0,3.8,0,-0.02,52.6,2,0,0,-1.2,0,26.32,3.3,0,"2023-2024"
"BAS","VAL","23_9","Regular Season","Jared  Harper",12,7,3,3,100,0,2,0,1,1,100,0,1,1,2,0,1,0,0,3,3,7,"A","W",77,40,23,9,21,9,8,17,5,25,30,7,13,4,21,76,77,40,23,9,21,9,8,17,5,25,30,7,13,4,21,76,1.17,6.2,112.9,0.03,32.3,2,60,0.2,4.2,64.3,16.13,5.4,0,"2023-2024"
"BAS","VAL","23_9","Regular Season","Jaime  Pradilla",11,2,1,1,100,0,0,NA,0,0,NA,1,1,2,0,0,2,0,0,3,0,-1,"A","W",77,40,23,9,21,9,8,17,5,25,30,7,13,4,21,76,77,40,23,9,21,9,8,17,5,25,30,7,13,4,21,76,2,1.9,105.3,-0.01,0,0,100,0,-0.5,100,105.26,2.7,10,"2023-2024"
"BAS","VAL","23_9","Regular Season","Xabi  Lopez-Arostegui",23,5,1,4,25,1,2,50,0,0,NA,0,3,3,0,0,1,0,1,3,1,0,"A","W",77,40,23,9,21,9,8,17,5,25,30,7,13,4,21,76,77,40,23,9,21,9,8,17,5,25,30,7,13,4,21,76,0.83,6.7,74.6,0,0,0,41.7,0,0.3,41.7,14.93,3,0,"2023-2024"
"BAS","VAL","23_9","Regular Season","Stefan  Jovic",17,5,1,2,50,1,2,50,0,0,NA,0,2,2,2,1,1,0,1,1,0,5,"A","W",77,40,23,9,21,9,8,17,5,25,30,7,13,4,21,76,77,40,23,9,21,9,8,17,5,25,30,7,13,4,21,76,1.25,4.8,104.2,0.05,41.7,2,62.5,0,4.6,62.5,20.83,2.9,0,"2023-2024"
"BAS","VAL","23_9","Regular Season","Kassius  Robertson",5,0,0,1,0,0,1,0,0,0,NA,0,0,0,2,0,0,0,1,1,0,-2,"A","W",77,40,23,9,21,9,8,17,5,25,30,7,13,4,21,76,77,40,23,9,21,9,8,17,5,25,30,7,13,4,21,76,0,1.9,0,-0.01,105.3,Inf,0,0,-0.4,0,0,4,0,"2023-2024"
"BAS","VAL","23_9","Regular Season","Semi  Ojeleye",19,11,2,4,50,1,2,50,4,5,80,0,3,3,1,0,1,0,0,2,4,12,"A","W",77,40,23,9,21,9,8,17,5,25,30,7,13,4,21,76,77,40,23,9,21,9,8,17,5,25,30,7,13,4,21,76,1,8.8,125,0.06,11.4,1,58.3,0.83,7.4,67.1,11.36,4.8,0,"2023-2024"
"VAL","BAS","23_9","Regular Season","Markus  Howard",18,7,2,5,40,1,9,11.1,0,0,NA,0,2,2,3,0,1,0,1,3,1,-3,"H","L",62,30,31,18,15,5,17,14,6,22,28,5,13,3,13,61,62,30,31,18,15,5,17,14,6,22,28,5,13,3,13,61,0.5,14.4,48.6,-0.04,20.8,3,25,0,-1.1,25,6.94,8.1,0,"2023-2024"
"VAL","BAS","23_9","Regular Season","Tadas  Sedekerskis",32,5,1,2,50,1,6,16.7,0,0,NA,2,4,6,2,0,1,1,1,2,2,6,"H","L",62,30,31,18,15,5,17,14,6,22,28,5,13,3,13,61,62,30,31,18,15,5,17,14,6,22,28,5,13,3,13,61,0.62,6.7,74.6,0.04,29.9,2,31.2,0,3.1,31.2,14.93,2.7,16.7,"2023-2024"
"VAL","BAS","23_9","Regular Season","Vanja  Marinkovic",26,10,4,6,66.7,0,5,0,2,2,100,2,3,5,0,0,3,0,0,0,3,8,"H","L",62,30,31,18,15,5,17,14,6,22,28,5,13,3,13,61,62,30,31,18,15,5,17,14,6,22,28,5,13,3,13,61,0.77,12.4,80.6,0.05,0,0,36.4,0.18,3.2,42.1,24.19,5.6,16.7,"2023-2024"
"VAL","BAS","23_9","Regular Season","Codi  Miller-McIntyre",25,2,0,2,0,0,0,NA,2,2,100,0,5,5,4,1,2,1,1,1,3,10,"H","L",62,30,31,18,15,5,17,14,6,22,28,5,13,3,13,61,62,30,31,18,15,5,17,14,6,22,28,5,13,3,13,61,0.5,4.7,42.6,0.09,85.1,2,0,1,4.2,34.7,42.55,1.9,0,"2023-2024"
"VAL","BAS","23_9","Regular Season","Maik  Kotsar",16,4,1,3,33.3,0,0,NA,2,2,100,0,1,1,2,1,2,0,1,1,2,4,"H","L",62,30,31,18,15,5,17,14,6,22,28,5,13,3,13,61,62,30,31,18,15,5,17,14,6,22,28,5,13,3,13,61,0.8,5.6,71.4,0.04,35.7,1,33.3,0.67,2.6,51.5,35.71,3.6,0,"2023-2024"
"VAL","BAS","23_9","Regular Season","Sander  Raieste",8,2,1,1,100,0,0,NA,0,0,NA,0,1,1,0,0,0,0,0,0,0,3,"H","L",62,30,31,18,15,5,17,14,6,22,28,5,13,3,13,61,62,30,31,18,15,5,17,14,6,22,28,5,13,3,13,61,2,1,200,0.04,0,NA,100,0,2,100,0,1.2,0,"2023-2024"
"VAL","BAS","23_9","Regular Season","Daniel  Diez",5,0,0,0,NA,0,1,0,0,0,NA,1,0,1,0,0,0,0,0,0,0,0,"H","L",62,30,31,18,15,5,17,14,6,22,28,5,13,3,13,61,62,30,31,18,15,5,17,14,6,22,28,5,13,3,13,61,0,0,NA,-0.01,NA,NA,0,0,0,0,NA,2,8.3,"2023-2024"
"VAL","BAS","23_9","Regular Season","Nikos  Rogkavopoulos",3,0,0,1,0,0,0,NA,0,0,NA,0,0,0,0,0,0,0,0,0,1,0,"H","L",62,30,31,18,15,5,17,14,6,22,28,5,13,3,13,61,62,30,31,18,15,5,17,14,6,22,28,5,13,3,13,61,0,1,0,-0.01,0,NA,0,0,-0.7,0,0,3.3,0,"2023-2024"
"VAL","BAS","23_9","Regular Season","Matthew  Costello",20,7,1,1,100,1,4,25,2,2,100,0,0,0,1,1,1,1,0,3,2,5,"H","L",62,30,31,18,15,5,17,14,6,22,28,5,13,3,13,61,62,30,31,18,15,5,17,14,6,22,28,5,13,3,13,61,1,6.6,106.1,0.03,15.2,1,50,0.4,4.5,59.5,15.15,3.4,0,"2023-2024"
"VAL","BAS","23_9","Regular Season","Jordan  Theodore",18,9,2,3,66.7,1,2,50,2,2,100,1,1,2,2,1,0,0,0,3,1,10,"H","L",62,30,31,18,15,5,17,14,6,22,28,5,13,3,13,61,62,30,31,18,15,5,17,14,6,22,28,5,13,3,13,61,1.29,4.7,191.5,0.11,42.6,Inf,70,0.4,8.9,76.5,0,3.2,8.3,"2023-2024"
"VAL","BAS","23_9","Regular Season","Chima  Moneke",28,16,3,6,50,1,4,25,7,8,87.5,0,5,5,0,1,3,0,0,0,6,18,"H","L",62,30,31,18,15,5,17,14,6,22,28,5,13,3,13,61,62,30,31,18,15,5,17,14,6,22,28,5,13,3,13,61,0.89,15.9,100.6,0.15,0,0,45,0.8,9.7,59.2,18.87,5.8,0,"2023-2024"
"BAS","BAY","24_1","Regular Season","Carsen  Edwards",22,7,0,1,0,1,3,33.3,4,4,100,0,0,0,6,0,3,0,0,0,3,10,"H","W",112,37,27,25,26,13,21,23,9,22,31,4,12,3,21,135,112,37,27,25,26,13,21,23,9,22,31,4,12,3,21,135,0.88,8.4,83.3,0.03,71.4,2,37.5,1,5.8,60.8,35.71,3.7,0,"2023-2024"
"BAS","BAY","24_1","Regular Season","Niels  Giffey",22,9,2,2,100,1,2,50,2,2,100,2,3,5,0,1,1,0,0,3,3,13,"H","W",112,37,27,25,26,13,21,23,9,22,31,4,12,3,21,135,112,37,27,25,26,13,21,23,9,22,31,4,12,3,21,135,1.5,3.7,243.2,0.04,0,0,87.5,0.5,8.5,92.2,27.03,2.5,11.1,"2023-2024"
"BAS","BAY","24_1","Regular Season","Leandro  Bolmaro",19,12,2,3,66.7,2,2,100,2,2,100,0,2,2,3,0,0,0,0,2,2,16,"H","W",112,37,27,25,26,13,21,23,9,22,31,4,12,3,21,135,112,37,27,25,26,13,21,23,9,22,31,4,12,3,21,135,1.71,5.6,214.3,0.07,53.6,Inf,100,0.4,12,102,0,2.8,0,"2023-2024"
"BAS","BAY","24_1","Regular Season","Vladimir  Lucic",34,17,3,5,60,2,2,100,5,5,100,1,2,3,3,1,2,0,0,3,4,21,"H","W",112,37,27,25,26,13,21,23,9,22,31,4,12,3,21,135,112,37,27,25,26,13,21,23,9,22,31,4,12,3,21,135,1.42,9.8,173.5,0.08,30.6,1.5,85.7,0.71,15.3,92.4,20.41,3,5.6,"2023-2024"
"BAS","BAY","24_1","Regular Season","Serge  Ibaka",32,21,7,10,70,1,2,50,4,5,80,2,5,7,1,1,3,2,0,3,4,25,"H","W",112,37,27,25,26,13,21,23,9,22,31,4,12,3,21,135,112,37,27,25,26,13,21,23,9,22,31,4,12,3,21,135,1.24,14.6,143.8,0.09,6.8,0.3,70.8,0.42,17.2,73.9,20.55,4.9,11.1,"2023-2024"
"BAS","BAY","24_1","Regular Season","Nick  Weiler-Babb",24,7,2,2,100,1,2,50,0,0,NA,0,2,2,3,0,1,1,0,4,0,7,"H","W",112,37,27,25,26,13,21,23,9,22,31,4,12,3,21,135,112,37,27,25,26,13,21,23,9,22,31,4,12,3,21,135,1.75,4.8,145.8,0.03,62.5,3,87.5,0,6.2,87.5,20.83,1.9,0,"2023-2024"
"BAS","BAY","24_1","Regular Season","Sylvain  Francisco",25,13,5,7,71.4,1,6,16.7,0,0,NA,0,2,2,6,0,0,0,0,2,1,13,"H","W",112,37,27,25,26,13,21,23,9,22,31,4,12,3,21,135,112,37,27,25,26,13,21,23,9,22,31,4,12,3,21,135,1,12.5,104,0.06,48,Inf,50,0,10.3,50,0,4.8,0,"2023-2024"
"BAS","BAY","24_1","Regular Season","Dino  Radoncic",12,5,1,2,50,1,1,100,0,0,NA,2,4,6,1,0,0,0,0,2,0,9,"H","W",112,37,27,25,26,13,21,23,9,22,31,4,12,3,21,135,112,37,27,25,26,13,21,23,9,22,31,4,12,3,21,135,1.67,1,500,0.04,100,Inf,83.3,0,6.2,83.3,0,2.3,11.1,"2023-2024"
"BAS","BAY","24_1","Regular Season","Andreas  Obst",23,8,0,0,NA,2,6,33.3,2,4,50,0,1,1,0,1,1,0,0,1,4,6,"H","W",112,37,27,25,26,13,21,23,9,22,31,4,12,3,21,135,112,37,27,25,26,13,21,23,9,22,31,4,12,3,21,135,0.8,8.4,95.2,0.01,0,0,50,0.67,3.7,51.5,11.9,3.5,0,"2023-2024"
"BAS","BAY","24_1","Regular Season","Elias  Harris",12,13,4,5,80,1,1,100,2,3,66.7,2,1,3,0,0,1,0,0,1,3,15,"H","W",112,37,27,25,26,13,21,23,9,22,31,4,12,3,21,135,112,37,27,25,26,13,21,23,9,22,31,4,12,3,21,135,1.44,6.1,213.1,0.05,0,0,91.7,0.5,10.7,88.8,16.39,6.4,11.1,"2023-2024"
"BAY","BAS","24_1","Regular Season","Vanja  Marinkovic",27,16,2,2,100,4,8,50,0,0,NA,0,0,0,3,0,0,0,0,1,3,17,"A","L",109,40,35,17,22,17,14,22,8,16,24,6,8,0,24,108,109,40,35,17,22,17,14,22,8,16,24,6,8,0,24,108,1.6,9.6,166.7,0.08,31.2,Inf,80,0,13.1,80,0,3.3,0,"2023-2024"
"BAY","BAS","24_1","Regular Season","Daniel  Diez",33,1,0,0,NA,0,2,0,1,2,50,1,5,6,1,1,0,0,0,3,3,6,"A","L",109,40,35,17,22,17,14,22,8,16,24,6,8,0,24,108,109,40,35,17,22,17,14,22,8,16,24,6,8,0,24,108,0.25,1.8,55.6,0.01,55.6,Inf,0,1,1.9,17.4,0,0.8,6.2,"2023-2024"
"BAY","BAS","24_1","Regular Season","Maik  Kotsar",19,4,2,5,40,0,0,NA,0,0,NA,2,2,4,1,2,1,0,0,2,0,5,"A","L",109,40,35,17,22,17,14,22,8,16,24,6,8,0,24,108,109,40,35,17,22,17,14,22,8,16,24,6,8,0,24,108,0.8,3.8,105.3,0.02,26.3,1,40,0,4.2,40,26.32,2.8,12.5,"2023-2024"
"BAY","BAS","24_1","Regular Season","Jordan  Theodore",20,10,4,6,66.7,0,1,0,2,2,100,0,0,0,1,0,2,0,1,1,1,5,"A","L",109,40,35,17,22,17,14,22,8,16,24,6,8,0,24,108,109,40,35,17,22,17,14,22,8,16,24,6,8,0,24,108,1.11,9.5,105.3,0.03,10.5,0.5,57.1,0.29,5,63.5,21.05,4.4,0,"2023-2024"
"BAY","BAS","24_1","Regular Season","Chima  Moneke",19,13,5,5,100,0,1,0,3,3,100,1,2,3,0,1,2,0,0,5,2,11,"A","L",109,40,35,17,22,17,14,22,8,16,24,6,8,0,24,108,109,40,35,17,22,17,14,22,8,16,24,6,8,0,24,108,1.44,8,162.5,0.05,0,0,83.3,0.5,9.1,88.8,25,4.3,6.2,"2023-2024"
"BAY","BAS","24_1","Regular Season","Markus  Howard",28,27,2,8,25,7,12,58.3,2,3,66.7,0,0,0,0,0,1,0,1,5,4,12,"A","L",109,40,35,17,22,17,14,22,8,16,24,6,8,0,24,108,109,40,35,17,22,17,14,22,8,16,24,6,8,0,24,108,1.17,21.4,126.2,0.05,0,0,62.5,0.15,13.2,63.3,4.67,7,0,"2023-2024"
"BAY","BAS","24_1","Regular Season","Sander  Raieste",6,0,0,0,NA,0,0,NA,0,0,NA,0,0,0,0,0,0,0,0,4,0,-4,"A","L",109,40,35,17,22,17,14,22,8,16,24,6,8,0,24,108,109,40,35,17,22,17,14,22,8,16,24,6,8,0,24,108,NA,0,NA,-0.02,NA,NA,NA,NA,-1.6,NA,NA,0,0,"2023-2024"
"BAY","BAS","24_1","Regular Season","Codi  Miller-McIntyre",40,20,2,7,28.6,4,4,100,4,5,80,2,3,5,15,1,1,0,1,0,6,39,"A","L",109,40,35,17,22,17,14,22,8,16,24,6,8,0,24,108,109,40,35,17,22,17,14,22,8,16,24,6,8,0,24,108,1.25,11.7,170.9,0.19,128.2,15,72.7,0.45,27.1,75.8,8.55,3.1,12.5,"2023-2024"
"BAY","BAS","24_1","Regular Season","Nikos  Rogkavopoulos",4,0,0,0,NA,0,1,0,0,0,NA,1,0,1,0,0,0,0,0,0,0,0,"A","L",109,40,35,17,22,17,14,22,8,16,24,6,8,0,24,108,109,40,35,17,22,17,14,22,8,16,24,6,8,0,24,108,0,0,NA,0,NA,NA,0,0,0,0,NA,2.2,6.2,"2023-2024"
"BAY","BAS","24_1","Regular Season","Matthew  Costello",29,18,5,7,71.4,2,6,33.3,2,2,100,1,4,5,1,1,1,0,0,3,2,17,"A","L",109,40,35,17,22,17,14,22,8,16,24,6,8,0,24,108,109,40,35,17,22,17,14,22,8,16,24,6,8,0,24,108,1.2,13.3,135.3,0.08,7.5,1,61.5,0.15,13.1,64.8,7.52,4.5,6.2,"2023-2024"
"BER","OLY","24_2","Regular Season","Thomas  Walkup",13,0,0,3,0,0,0,NA,0,0,NA,1,4,5,2,0,2,0,1,2,0,-1,"H","W",101,44,31,5,27,14,5,21,13,20,33,13,14,6,18,115,101,44,31,5,27,14,5,21,13,20,33,13,14,6,18,115,0,3.8,0,0,52.6,1,0,0,-1.6,0,52.63,3.4,3.8,"2023-2024"
"BER","OLY","24_2","Regular Season","Moses  Wright",24,15,7,9,77.8,0,0,NA,1,1,100,2,3,5,2,2,1,4,0,3,1,23,"H","W",101,44,31,5,27,14,5,21,13,20,33,13,14,6,18,115,101,44,31,5,27,14,5,21,13,20,33,13,14,6,18,115,1.5,8.1,185.2,0.1,24.7,2,77.8,0.11,17.8,79.4,12.35,3.8,7.7,"2023-2024"
"BER","OLY","24_2","Regular Season","Isaiah  Canaan",30,31,2,2,100,9,14,64.3,0,0,NA,2,1,3,2,2,1,0,0,2,0,30,"H","W",101,44,31,5,27,14,5,21,13,20,33,13,14,6,18,115,101,44,31,5,27,14,5,21,13,20,33,13,14,6,18,115,1.94,14.4,215.3,0.15,13.9,2,96.9,0,27.5,96.9,6.94,5,7.7,"2023-2024"
"BER","OLY","24_2","Regular Season","Ignas  Brazdeikis",21,11,5,8,62.5,0,1,0,1,1,100,2,3,5,0,1,1,0,0,1,2,13,"H","W",101,44,31,5,27,14,5,21,13,20,33,13,14,6,18,115,101,44,31,5,27,14,5,21,13,20,33,13,14,6,18,115,1.1,8.1,135.8,0.05,0,0,55.6,0.11,8.6,58.3,12.35,4.4,7.7,"2023-2024"
"BER","OLY","24_2","Regular Season","Alec  Peters",18,11,2,5,40,2,3,66.7,1,1,100,0,2,2,0,0,0,0,1,4,1,5,"H","W",101,44,31,5,27,14,5,21,13,20,33,13,14,6,18,115,101,44,31,5,27,14,5,21,13,20,33,13,14,6,18,115,1.22,8.1,135.8,0.03,0,NA,62.5,0.12,6,65.2,0,4.1,0,"2023-2024"
"BER","OLY","24_2","Regular Season","Nigel  Williams-Goss",23,14,7,8,87.5,0,2,0,0,0,NA,0,4,4,2,4,3,0,0,2,2,18,"H","W",101,44,31,5,27,14,5,21,13,20,33,13,14,6,18,115,101,44,31,5,27,14,5,21,13,20,33,13,14,6,18,115,1.4,12.5,112,0.08,16,0.7,70,0,12.6,70,24,5,0,"2023-2024"
"BER","OLY","24_2","Regular Season","Giannoulis  Larentzakis",14,9,1,3,33.3,2,4,50,1,1,100,0,0,0,2,1,2,0,0,0,1,7,"H","W",101,44,31,5,27,14,5,21,13,20,33,13,14,6,18,115,101,44,31,5,27,14,5,21,13,20,33,13,14,6,18,115,1.12,9.1,98.9,0.03,22,1,57.1,0.14,5.7,60.5,21.98,5.9,0,"2023-2024"
"BER","OLY","24_2","Regular Season","Naz  Mitrou-Long",8,0,0,0,NA,0,3,0,0,0,NA,0,0,0,1,2,0,0,0,2,0,-2,"H","W",101,44,31,5,27,14,5,21,13,20,33,13,14,6,18,115,101,44,31,5,27,14,5,21,13,20,33,13,14,6,18,115,0,2.9,0,-0.01,34.5,Inf,0,0,-0.2,0,0,3.3,0,"2023-2024"
"BER","OLY","24_2","Regular Season","Kostas  Papanikolaou",25,5,1,2,50,1,4,25,0,0,NA,2,0,2,7,1,3,1,0,1,1,9,"H","W",101,44,31,5,27,14,5,21,13,20,33,13,14,6,18,115,101,44,31,5,27,14,5,21,13,20,33,13,14,6,18,115,0.83,6.7,74.6,0.03,104.5,2.3,41.7,0,6.2,41.7,44.78,3.2,7.7,"2023-2024"
"BER","OLY","24_2","Regular Season","Luke  Sikma",16,5,2,4,50,0,0,NA,1,1,100,3,3,6,2,0,0,1,0,1,1,12,"H","W",101,44,31,5,27,14,5,21,13,20,33,13,14,6,18,115,101,44,31,5,27,14,5,21,13,20,33,13,14,6,18,115,1,1.4,357.1,0.05,142.9,Inf,50,0.25,7.7,56.3,0,2.4,11.5,"2023-2024"
"BER","OLY","24_2","Regular Season","Shaquielle  McKissic",7,0,0,0,NA,0,0,NA,0,0,NA,1,0,1,1,0,1,0,0,0,0,1,"H","W",101,44,31,5,27,14,5,21,13,20,33,13,14,6,18,115,101,44,31,5,27,14,5,21,13,20,33,13,14,6,18,115,NA,0,NA,0,Inf,1,NA,NA,0.4,NA,Inf,1.3,3.8,"2023-2024"
"OLY","BER","24_2","Regular Season","Sterling  Brown",16,10,2,6,33.3,1,2,50,3,3,100,0,0,0,0,0,2,0,1,1,1,2,"A","L",87,34,25,19,17,12,17,17,7,18,25,6,16,2,10,91,87,34,25,19,17,12,17,17,7,18,25,6,16,2,10,91,0.91,10.9,91.7,0.01,0,0,43.8,0.38,3.2,53.6,18.35,6.8,0,"2023-2024"
"OLY","BER","24_2","Regular Season","Matteo  Spagnolo",25,8,1,5,20,0,0,NA,6,6,100,1,3,4,6,0,4,0,3,1,6,12,"A","L",87,34,25,19,17,12,17,17,7,18,25,6,16,2,10,91,87,34,25,19,17,12,17,17,7,18,25,6,16,2,10,91,0.73,10.2,78.4,0.06,58.8,1.5,20,1.2,6.3,52.4,39.22,4.5,7.1,"2023-2024"
"OLY","BER","24_2","Regular Season","Yannick  Wetzell",19,8,3,4,75,0,0,NA,2,4,50,1,4,5,0,2,0,0,0,0,2,14,"A","L",87,34,25,19,17,12,17,17,7,18,25,6,16,2,10,91,87,34,25,19,17,12,17,17,7,18,25,6,16,2,10,91,1,4.6,173.9,0.08,0,NA,75,1,9.5,69.4,0,2.9,7.1,"2023-2024"
"OLY","BER","24_2","Regular Season","Matt  Thomas",13,6,1,1,100,1,3,33.3,1,1,100,0,1,1,3,0,0,0,0,1,1,8,"A","L",87,34,25,19,17,12,17,17,7,18,25,6,16,2,10,91,87,34,25,19,17,12,17,17,7,18,25,6,16,2,10,91,1.2,4.3,139.5,0.05,69.8,Inf,62.5,0.25,6,67.6,0,3.3,0,"2023-2024"
"OLY","BER","24_2","Regular Season","Justin  Bean",21,8,1,1,100,2,4,50,0,0,NA,1,3,4,0,1,1,1,0,2,2,11,"A","L",87,34,25,19,17,12,17,17,7,18,25,6,16,2,10,91,87,34,25,19,17,12,17,17,7,18,25,6,16,2,10,91,1.6,4.8,166.7,0.05,0,0,80,0,7.2,80,20.83,2.7,7.1,"2023-2024"
"OLY","BER","24_2","Regular Season","Martin  Hermannsson",15,8,1,3,33.3,2,3,66.7,0,0,NA,1,0,1,1,1,4,0,0,0,2,6,"A","L",87,34,25,19,17,12,17,17,7,18,25,6,16,2,10,91,87,34,25,19,17,12,17,17,7,18,25,6,16,2,10,91,1.33,8.6,93,0.02,11.6,0.2,66.7,0,3.4,66.7,46.51,6.4,7.1,"2023-2024"
"OLY","BER","24_2","Regular Season","Gabriele  Procida",24,9,1,3,33.3,1,5,20,4,4,100,0,0,0,2,1,1,0,1,0,3,7,"A","L",87,34,25,19,17,12,17,17,7,18,25,6,16,2,10,91,87,34,25,19,17,12,17,17,7,18,25,6,16,2,10,91,0.75,10.3,87.4,0.03,19.4,2,31.2,0.5,5.6,46.1,9.71,4.3,0,"2023-2024"
"OLY","BER","24_2","Regular Season","Malte  Delow",15,0,0,0,NA,0,1,0,0,0,NA,0,1,1,2,0,2,0,0,2,0,-2,"A","L",87,34,25,19,17,12,17,17,7,18,25,6,16,2,10,91,87,34,25,19,17,12,17,17,7,18,25,6,16,2,10,91,0,2.9,0,-0.01,69,1,0,0,-1.8,0,68.97,1.9,0,"2023-2024"
"OLY","BER","24_2","Regular Season","Jonas  Mattisseck",12,12,0,0,NA,4,4,100,0,0,NA,0,0,0,2,0,0,0,0,1,0,13,"A","L",87,34,25,19,17,12,17,17,7,18,25,6,16,2,10,91,87,34,25,19,17,12,17,17,7,18,25,6,16,2,10,91,3,3.8,315.8,0.09,52.6,Inf,150,0,11.8,150,0,3.2,0,"2023-2024"
"OLY","BER","24_2","Regular Season","Tim  Schneider",19,12,4,6,66.7,1,3,33.3,1,1,100,2,3,5,1,0,1,0,1,2,1,11,"A","L",87,34,25,19,17,12,17,17,7,18,25,6,16,2,10,91,87,34,25,19,17,12,17,17,7,18,25,6,16,2,10,91,1.2,8.1,148.1,0.07,12.3,1,61.1,0.11,8.9,63.6,12.35,5.3,14.3,"2023-2024"
"OLY","BER","24_2","Regular Season","Kresimir  Nikic",4,0,0,0,NA,0,0,NA,0,0,NA,0,0,0,0,0,0,0,0,0,0,0,"A","L",87,34,25,19,17,12,17,17,7,18,25,6,16,2,10,91,87,34,25,19,17,12,17,17,7,18,25,6,16,2,10,91,NA,0,NA,0,NA,NA,NA,NA,0,NA,NA,0,0,"2023-2024"
"OLY","BER","24_2","Regular Season","Christ  Koumadje",16,6,3,5,60,0,0,NA,0,0,NA,1,3,4,0,1,1,1,0,0,0,9,"A","L",87,34,25,19,17,12,17,17,7,18,25,6,16,2,10,91,87,34,25,19,17,12,17,17,7,18,25,6,16,2,10,91,1.2,4.8,125,0.05,0,0,60,0,6,60,20.83,3.6,7.1,"2023-2024"
"MAC","RMB","24_3","Regular Season","Alberto   Abalde",8,0,0,0,NA,0,0,NA,0,0,NA,0,0,0,1,0,1,0,0,1,0,-1,"H","W",106,34,22,36,25,9,29,26,5,23,28,9,13,4,16,137,106,34,22,36,25,9,29,26,5,23,28,9,13,4,16,137,NA,1,0,0,100,1,NA,NA,-0.7,NA,100,1.2,0,"2023-2024"
"MAC","RMB","24_3","Regular Season","Facundo  Campazzo",25,12,4,6,66.7,0,2,0,4,5,80,1,4,5,5,0,5,0,0,0,4,16,"H","W",106,34,22,36,25,9,29,26,5,23,28,9,13,4,16,137,106,34,22,36,25,9,29,26,5,23,28,9,13,4,16,137,0.92,13.6,88.2,0.05,36.8,1,50,0.62,8,58.8,36.76,5.7,10,"2023-2024"
"MAC","RMB","24_3","Regular Season","Mario  Hezonja",26,16,2,4,50,3,4,75,3,4,75,0,2,2,5,1,1,1,0,3,2,19,"H","W",106,34,22,36,25,9,29,26,5,23,28,9,13,4,16,137,106,34,22,36,25,9,29,26,5,23,28,9,13,4,16,137,1.33,10.3,155.3,0.07,48.5,5,81.2,0.5,15.6,82,9.71,3.9,0,"2023-2024"
"MAC","RMB","24_3","Regular Season","Gabriel  Deck",22,9,2,3,66.7,1,4,25,2,2,100,0,2,2,1,3,0,0,0,1,1,11,"H","W",106,34,22,36,25,9,29,26,5,23,28,9,13,4,16,137,106,34,22,36,25,9,29,26,5,23,28,9,13,4,16,137,1,7.6,118.4,0.05,13.2,Inf,50,0.29,9.2,57.1,0,3.4,0,"2023-2024"
"MAC","RMB","24_3","Regular Season","Vincent  Poirier",26,16,6,7,85.7,0,0,NA,4,4,100,3,7,10,1,1,0,3,0,3,2,29,"H","W",106,34,22,36,25,9,29,26,5,23,28,9,13,4,16,137,106,34,22,36,25,9,29,26,5,23,28,9,13,4,16,137,1.45,5.5,290.9,0.11,18.2,Inf,85.7,0.57,20.3,91.3,0,3.2,30,"2023-2024"
"MAC","RMB","24_3","Regular Season","Fabien  Causeur",8,9,2,3,66.7,1,1,100,2,2,100,0,0,0,0,0,1,0,1,3,2,5,"H","W",106,34,22,36,25,9,29,26,5,23,28,9,13,4,16,137,106,34,22,36,25,9,29,26,5,23,28,9,13,4,16,137,1.5,5.6,160.7,0.02,0,0,87.5,0.5,5.2,92.2,17.86,6.9,0,"2023-2024"
"MAC","RMB","24_3","Regular Season","Rudy  Fernandez",18,4,0,0,NA,1,2,50,1,2,50,0,0,0,3,1,0,0,0,2,0,4,"H","W",106,34,22,36,25,9,29,26,5,23,28,9,13,4,16,137,106,34,22,36,25,9,29,26,5,23,28,9,13,4,16,137,1,2.8,142.9,0.02,107.1,Inf,75,1,4.9,69.4,0,1.5,0,"2023-2024"
"MAC","RMB","24_3","Regular Season","Carlos  Alocen",0,0,0,0,NA,0,0,NA,0,0,NA,0,0,0,0,0,0,0,0,0,0,0,"H","W",106,34,22,36,25,9,29,26,5,23,28,9,13,4,16,137,106,34,22,36,25,9,29,26,5,23,28,9,13,4,16,137,NA,0,NA,0,NA,NA,NA,NA,0,NA,NA,NA,0,"2023-2024"
"MAC","RMB","24_3","Regular Season","Sergio  Rodriguez",16,11,1,2,50,3,5,60,0,0,NA,0,1,1,4,0,3,0,0,1,0,9,"H","W",106,34,22,36,25,9,29,26,5,23,28,9,13,4,16,137,106,34,22,36,25,9,29,26,5,23,28,9,13,4,16,137,1.57,9.6,114.6,0.04,41.7,1.3,78.6,0,7.4,78.6,31.25,5.9,0,"2023-2024"
"MAC","RMB","24_3","Regular Season","Guerschon  Yabusele",17,9,4,4,100,0,2,0,1,3,33.3,0,6,6,3,3,2,0,0,0,4,19,"H","W",106,34,22,36,25,9,29,26,5,23,28,9,13,4,16,137,106,34,22,36,25,9,29,26,5,23,28,9,13,4,16,137,1,8.9,101.1,0.07,33.7,1.5,66.7,0.5,10.5,61.5,22.47,5.2,0,"2023-2024"
"MAC","RMB","24_3","Regular Season","Eli  Ndiaye",7,1,0,1,0,0,0,NA,1,2,50,1,0,1,0,0,0,0,0,1,2,1,"H","W",106,34,22,36,25,9,29,26,5,23,28,9,13,4,16,137,106,34,22,36,25,9,29,26,5,23,28,9,13,4,16,137,0.33,0.8,125,-0.01,0,NA,0,2,0.2,26.6,0,2.5,10,"2023-2024"
"MAC","RMB","24_3","Regular Season","Dzanan  Musa",26,19,4,4,100,0,2,0,11,12,91.7,0,1,1,3,0,0,0,0,1,6,25,"H","W",106,34,22,36,25,9,29,26,5,23,28,9,13,4,16,137,106,34,22,36,25,9,29,26,5,23,28,9,13,4,16,137,1.06,10.8,175.9,0.09,27.8,Inf,66.7,2,18,84.2,0,4.1,0,"2023-2024"
"RMB","MAC","24_3","Regular Season","Lorenzo  Brown",31,6,1,10,10,1,5,20,1,1,100,1,5,6,9,0,4,0,1,3,2,2,"A","L",101,51,26,21,22,12,21,20,14,16,30,6,11,1,25,90,101,51,26,21,22,12,21,20,14,16,30,6,11,1,25,90,0.38,17.7,33.9,0,50.8,2.2,16.7,0.07,-0.4,19.4,22.6,5.2,3.6,"2023-2024"
"RMB","MAC","24_3","Regular Season","Wade  Baldwin IV",29,28,7,16,43.8,2,3,66.7,8,8,100,0,2,2,6,1,2,0,1,4,5,25,"A","L",101,51,26,21,22,12,21,20,14,16,30,6,11,1,25,90,101,51,26,21,22,12,21,20,14,16,30,6,11,1,25,90,1.04,23.5,119.1,0.15,25.5,3,52.6,0.42,20.5,62.2,8.51,7,0,"2023-2024"
"RMB","MAC","24_3","Regular Season","Jake  Cohen",6,0,0,1,0,0,1,0,0,0,NA,0,2,2,0,0,0,0,0,1,0,-1,"A","L",101,51,26,21,22,12,21,20,14,16,30,6,11,1,25,90,101,51,26,21,22,12,21,20,14,16,30,6,11,1,25,90,0,1.9,0,-0.01,0,NA,0,0,-1.2,0,0,2.7,0,"2023-2024"
"RMB","MAC","24_3","Regular Season","Josh  Nebo",23,8,3,6,50,0,0,NA,2,2,100,3,3,6,0,1,0,1,1,3,1,10,"A","L",101,51,26,21,22,12,21,20,14,16,30,6,11,1,25,90,101,51,26,21,22,12,21,20,14,16,30,6,11,1,25,90,1,3.7,216.2,0.06,0,NA,50,0.33,8.5,58.1,0,2.5,10.7,"2023-2024"
"RMB","MAC","24_3","Regular Season","Bonzie  Colson",33,25,5,8,62.5,3,6,50,6,6,100,3,3,6,0,3,1,0,0,3,4,28,"A","L",101,51,26,21,22,12,21,20,14,16,30,6,11,1,25,90,101,51,26,21,22,12,21,20,14,16,30,6,11,1,25,90,1.25,14.1,177.3,0.16,0,0,67.9,0.43,22.2,75.1,7.09,4.4,10.7,"2023-2024"
"RMB","MAC","24_3","Regular Season","Antonius  Cleveland",0,0,0,0,NA,0,0,NA,0,0,NA,0,0,0,0,0,0,0,0,0,0,0,"A","L",101,51,26,21,22,12,21,20,14,16,30,6,11,1,25,90,101,51,26,21,22,12,21,20,14,16,30,6,11,1,25,90,NA,0,NA,0,NA,NA,NA,NA,0,NA,NA,NA,0,"2023-2024"
"RMB","MAC","24_3","Regular Season","James  Webb III",25,18,2,2,100,4,6,66.7,2,2,100,2,1,3,0,0,1,0,0,3,1,16,"A","L",101,51,26,21,22,12,21,20,14,16,30,6,11,1,25,90,101,51,26,21,22,12,21,20,14,16,30,6,11,1,25,90,1.8,7.6,236.8,0.1,0,0,100,0.25,14.3,101.4,13.16,3.3,7.1,"2023-2024"
"RMB","MAC","24_3","Regular Season","Roman  Sorkin",20,10,1,4,25,2,2,100,2,2,100,3,0,3,2,0,0,0,0,3,2,11,"A","L",101,51,26,21,22,12,21,20,14,16,30,6,11,1,25,90,101,51,26,21,22,12,21,20,14,16,30,6,11,1,25,90,1.25,3.7,270.3,0.05,54.1,Inf,66.7,0.33,9.3,72.7,0,2.8,10.7,"2023-2024"
"RMB","MAC","24_3","Regular Season","John  Dibartolomeo",7,0,0,0,NA,0,1,0,0,0,NA,1,0,1,1,0,0,0,0,0,0,1,"A","L",101,51,26,21,22,12,21,20,14,16,30,6,11,1,25,90,101,51,26,21,22,12,21,20,14,16,30,6,11,1,25,90,0,0,NA,0,Inf,Inf,0,0,0.7,0,NA,1.2,3.6,"2023-2024"
"RMB","MAC","24_3","Regular Season","Jasiel  Rivero",8,6,3,4,75,0,0,NA,0,0,NA,1,0,1,0,0,2,0,1,3,0,0,"A","L",101,51,26,21,22,12,21,20,14,16,30,6,11,1,25,90,101,51,26,21,22,12,21,20,14,16,30,6,11,1,25,90,1.5,4.8,125,0,0,0,75,0,1.9,75,41.67,6.2,3.6,"2023-2024"
"RMB","MAC","24_3","Regular Season","Tamir  Blatt",16,0,0,0,NA,0,2,0,0,0,NA,0,0,0,2,1,1,0,0,2,0,-2,"A","L",101,51,26,21,22,12,21,20,14,16,30,6,11,1,25,90,101,51,26,21,22,12,21,20,14,16,30,6,11,1,25,90,0,2.9,0,-0.01,69,2,0,0,-0.8,0,34.48,1.5,0,"2023-2024"
"CRV","VAL","24_4","Regular Season","Josep  Puerto",11,0,0,2,0,0,0,NA,0,0,NA,1,2,3,0,2,1,0,0,1,0,1,"A","L",64,34,22,27,17,3,21,11,9,18,27,5,8,1,17,64,64,34,22,27,17,3,21,11,9,18,27,5,8,1,17,64,0,1.9,0,0.01,0,0,0,0,0.5,0,52.63,2.9,5.6,"2023-2024"
"CRV","VAL","24_4","Regular Season","Nate  Reuvers",22,10,4,7,57.1,0,0,NA,2,3,66.7,1,1,2,1,1,1,0,0,3,2,8,"A","L",64,34,22,27,17,3,21,11,9,18,27,5,8,1,17,64,64,34,22,27,17,3,21,11,9,18,27,5,8,1,17,64,1,8,125,0.08,12.5,1,57.1,0.43,6.8,60.1,12.5,4.5,5.6,"2023-2024"
"CRV","VAL","24_4","Regular Season","Xabi  Lopez-Arostegui",13,0,0,1,0,0,2,0,0,0,NA,0,2,2,0,1,0,0,1,1,2,0,"A","L",64,34,22,27,17,3,21,11,9,18,27,5,8,1,17,64,64,34,22,27,17,3,21,11,9,18,27,5,8,1,17,64,0,2.9,0,-0.01,0,NA,0,0,-0.9,0,0,2.4,0,"2023-2024"
"CRV","VAL","24_4","Regular Season","Chris  Jones",25,11,4,7,57.1,1,3,33.3,0,0,NA,0,2,2,2,0,1,0,0,2,5,12,"A","L",64,34,22,27,17,3,21,11,9,18,27,5,8,1,17,64,64,34,22,27,17,3,21,11,9,18,27,5,8,1,17,64,1.1,10.6,103.8,0.1,18.9,2,55,0,6.2,55,9.43,4.6,0,"2023-2024"
"CRV","VAL","24_4","Regular Season","Damien  Inglis",23,10,2,4,50,0,1,0,6,6,100,1,4,5,1,0,2,0,0,4,4,11,"A","L",64,34,22,27,17,3,21,11,9,18,27,5,8,1,17,64,64,34,22,27,17,3,21,11,9,18,27,5,8,1,17,64,0.91,8.3,120.5,0.09,12,0.5,40,1.2,6.3,65.4,24.1,4.4,5.6,"2023-2024"
"CRV","VAL","24_4","Regular Season","Jared  Harper",22,8,2,3,66.7,0,2,0,4,4,100,0,0,0,2,0,1,0,1,1,3,7,"A","L",64,34,22,27,17,3,21,11,9,18,27,5,8,1,17,64,64,34,22,27,17,3,21,11,9,18,27,5,8,1,17,64,0.89,7.4,108.1,0.07,27,2,40,0.8,5.3,59.2,13.51,3.7,0,"2023-2024"
"CRV","VAL","24_4","Regular Season","Victor  Claver",10,0,0,0,NA,0,1,0,0,0,NA,0,0,0,1,0,0,0,0,1,1,0,"A","L",64,34,22,27,17,3,21,11,9,18,27,5,8,1,17,64,64,34,22,27,17,3,21,11,9,18,27,5,8,1,17,64,0,1,0,-0.01,100,Inf,0,0,-0.4,0,0,1.1,0,"2023-2024"
"CRV","VAL","24_4","Regular Season","Jaime  Pradilla",12,2,0,2,0,0,0,NA,2,6,33.3,3,1,4,0,0,0,0,0,1,3,2,"A","L",64,34,22,27,17,3,21,11,9,18,27,5,8,1,17,64,64,34,22,27,17,3,21,11,9,18,27,5,8,1,17,64,0.25,1.6,125,-0.03,0,NA,0,3,1,21.6,0,4.1,16.7,"2023-2024"
"CRV","VAL","24_4","Regular Season","Justin  Anderson",9,5,1,2,50,1,2,50,0,0,NA,0,0,0,0,1,1,0,0,2,0,1,"A","L",64,34,22,27,17,3,21,11,9,18,27,5,8,1,17,64,64,34,22,27,17,3,21,11,9,18,27,5,8,1,17,64,1.25,4.8,104.2,0.01,0,0,62.5,0,2.2,62.5,20.83,5.9,0,"2023-2024"
"CRV","VAL","24_4","Regular Season","Kassius  Robertson",18,7,2,2,100,0,2,0,3,4,75,1,1,2,2,0,1,0,0,0,2,9,"A","L",64,34,22,27,17,3,21,11,9,18,27,5,8,1,17,64,64,34,22,27,17,3,21,11,9,18,27,5,8,1,17,64,0.88,5.5,127.3,0.09,36.4,2,50,1,6,60.8,18.18,4,5.6,"2023-2024"
"CRV","VAL","24_4","Regular Season","Semi  Ojeleye",23,9,1,3,33.3,1,6,16.7,4,4,100,1,4,5,0,0,0,1,0,1,3,10,"A","L",64,34,22,27,17,3,21,11,9,18,27,5,8,1,17,64,64,34,22,27,17,3,21,11,9,18,27,5,8,1,17,64,0.69,9.4,95.7,0.08,0,NA,27.8,0.44,5.7,41.8,0,4.9,5.6,"2023-2024"
"CRV","VAL","24_4","Regular Season","Kevin  Pangos",10,2,1,1,100,0,3,0,0,0,NA,1,1,2,2,0,0,0,0,0,0,3,"A","L",64,34,22,27,17,3,21,11,9,18,27,5,8,1,17,64,64,34,22,27,17,3,21,11,9,18,27,5,8,1,17,64,0.5,2.9,69,0.03,69,Inf,25,0,2,25,0,4.2,5.6,"2023-2024"
"VAL","CRV","24_4","Regular Season","Luka  Mitrovic",9,4,2,2,100,0,0,NA,0,0,NA,1,2,3,1,0,2,1,0,2,1,6,"H","W",82,35,26,13,19,11,11,21,8,24,32,2,10,2,25,87,82,35,26,13,19,11,11,21,8,24,32,2,10,2,25,87,2,2.9,137.9,0.03,34.5,0.5,100,0,3.3,100,68.97,4.6,6.2,"2023-2024"
"VAL","CRV","24_4","Regular Season","Branko  Lazic",11,2,1,1,100,0,1,0,0,0,NA,0,0,0,0,0,1,0,0,4,0,-4,"H","W",82,35,26,13,19,11,11,21,8,24,32,2,10,2,25,87,82,35,26,13,19,11,11,21,8,24,32,2,10,2,25,87,1,2.9,69,-0.03,0,0,50,0,-1.6,50,34.48,2.8,0,"2023-2024"
"VAL","CRV","24_4","Regular Season","Joel  Bolomboy",15,0,0,2,0,0,0,NA,0,0,NA,0,6,6,0,1,3,0,1,3,1,-1,"H","W",82,35,26,13,19,11,11,21,8,24,32,2,10,2,25,87,82,35,26,13,19,11,11,21,8,24,32,2,10,2,25,87,0,4.8,0,-0.01,0,0,0,0,-2.8,0,62.5,3.5,0,"2023-2024"
"VAL","CRV","24_4","Regular Season","Rokas  Giedraitis",24,8,3,5,60,0,2,0,2,3,66.7,2,1,3,2,0,0,0,0,1,2,9,"H","W",82,35,26,13,19,11,11,21,8,24,32,2,10,2,25,87,82,35,26,13,19,11,11,21,8,24,32,2,10,2,25,87,0.8,6.1,131.1,0.05,32.8,Inf,42.9,0.43,6.6,48.1,0,3.6,12.5,"2023-2024"
"VAL","CRV","24_4","Regular Season","Yago Mateus dos Santos",21,5,0,2,0,1,2,50,2,2,100,2,3,5,4,0,1,0,0,2,3,11,"H","W",82,35,26,13,19,11,11,21,8,24,32,2,10,2,25,87,82,35,26,13,19,11,11,21,8,24,32,2,10,2,25,87,0.83,3.7,135.1,0.05,108.1,4,37.5,0.5,5.9,51.2,27.03,2.9,12.5,"2023-2024"
"VAL","CRV","24_4","Regular Season","Javonte  Smart",20,7,3,4,75,0,5,0,1,1,100,0,3,3,2,0,0,0,0,1,1,6,"H","W",82,35,26,13,19,11,11,21,8,24,32,2,10,2,25,87,82,35,26,13,19,11,11,21,8,24,32,2,10,2,25,87,0.7,9.1,76.9,0.04,22,Inf,33.3,0.11,3.8,37.1,0,4.9,0,"2023-2024"
"VAL","CRV","24_4","Regular Season","Milos  Teodosic",20,6,0,0,NA,2,4,50,0,0,NA,0,0,0,7,0,1,0,0,2,1,9,"H","W",82,35,26,13,19,11,11,21,8,24,32,2,10,2,25,87,82,35,26,13,19,11,11,21,8,24,32,2,10,2,25,87,1.5,4.8,125,0.06,145.8,7,75,0,7.1,75,20.83,2.6,0,"2023-2024"
"VAL","CRV","24_4","Regular Season","Adam  Hanga",11,7,2,3,66.7,1,1,100,0,0,NA,0,2,2,1,0,1,0,0,2,1,7,"H","W",82,35,26,13,19,11,11,21,8,24,32,2,10,2,25,87,82,35,26,13,19,11,11,21,8,24,32,2,10,2,25,87,1.75,4.8,145.8,0.05,20.8,1,87.5,0,4.9,87.5,20.83,4.7,0,"2023-2024"
"VAL","CRV","24_4","Regular Season","Dejan  Davidovac",24,5,2,3,66.7,0,2,0,1,2,50,1,3,4,0,1,0,1,0,4,2,5,"H","W",82,35,26,13,19,11,11,21,8,24,32,2,10,2,25,87,82,35,26,13,19,11,11,21,8,24,32,2,10,2,25,87,0.71,4.7,106.4,0.02,0,NA,40,0.4,3.6,42.5,0,2.6,6.2,"2023-2024"
"VAL","CRV","24_4","Regular Season","Mike  Tobey",23,11,4,8,50,1,2,50,0,0,NA,2,2,4,3,0,0,0,0,1,1,13,"H","W",82,35,26,13,19,11,11,21,8,24,32,2,10,2,25,87,82,35,26,13,19,11,11,21,8,24,32,2,10,2,25,87,1.1,7.7,142.9,0.08,39,Inf,55,0,9.7,55,0,4.5,12.5,"2023-2024"
"VAL","CRV","24_4","Regular Season","Nemanja  Nedovic",18,27,2,5,40,6,7,85.7,5,5,100,0,2,2,1,0,1,0,0,2,4,27,"H","W",82,35,26,13,19,11,11,21,8,24,32,2,10,2,25,87,82,35,26,13,19,11,11,21,8,24,32,2,10,2,25,87,1.59,14.6,184.9,0.17,6.8,1,91.7,0.42,21.3,95.1,6.85,8.8,0,"2023-2024"
"VAL","CRV","24_4","Regular Season","Freddie  Gillespie",2,0,0,0,NA,0,0,NA,0,0,NA,0,0,0,0,0,0,0,0,1,0,-1,"H","W",82,35,26,13,19,11,11,21,8,24,32,2,10,2,25,87,82,35,26,13,19,11,11,21,8,24,32,2,10,2,25,87,NA,0,NA,-0.01,NA,NA,NA,NA,-0.4,NA,NA,0,0,"2023-2024"
"FEN","VIL","24_5","Regular Season","Deshaun  Thomas",19,3,1,2,50,0,3,0,1,2,50,1,1,2,1,0,0,0,0,1,1,1,"H","L",73,46,17,26,20,4,21,13,16,18,34,4,10,2,20,68,73,46,17,26,20,4,21,13,16,18,34,4,10,2,20,68,0.43,4.7,63.8,-0.01,21.3,Inf,20,0.4,0.8,25.5,0,2.9,3.1,"2023-2024"
"FEN","VIL","24_5","Regular Season","Paris  Lee",31,18,4,10,40,1,6,16.7,7,8,87.5,1,1,2,4,2,3,0,2,1,6,14,"H","L",73,46,17,26,20,4,21,13,16,18,34,4,10,2,20,68,73,46,17,26,20,4,21,13,16,18,34,4,10,2,20,68,0.75,20.7,87,0.11,19.3,1.3,34.4,0.5,10.8,46.1,14.49,6.9,3.1,"2023-2024"
"FEN","VIL","24_5","Regular Season","Edwin  Jackson",27,5,1,4,25,0,0,NA,3,4,75,0,2,2,4,1,1,0,0,2,4,9,"H","L",73,46,17,26,20,4,21,13,16,18,34,4,10,2,20,68,73,46,17,26,20,4,21,13,16,18,34,4,10,2,20,68,0.62,6.5,76.9,0.06,61.5,4,25,1,4.8,43.4,15.38,2.4,0,"2023-2024"
"FEN","VIL","24_5","Regular Season","Youssoupha  Fall",22,5,2,7,28.6,0,0,NA,1,2,50,7,4,11,0,1,1,0,2,2,3,9,"H","L",73,46,17,26,20,4,21,13,16,18,34,4,10,2,20,68,73,46,17,26,20,4,21,13,16,18,34,4,10,2,20,68,0.56,1.8,277.8,0.05,0,0,28.6,0.29,5.8,31.7,55.56,3.8,21.9,"2023-2024"
"FEN","VIL","24_5","Regular Season","David  Lighty",21,7,2,2,100,1,2,50,0,0,NA,0,2,2,1,0,1,0,0,3,0,5,"H","L",73,46,17,26,20,4,21,13,16,18,34,4,10,2,20,68,73,46,17,26,20,4,21,13,16,18,34,4,10,2,20,68,1.75,4.8,145.8,0.06,20.8,1,87.5,0,4.5,87.5,20.83,2.3,0,"2023-2024"
"FEN","VIL","24_5","Regular Season","Mike  Scott",26,26,8,13,61.5,1,3,33.3,7,8,87.5,5,2,7,0,0,1,0,2,4,5,23,"H","L",73,46,17,26,20,4,21,13,16,18,34,4,10,2,20,68,73,46,17,26,20,4,21,13,16,18,34,4,10,2,20,68,1.08,14.9,174.5,0.2,0,0,59.4,0.5,19.5,66.6,6.71,7.5,15.6,"2023-2024"
"FEN","VIL","24_5","Regular Season","Charles Lombahe Kahudi",23,3,0,4,0,1,2,50,0,0,NA,1,2,3,0,0,0,0,1,1,1,0,"H","L",73,46,17,26,20,4,21,13,16,18,34,4,10,2,20,68,73,46,17,26,20,4,21,13,16,18,34,4,10,2,20,68,0.5,4.8,62.5,-0.01,0,NA,25,0,0.1,25,0,2.5,3.1,"2023-2024"
"FEN","VIL","24_5","Regular Season","Mbaye  Ndiaye",22,6,2,2,100,0,1,0,2,2,100,1,4,5,2,0,2,2,0,4,2,10,"H","L",73,46,17,26,20,4,21,13,16,18,34,4,10,2,20,68,73,46,17,26,20,4,21,13,16,18,34,4,10,2,20,68,1.2,4.7,127.7,0.08,42.6,1,66.7,0.67,5.8,77.3,42.55,2.5,3.1,"2023-2024"
"FEN","VIL","24_5","Regular Season","Noam  Yaacov",9,0,0,2,0,0,0,NA,0,0,NA,0,0,0,1,0,1,0,0,2,1,-3,"H","L",73,46,17,26,20,4,21,13,16,18,34,4,10,2,20,68,73,46,17,26,20,4,21,13,16,18,34,4,10,2,20,68,0,2.9,0,-0.05,34.5,1,0,0,-2.5,0,34.48,3.2,0,"2023-2024"
"VIL","FEN","24_5","Regular Season","Amine  Noua",32,11,3,5,60,1,2,50,2,2,100,4,3,7,1,1,2,2,1,5,1,12,"A","W",83,35,23,17,19,10,15,20,10,18,28,4,11,7,23,95,83,35,23,17,19,10,15,20,10,18,28,4,11,7,23,95,1.22,5.6,196.4,0.07,17.9,0.5,64.3,0.29,10.5,69.8,35.71,3.2,20,"2023-2024"
"VIL","FEN","24_5","Regular Season","Scottie  Wilbekin",31,17,1,2,50,5,9,55.6,0,0,NA,1,2,3,5,0,2,0,0,1,0,17,"A","W",83,35,23,17,19,10,15,20,10,18,28,4,11,7,23,95,83,35,23,17,19,10,15,20,10,18,28,4,11,7,23,95,1.55,11.5,147.8,0.12,43.5,2.5,77.3,0,14.1,77.3,17.39,4.4,5,"2023-2024"
"VIL","FEN","24_5","Regular Season","Sertac  Sanli",17,8,1,3,33.3,2,5,40,0,0,NA,0,2,2,1,0,1,1,0,3,2,5,"A","W",83,35,23,17,19,10,15,20,10,18,28,4,11,7,23,95,83,35,23,17,19,10,15,20,10,18,28,4,11,7,23,95,1,8.6,93,0.02,11.6,1,50,0,3.4,50,11.63,5.5,0,"2023-2024"
"VIL","FEN","24_5","Regular Season","Georgios  Papagiannis",22,5,2,3,66.7,0,0,NA,1,2,50,2,0,2,0,0,0,4,0,2,1,8,"A","W",83,35,23,17,19,10,15,20,10,18,28,4,11,7,23,95,83,35,23,17,19,10,15,20,10,18,28,4,11,7,23,95,1,1.8,277.8,0.03,0,NA,66.7,0.67,6.7,64.4,0,1.8,10,"2023-2024"
"VIL","FEN","24_5","Regular Season","Nick  Calathes",30,8,4,5,80,0,1,0,0,0,NA,0,4,4,8,2,1,0,0,3,0,16,"A","W",83,35,23,17,19,10,15,20,10,18,28,4,11,7,23,95,83,35,23,17,19,10,15,20,10,18,28,4,11,7,23,95,1.33,6.7,119.4,0.12,119.4,8,66.7,0,12,66.7,14.93,2.4,0,"2023-2024"
"VIL","FEN","24_5","Regular Season","Johnathan  Motley",23,24,8,12,66.7,0,0,NA,8,9,88.9,2,1,3,0,0,2,0,1,3,8,24,"A","W",83,35,23,17,19,10,15,20,10,18,28,4,11,7,23,95,83,35,23,17,19,10,15,20,10,18,28,4,11,7,23,95,1.14,15.3,156.9,0.12,0,0,66.7,0.75,16.9,75.2,13.07,8.2,10,"2023-2024"
"VIL","FEN","24_5","Regular Season","Melih  Mahmutoglu",3,0,0,1,0,0,0,NA,0,0,NA,0,0,0,0,0,0,0,0,0,0,-1,"A","W",83,35,23,17,19,10,15,20,10,18,28,4,11,7,23,95,83,35,23,17,19,10,15,20,10,18,28,4,11,7,23,95,0,1,0,-0.01,0,NA,0,0,-0.7,0,0,3.5,0,"2023-2024"
"VIL","FEN","24_5","Regular Season","Tarik  Biberovic",5,3,0,0,NA,1,1,100,0,0,NA,0,0,0,0,0,0,0,0,2,1,2,"A","W",83,35,23,17,19,10,15,20,10,18,28,4,11,7,23,95,83,35,23,17,19,10,15,20,10,18,28,4,11,7,23,95,3,1,300,0.01,0,NA,150,0,1.9,150,0,2.1,0,"2023-2024"
"VIL","FEN","24_5","Regular Season","Marko  Guduric",21,7,0,2,0,1,5,20,4,4,100,1,5,6,5,1,2,0,0,1,6,16,"A","W",83,35,23,17,19,10,15,20,10,18,28,4,11,7,23,95,83,35,23,17,19,10,15,20,10,18,28,4,11,7,23,95,0.64,9.4,74.5,0.07,53.2,2.5,21.4,0.57,6.8,40,21.28,5.4,5,"2023-2024"
"VIL","FEN","24_5","Regular Season","Tyler  Dorsey",10,0,0,2,0,0,0,NA,0,0,NA,0,0,0,0,0,1,0,0,0,1,-2,"A","W",83,35,23,17,19,10,15,20,10,18,28,4,11,7,23,95,83,35,23,17,19,10,15,20,10,18,28,4,11,7,23,95,0,2.9,0,-0.02,0,0,0,0,-2.4,0,34.48,3.1,0,"2023-2024"
"VIL","FEN","24_5","Regular Season","Nathan  Sestina",5,0,0,0,NA,0,0,NA,0,0,NA,0,1,1,0,0,0,0,0,3,0,-2,"A","W",83,35,23,17,19,10,15,20,10,18,28,4,11,7,23,95,83,35,23,17,19,10,15,20,10,18,28,4,11,7,23,95,NA,0,NA,-0.01,NA,NA,NA,NA,-0.9,NA,NA,0,0,"2023-2024"
"BAR","BOL","24_6","Regular Season","Isaia  Cordinier",25,12,4,5,80,0,3,0,4,5,80,2,3,5,2,0,3,2,0,2,3,14,"A","L",57,40,25,8,20,4,5,11,10,18,28,4,12,6,16,45,57,40,25,8,20,4,5,11,10,18,28,4,12,6,16,45,0.92,10.8,111.1,0.17,18.5,0.7,50,0.62,8.9,58.8,27.78,5.2,10,"2023-2024"
"BAR","BOL","24_6","Regular Season","Marco  Belinelli",21,4,0,3,0,1,7,14.3,1,1,100,0,4,4,0,0,1,0,1,2,1,-4,"A","L",57,40,25,8,20,4,5,11,10,18,28,4,12,6,16,45,57,40,25,8,20,4,5,11,10,18,28,4,12,6,16,45,0.36,11,36.4,-0.08,0,0,15,0.1,-3.2,19.2,9.09,5.4,0,"2023-2024"
"BAR","BOL","24_6","Regular Season","Daniel  Hackett",29,4,2,4,50,0,2,0,0,0,NA,0,2,2,2,2,1,0,1,0,2,6,"A","L",57,40,25,8,20,4,5,11,10,18,28,4,12,6,16,45,57,40,25,8,20,4,5,11,10,18,28,4,12,6,16,45,0.67,6.7,59.7,0.1,29.9,2,33.3,0,3.6,33.3,14.93,2.4,0,"2023-2024"
"BAR","BOL","24_6","Regular Season","Jordan  Mickey",21,8,4,7,57.1,0,3,0,0,0,NA,2,1,3,1,0,3,0,0,3,0,0,"A","L",57,40,25,8,20,4,5,11,10,18,28,4,12,6,16,45,57,40,25,8,20,4,5,11,10,18,28,4,12,6,16,45,0.8,10.6,75.5,-0.02,9.4,0.3,40,0,0.8,40,28.3,6.2,10,"2023-2024"
"BAR","BOL","24_6","Regular Season","Bryant  Dunston",18,4,2,2,100,0,1,0,0,0,NA,1,2,3,1,0,1,0,0,2,1,5,"A","L",57,40,25,8,20,4,5,11,10,18,28,4,12,6,16,45,57,40,25,8,20,4,5,11,10,18,28,4,12,6,16,45,1.33,2.9,137.9,0.07,34.5,1,66.7,0,2.9,66.7,34.48,2.2,5,"2023-2024"
"BAR","BOL","24_6","Regular Season","Gabriel  Lundberg",24,11,1,4,25,3,3,100,0,0,NA,0,1,1,1,1,2,0,0,2,1,8,"A","L",57,40,25,8,20,4,5,11,10,18,28,4,12,6,16,45,57,40,25,8,20,4,5,11,10,18,28,4,12,6,16,45,1.57,8.6,127.9,0.13,11.6,0.5,78.6,0,6.9,78.6,23.26,3.7,0,"2023-2024"
"BAR","BOL","24_6","Regular Season","Alessandro  Pajola",9,0,0,0,NA,0,0,NA,0,0,NA,0,2,2,1,0,1,1,0,2,1,2,"A","L",57,40,25,8,20,4,5,11,10,18,28,4,12,6,16,45,57,40,25,8,20,4,5,11,10,18,28,4,12,6,16,45,NA,1,0,0.01,100,1,NA,NA,0.2,NA,100,1.1,0,"2023-2024"
"BAR","BOL","24_6","Regular Season","Ognjen  Dobric",5,2,1,2,50,0,2,0,0,0,NA,0,1,1,0,1,0,0,0,1,0,0,"A","L",57,40,25,8,20,4,5,11,10,18,28,4,12,6,16,45,57,40,25,8,20,4,5,11,10,18,28,4,12,6,16,45,0.5,3.8,52.6,0,0,NA,25,0,0.5,25,0,7.9,0,"2023-2024"
"BAR","BOL","24_6","Regular Season","Rihards  Lomazs",1,0,0,0,NA,0,0,NA,0,0,NA,0,0,0,0,0,0,0,0,0,0,0,"A","L",57,40,25,8,20,4,5,11,10,18,28,4,12,6,16,45,57,40,25,8,20,4,5,11,10,18,28,4,12,6,16,45,NA,0,NA,0,NA,NA,NA,NA,0,NA,NA,0,0,"2023-2024"
"BAR","BOL","24_6","Regular Season","Achille  Polonara",17,6,3,3,100,0,2,0,0,0,NA,0,0,0,1,0,0,1,0,1,1,6,"A","L",57,40,25,8,20,4,5,11,10,18,28,4,12,6,16,45,57,40,25,8,20,4,5,11,10,18,28,4,12,6,16,45,1.2,4.8,125,0.09,20.8,Inf,60,0,4.7,60,0,2.9,0,"2023-2024"
"BAR","BOL","24_6","Regular Season","Ante  Zizic",15,2,1,5,20,0,0,NA,0,2,0,3,0,3,2,0,0,2,0,1,2,4,"A","L",57,40,25,8,20,4,5,11,10,18,28,4,12,6,16,45,57,40,25,8,20,4,5,11,10,18,28,4,12,6,16,45,0.29,2.8,71.4,-0.01,71.4,Inf,20,0.4,2.6,17,0,3.9,15,"2023-2024"
"BAR","BOL","24_6","Regular Season","Awudu  Abass",14,4,2,5,40,0,2,0,0,0,NA,2,2,4,0,0,0,0,0,0,1,4,"A","L",57,40,25,8,20,4,5,11,10,18,28,4,12,6,16,45,57,40,25,8,20,4,5,11,10,18,28,4,12,6,16,45,0.57,4.8,83.3,0.04,0,NA,28.6,0,1.9,28.6,0,5,10,"2023-2024"
"BOL","BAR","24_6","Regular Season","Jan  Vesely",20,9,3,8,37.5,0,0,NA,3,4,75,6,7,13,3,1,2,0,0,1,2,19,"H","W",84,51,19,12,27,7,9,18,15,29,44,6,10,2,14,101,84,51,19,12,27,7,9,18,15,29,44,6,10,2,14,101,0.75,5.5,163.6,0.08,54.5,1.5,37.5,0.5,11.2,46.1,36.36,5.5,20,"2023-2024"
"BOL","BAR","24_6","Regular Season","Nikola  Kalinic",28,6,3,6,50,0,3,0,0,0,NA,1,2,3,1,2,2,0,1,3,1,1,"H","W",84,51,19,12,27,7,9,18,15,29,44,6,10,2,14,101,84,51,19,12,27,7,9,18,15,29,44,6,10,2,14,101,0.67,9.6,62.5,0,10.4,0.5,33.3,0,1.7,33.3,20.83,3.7,3.3,"2023-2024"
"BOL","BAR","24_6","Regular Season","Tomas  Satoransky",28,5,1,1,100,0,2,0,3,4,75,0,5,5,7,1,1,0,0,1,2,15,"H","W",84,51,19,12,27,7,9,18,15,29,44,6,10,2,14,101,84,51,19,12,27,7,9,18,15,29,44,6,10,2,14,101,0.71,5.5,90.9,0.08,127.3,7,33.3,1.33,8.9,52.5,18.18,1.9,0,"2023-2024"
"BOL","BAR","24_6","Regular Season","Nicolas  Laprovittola",20,16,2,5,40,4,8,50,0,0,NA,0,2,2,2,1,0,0,1,1,3,15,"H","W",84,51,19,12,27,7,9,18,15,29,44,6,10,2,14,101,84,51,19,12,27,7,9,18,15,29,44,6,10,2,14,101,1.23,12.5,128,0.08,16,Inf,61.5,0,11.9,61.5,0,6.1,0,"2023-2024"
"BOL","BAR","24_6","Regular Season","Jabari  Parker",26,11,4,4,100,1,2,50,0,0,NA,1,2,3,0,0,2,0,0,2,0,9,"H","W",84,51,19,12,27,7,9,18,15,29,44,6,10,2,14,101,84,51,19,12,27,7,9,18,15,29,44,6,10,2,14,101,1.83,6.7,164.2,0.05,0,0,91.7,0,7.3,91.7,29.85,2.9,3.3,"2023-2024"
"BOL","BAR","24_6","Regular Season","Oscar  da Silva",14,2,1,4,25,0,0,NA,0,0,NA,2,2,4,1,0,0,0,2,3,1,0,"H","W",84,51,19,12,27,7,9,18,15,29,44,6,10,2,14,101,84,51,19,12,27,7,9,18,15,29,44,6,10,2,14,101,0.5,1.9,105.3,0,52.6,Inf,25,0,1.1,25,0,2.7,6.7,"2023-2024"
"BOL","BAR","24_6","Regular Season","Oriol  Pauli",1,0,0,0,NA,0,0,NA,0,0,NA,0,2,2,1,0,0,0,0,0,0,3,"H","W",84,51,19,12,27,7,9,18,15,29,44,6,10,2,14,101,84,51,19,12,27,7,9,18,15,29,44,6,10,2,14,101,NA,0,NA,0.02,Inf,Inf,NA,NA,1.3,NA,NA,0,0,"2023-2024"
"BOL","BAR","24_6","Regular Season","Dario  Brizuela",20,11,4,6,66.7,1,1,100,0,0,NA,1,1,2,1,0,1,0,1,1,1,10,"H","W",84,51,19,12,27,7,9,18,15,29,44,6,10,2,14,101,84,51,19,12,27,7,9,18,15,29,44,6,10,2,14,101,1.57,6.7,164.2,0.06,14.9,1,78.6,0,8.4,78.6,14.93,3.8,3.3,"2023-2024"
"BOL","BAR","24_6","Regular Season","Willy  Hernangomez",19,17,7,12,58.3,0,0,NA,3,4,75,3,3,6,0,1,2,2,1,0,3,20,"H","W",84,51,19,12,27,7,9,18,15,29,44,6,10,2,14,101,84,51,19,12,27,7,9,18,15,29,44,6,10,2,14,101,1.06,12.2,139.3,0.09,0,0,58.3,0.33,14.4,61.8,16.39,7.8,10,"2023-2024"
"BOL","BAR","24_6","Regular Season","James  Nnaji",1,0,0,0,NA,0,0,NA,0,0,NA,0,0,0,0,0,0,0,0,0,0,0,"H","W",84,51,19,12,27,7,9,18,15,29,44,6,10,2,14,101,84,51,19,12,27,7,9,18,15,29,44,6,10,2,14,101,NA,0,NA,0,NA,NA,NA,NA,0,NA,NA,0,0,"2023-2024"
"BOL","BAR","24_6","Regular Season","Rokas  Jokubaitis",15,7,2,5,40,1,2,50,0,0,NA,1,1,2,2,0,0,0,0,2,3,8,"H","W",84,51,19,12,27,7,9,18,15,29,44,6,10,2,14,101,84,51,19,12,27,7,9,18,15,29,44,6,10,2,14,101,1,5.8,120.7,0.03,34.5,Inf,50,0,4.9,50,0,4.4,3.3,"2023-2024"
"BOL","BAR","24_6","Regular Season","Joel  Parra",7,0,0,0,NA,0,1,0,0,0,NA,0,2,2,0,0,0,0,0,0,0,1,"H","W",84,51,19,12,27,7,9,18,15,29,44,6,10,2,14,101,84,51,19,12,27,7,9,18,15,29,44,6,10,2,14,101,0,1,0,0.01,0,NA,0,0,-0.1,0,0,1.3,0,"2023-2024"
"ASM","PAR","24_7","Regular Season","Zach  LeDay",37,8,3,6,50,0,2,0,2,2,100,0,4,4,1,0,1,0,0,1,1,7,"A","L",70,26,24,18,13,9,17,13,7,20,27,1,14,6,21,73,70,26,24,18,13,9,17,13,7,20,27,1,14,6,21,73,0.8,9.5,84.2,0.06,10.5,1,37.5,0.25,4.1,45,10.53,3,0,"2023-2024"
"ASM","PAR","24_7","Regular Season","Kevin  Punter",36,28,4,6,66.7,3,5,60,11,11,100,1,2,3,2,0,3,1,1,3,8,31,"A","L",70,26,24,18,13,9,17,13,7,20,27,1,14,6,21,73,70,26,24,18,13,9,17,13,7,20,27,1,14,6,21,73,1.27,17.1,163.7,0.25,11.7,0.7,77.3,1,22.3,88.4,17.54,5.8,7.1,"2023-2024"
"ASM","PAR","24_7","Regular Season","James  Nunnally",36,6,3,6,50,0,3,0,0,0,NA,1,3,4,3,0,2,0,0,3,0,2,"A","L",70,26,24,18,13,9,17,13,7,20,27,1,14,6,21,73,70,26,24,18,13,9,17,13,7,20,27,1,14,6,21,73,0.67,9.6,62.5,0.02,31.2,1.5,33.3,0,1.4,33.3,20.83,3.4,7.1,"2023-2024"
"ASM","PAR","24_7","Regular Season","P.J.  Dozier",21,0,0,2,0,0,4,0,0,0,NA,2,3,5,2,0,4,0,0,4,2,-5,"A","L",70,26,24,18,13,9,17,13,7,20,27,1,14,6,21,73,70,26,24,18,13,9,17,13,7,20,27,1,14,6,21,73,0,7.7,0,-0.09,26,0.5,0,0,-6.1,0,51.95,5.3,14.3,"2023-2024"
"ASM","PAR","24_7","Regular Season","Bruno  Caboclo",15,5,1,2,50,1,1,100,0,0,NA,0,1,1,0,0,2,2,0,3,0,2,"A","L",70,26,24,18,13,9,17,13,7,20,27,1,14,6,21,73,70,26,24,18,13,9,17,13,7,20,27,1,14,6,21,73,1.67,4.8,104.2,0.01,0,0,83.3,0,2.2,83.3,41.67,3.7,0,"2023-2024"
"ASM","PAR","24_7","Regular Season","Aleksa  Avramovic",21,6,0,0,NA,2,4,50,0,0,NA,2,1,3,5,0,2,1,0,3,3,11,"A","L",70,26,24,18,13,9,17,13,7,20,27,1,14,6,21,73,70,26,24,18,13,9,17,13,7,20,27,1,14,6,21,73,1.5,3.8,157.9,0.07,131.6,2.5,75,0,6.7,75,52.63,3.2,14.3,"2023-2024"
"ASM","PAR","24_7","Regular Season","Alen  Smailagic",5,0,0,0,NA,0,0,NA,0,0,NA,0,0,0,0,0,0,0,0,0,0,0,"A","L",70,26,24,18,13,9,17,13,7,20,27,1,14,6,21,73,70,26,24,18,13,9,17,13,7,20,27,1,14,6,21,73,NA,0,NA,0,NA,NA,NA,NA,0,NA,NA,0,0,"2023-2024"
"ASM","PAR","24_7","Regular Season","Ognjen  Jaramaz",2,0,0,1,0,0,1,0,0,0,NA,0,1,1,0,1,0,0,0,0,1,1,"A","L",70,26,24,18,13,9,17,13,7,20,27,1,14,6,21,73,70,26,24,18,13,9,17,13,7,20,27,1,14,6,21,73,0,1.9,0,0,0,NA,0,0,-0.1,0,0,11.1,0,"2023-2024"
"ASM","PAR","24_7","Regular Season","Uros  Trifunovic",4,0,0,0,NA,0,0,NA,0,0,NA,1,1,2,0,0,0,0,0,0,1,3,"A","L",70,26,24,18,13,9,17,13,7,20,27,1,14,6,21,73,70,26,24,18,13,9,17,13,7,20,27,1,14,6,21,73,NA,-1,0,0.02,0,NA,NA,NA,1,NA,0,0,7.1,"2023-2024"
"ASM","PAR","24_7","Regular Season","Frank  Kaminsky",22,17,2,3,66.7,3,4,75,4,5,80,0,4,4,0,0,0,2,0,4,5,21,"A","L",70,26,24,18,13,9,17,13,7,20,27,1,14,6,21,73,70,26,24,18,13,9,17,13,7,20,27,1,14,6,21,73,1.42,8.8,193.2,0.16,0,NA,92.9,0.71,14.7,92.4,0,4.7,0,"2023-2024"
"PAR","ASM","24_7","Regular Season","John  Brown III",28,4,2,2,100,0,0,NA,0,0,NA,3,1,4,1,1,0,0,0,2,4,12,"H","W",85,49,21,18,26,6,15,15,16,20,36,7,4,1,22,92,85,49,21,18,26,6,15,15,16,20,36,7,4,1,22,92,2,-1,-400,0.05,-100,Inf,100,0,6.7,100,0,0.7,9.4,"2023-2024"
"PAR","ASM","24_7","Regular Season","Alpha  Diallo",27,4,1,3,33.3,0,1,0,2,2,100,2,2,4,2,2,0,0,0,5,1,5,"H","W",85,49,21,18,26,6,15,15,16,20,36,7,4,1,22,92,85,49,21,18,26,6,15,15,16,20,36,7,4,1,22,92,0.67,2.8,142.9,0.02,71.4,Inf,25,0.5,5,41,0,1.8,6.2,"2023-2024"
"PAR","ASM","24_7","Regular Season","Mouhammadou  Jaiteh",18,14,7,10,70,0,0,NA,0,0,NA,2,4,6,0,0,0,1,1,3,0,14,"H","W",85,49,21,18,26,6,15,15,16,20,36,7,4,1,22,92,85,49,21,18,26,6,15,15,16,20,36,7,4,1,22,92,1.4,7.7,181.8,0.1,0,NA,70,0,11.9,70,0,5.4,6.2,"2023-2024"
"PAR","ASM","24_7","Regular Season","Yakuba  Ouattara",16,5,1,2,50,1,3,33.3,0,0,NA,2,0,2,1,1,1,0,1,3,0,1,"H","W",85,49,21,18,26,6,15,15,16,20,36,7,4,1,22,92,85,49,21,18,26,6,15,15,16,20,36,7,4,1,22,92,1,3.8,131.6,0.01,26.3,1,50,0,3.2,50,26.32,3.7,6.2,"2023-2024"
"PAR","ASM","24_7","Regular Season","Mike  James",32,19,3,6,50,2,6,33.3,7,9,77.8,2,3,5,7,0,0,0,0,0,9,31,"H","W",85,49,21,18,26,6,15,15,16,20,36,7,4,1,22,92,85,49,21,18,26,6,15,15,16,20,36,7,4,1,22,92,0.9,13.4,141.8,0.15,52.2,Inf,50,0.75,19,59.5,0,4.9,6.2,"2023-2024"
"PAR","ASM","24_7","Regular Season","Elie  Okobo",27,13,4,7,57.1,1,3,33.3,2,2,100,0,3,3,3,1,1,0,0,1,2,15,"H","W",85,49,21,18,26,6,15,15,16,20,36,7,4,1,22,92,85,49,21,18,26,6,15,15,16,20,36,7,4,1,22,92,1.08,11.4,114,0.09,26.3,3,55,0.2,10.6,59.7,8.77,4.3,0,"2023-2024"
"PAR","ASM","24_7","Regular Season","Jordan  Loyd",16,9,2,6,33.3,1,4,25,2,2,100,2,0,2,1,1,1,0,2,4,3,2,"H","W",85,49,21,18,26,6,15,15,16,20,36,7,4,1,22,92,85,49,21,18,26,6,15,15,16,20,36,7,4,1,22,92,0.75,9.5,94.7,0,10.5,1,35,0.2,3.7,41.4,10.53,7.3,6.2,"2023-2024"
"PAR","ASM","24_7","Regular Season","Jaron  Blossomgame",14,9,3,4,75,1,4,25,0,0,NA,0,2,2,0,0,0,0,1,2,0,4,"H","W",85,49,21,18,26,6,15,15,16,20,36,7,4,1,22,92,85,49,21,18,26,6,15,15,16,20,36,7,4,1,22,92,1.12,7.7,116.9,0.04,0,NA,56.2,0,4.8,56.2,0,5.6,0,"2023-2024"
"PAR","ASM","24_7","Regular Season","Donatas  Motiejunas",16,3,1,6,16.7,0,0,NA,1,1,100,2,4,6,0,0,1,0,1,2,1,1,"H","W",85,49,21,18,26,6,15,15,16,20,36,7,4,1,22,92,85,49,21,18,26,6,15,15,16,20,36,7,4,1,22,92,0.43,5.2,57.7,0,0,0,16.7,0.17,0,23.3,19.23,4.5,6.2,"2023-2024"
"PAR","ASM","24_7","Regular Season","Donta  Hall",5,5,2,3,66.7,0,0,NA,1,2,50,1,1,2,0,1,0,0,0,0,1,7,"H","W",85,49,21,18,26,6,15,15,16,20,36,7,4,1,22,92,85,49,21,18,26,6,15,15,16,20,36,7,4,1,22,92,1,2.8,178.6,0.04,0,NA,66.7,0.67,5.3,64.4,0,7.6,3.1,"2023-2024"
"MIL","PAN","24_8","Regular Season","Jerian  Grant",30,9,3,5,60,1,4,25,0,0,NA,0,4,4,8,0,2,0,0,2,1,13,"H","W",79,42,23,15,24,7,10,20,8,26,34,9,10,3,17,99,79,42,23,15,24,7,10,20,8,26,34,9,10,3,17,99,1,10.6,84.9,0.08,75.5,4,50,0,8.3,50,18.87,3.6,0,"2023-2024"
"MIL","PAN","24_8","Regular Season","Kendrick  Nunn",27,10,2,13,15.4,1,3,33.3,3,3,100,1,3,4,5,2,1,0,1,3,2,5,"H","W",79,42,23,15,24,7,10,20,8,26,34,9,10,3,17,99,79,42,23,15,24,7,10,20,8,26,34,9,10,3,17,99,0.53,16.6,60.2,0.02,30.1,5,21.9,0.19,4.9,28.9,6.02,6.7,6.2,"2023-2024"
"MIL","PAN","24_8","Regular Season","Mathias  Lessort",24,12,4,7,57.1,0,0,NA,4,8,50,4,3,7,1,2,2,2,0,4,9,20,"H","W",79,42,23,15,24,7,10,20,8,26,34,9,10,3,17,99,79,42,23,15,24,7,10,20,8,26,34,9,10,3,17,99,0.8,8.2,146.3,0.05,12.2,0.5,57.1,1.14,11.3,57,24.39,5.1,25,"2023-2024"
"MIL","PAN","24_8","Regular Season","Marius  Grigonis",32,15,4,4,100,2,3,66.7,1,1,100,0,3,3,0,1,0,0,0,2,2,18,"H","W",79,42,23,15,24,7,10,20,8,26,34,9,10,3,17,99,79,42,23,15,24,7,10,20,8,26,34,9,10,3,17,99,1.88,7.1,211.3,0.11,0,NA,100,0.14,13.6,100.8,0,2.3,0,"2023-2024"
"MIL","PAN","24_8","Regular Season","Konstantinos  Mitoglou",19,4,2,4,50,0,3,0,0,0,NA,0,6,6,1,1,1,0,0,0,1,7,"H","W",79,42,23,15,24,7,10,20,8,26,34,9,10,3,17,99,79,42,23,15,24,7,10,20,8,26,34,9,10,3,17,99,0.57,7.7,51.9,0.04,13,1,28.6,0,2.4,28.6,12.99,4.1,0,"2023-2024"
"MIL","PAN","24_8","Regular Season","Panagiotis  Kalaitzakis",18,10,5,5,100,0,2,0,0,0,NA,1,3,4,1,2,0,0,0,3,1,13,"H","W",79,42,23,15,24,7,10,20,8,26,34,9,10,3,17,99,79,42,23,15,24,7,10,20,8,26,34,9,10,3,17,99,1.43,5.8,172.4,0.08,17.2,Inf,71.4,0,10.2,71.4,0,3.8,6.2,"2023-2024"
"MIL","PAN","24_8","Regular Season","Luca  Vildoza",9,0,0,0,NA,0,2,0,0,0,NA,0,0,0,1,0,1,0,0,0,0,-2,"H","W",79,42,23,15,24,7,10,20,8,26,34,9,10,3,17,99,79,42,23,15,24,7,10,20,8,26,34,9,10,3,17,99,0,2.9,0,-0.01,34.5,1,0,0,-1.7,0,34.48,3.3,0,"2023-2024"
"MIL","PAN","24_8","Regular Season","Dimitris  Moraitis",2,3,0,0,NA,1,1,100,0,0,NA,0,0,0,0,0,1,0,0,0,0,2,"H","W",79,42,23,15,24,7,10,20,8,26,34,9,10,3,17,99,79,42,23,15,24,7,10,20,8,26,34,9,10,3,17,99,3,1.9,157.9,0.01,0,0,150,0,1.7,150,52.63,9.8,0,"2023-2024"
"MIL","PAN","24_8","Regular Season","Kostas  Antetokounmpo",16,4,2,2,100,0,0,NA,0,1,0,1,1,2,1,0,0,1,0,2,2,7,"H","W",79,42,23,15,24,7,10,20,8,26,34,9,10,3,17,99,79,42,23,15,24,7,10,20,8,26,34,9,10,3,17,99,1.33,1.4,285.7,0.03,71.4,Inf,100,0.5,4.6,82,0,1.5,6.2,"2023-2024"
"MIL","PAN","24_8","Regular Season","Juan  Hernangomez",22,12,2,2,100,2,5,40,2,2,100,1,3,4,2,1,2,0,0,1,3,16,"H","W",79,42,23,15,24,7,10,20,8,26,34,9,10,3,17,99,79,42,23,15,24,7,10,20,8,26,34,9,10,3,17,99,1.33,8.5,141.2,0.09,23.5,1,71.4,0.29,10.3,76.1,23.53,4.4,6.2,"2023-2024"
"PAN","MIL","24_8","Regular Season","Alex  Poythress",16,6,3,4,75,0,0,NA,0,0,NA,2,1,3,0,0,2,0,0,5,0,1,"A","L",62,39,21,17,19,4,12,9,11,19,30,6,13,1,21,46,62,39,21,17,19,4,12,9,11,19,30,6,13,1,21,46,1.5,3.8,157.9,0,0,0,75,0,2.1,75,52.63,3.7,9.1,"2023-2024"
"PAN","MIL","24_8","Regular Season","Nicolo  Melli",20,4,2,8,25,0,0,NA,0,0,NA,3,0,3,0,0,1,0,1,3,0,-4,"A","L",62,39,21,17,19,4,12,9,11,19,30,6,13,1,21,46,62,39,21,17,19,4,12,9,11,19,30,6,13,1,21,46,0.5,5.8,69,-0.09,0,0,25,0,-0.9,25,17.24,4.5,13.6,"2023-2024"
"PAN","MIL","24_8","Regular Season","Shabazz  Napier",29,16,2,3,66.7,2,7,28.6,6,7,85.7,0,2,2,3,1,1,0,0,2,7,19,"A","L",62,39,21,17,19,4,12,9,11,19,30,6,13,1,21,46,62,39,21,17,19,4,12,9,11,19,30,6,13,1,21,46,0.94,13.5,118.5,0.23,22.2,3,50,0.7,12.1,61.2,7.41,4.8,0,"2023-2024"
"PAN","MIL","24_8","Regular Season","Devon  Hall",23,7,3,4,75,0,2,0,1,2,50,0,4,4,1,1,2,0,0,1,3,9,"A","L",62,39,21,17,19,4,12,9,11,19,30,6,13,1,21,46,62,39,21,17,19,4,12,9,11,19,30,6,13,1,21,46,0.88,8.5,82.4,0.12,11.8,0.5,50,0.33,4.1,50.9,23.53,3.8,0,"2023-2024"
"PAN","MIL","24_8","Regular Season","Shavon  Shields",28,6,2,6,33.3,0,3,0,2,2,100,0,1,1,1,1,2,0,1,0,3,2,"A","L",62,39,21,17,19,4,12,9,11,19,30,6,13,1,21,46,62,39,21,17,19,4,12,9,11,19,30,6,13,1,21,46,0.55,11.4,52.6,0,8.8,0.5,22.2,0.22,0.5,30.4,17.54,4.2,0,"2023-2024"
"PAN","MIL","24_8","Regular Season","Maodo  Lo",11,0,0,2,0,0,1,0,0,0,NA,0,1,1,3,0,2,0,0,1,0,-2,"A","L",62,39,21,17,19,4,12,9,11,19,30,6,13,1,21,46,62,39,21,17,19,4,12,9,11,19,30,6,13,1,21,46,0,4.8,0,-0.04,62.5,1.5,0,0,-2.1,0,41.67,4.5,0,"2023-2024"
"PAN","MIL","24_8","Regular Season","Rodney  McGruder",18,6,3,4,75,0,3,0,0,2,0,2,2,4,1,2,0,0,0,2,1,6,"A","L",62,39,21,17,19,4,12,9,11,19,30,6,13,1,21,46,62,39,21,17,19,4,12,9,11,19,30,6,13,1,21,46,0.67,5.6,107.1,0.08,17.9,Inf,42.9,0.29,5.4,38.1,0,4.4,9.1,"2023-2024"
"PAN","MIL","24_8","Regular Season","Diego  Flaccadori",8,0,0,1,0,0,0,NA,0,0,NA,0,0,0,0,1,0,0,0,1,0,-1,"A","L",62,39,21,17,19,4,12,9,11,19,30,6,13,1,21,46,62,39,21,17,19,4,12,9,11,19,30,6,13,1,21,46,0,1,0,-0.02,0,NA,0,0,-0.1,0,0,1.2,0,"2023-2024"
"PAN","MIL","24_8","Regular Season","Nikola  Mirotic",15,11,1,2,50,2,5,40,3,4,75,1,1,2,0,0,2,0,0,2,3,7,"A","L",62,39,21,17,19,4,12,9,11,19,30,6,13,1,21,46,62,39,21,17,19,4,12,9,11,19,30,6,13,1,21,46,1,9.4,117,0.07,0,0,57.1,0.57,5.1,62.8,21.28,7.1,4.5,"2023-2024"
"PAN","MIL","24_8","Regular Season","Kyle  Hines",16,6,3,5,60,0,0,NA,0,0,NA,1,2,3,0,0,1,1,1,3,0,3,"A","L",62,39,21,17,19,4,12,9,11,19,30,6,13,1,21,46,62,39,21,17,19,4,12,9,11,19,30,6,13,1,21,46,1.2,4.8,125,0.06,0,0,60,0,3.5,60,20.83,3.7,4.5,"2023-2024"
"PAN","MIL","24_8","Regular Season","Johannes  Voigtmann",17,0,0,0,NA,0,0,NA,0,0,NA,2,5,7,0,0,0,0,0,1,0,6,"A","L",62,39,21,17,19,4,12,9,11,19,30,6,13,1,21,46,62,39,21,17,19,4,12,9,11,19,30,6,13,1,21,46,NA,-1.9,0,0.1,0,NA,NA,NA,2.5,NA,0,0,9.1,"2023-2024"
"EFE","ZAL","24_9","Regular Season","Keenan  Evans",16,8,2,4,50,1,2,50,1,1,100,2,1,3,2,0,2,0,0,4,2,6,"H","W",96,45,24,18,26,10,14,27,14,21,35,10,7,1,19,121,96,45,24,18,26,10,14,27,14,21,35,10,7,1,19,121,1.14,6.2,129,0.02,32.3,1,58.3,0.17,4.5,62.1,32.26,5,7.1,"2023-2024"
"EFE","ZAL","24_9","Regular Season","Dovydas  Giedraitis",23,4,1,2,50,0,2,0,2,2,100,1,0,1,1,3,0,0,0,3,1,4,"H","W",96,45,24,18,26,10,14,27,14,21,35,10,7,1,19,121,96,45,24,18,26,10,14,27,14,21,35,10,7,1,19,121,0.67,3.7,108.1,0.01,27,Inf,25,0.5,4.8,41,0,2,3.6,"2023-2024"
"EFE","ZAL","24_9","Regular Season","Laurynas  Birutis",24,18,7,8,87.5,0,0,NA,4,6,66.7,1,7,8,1,0,1,1,0,1,4,27,"H","W",96,45,24,18,26,10,14,27,14,21,35,10,7,1,19,121,96,45,24,18,26,10,14,27,14,21,35,10,7,1,19,121,1.29,10.2,176.5,0.11,9.8,1,87.5,0.75,17.2,84.6,9.8,4.6,3.6,"2023-2024"
"EFE","ZAL","24_9","Regular Season","Brady   Manek",17,13,3,4,75,2,3,66.7,1,1,100,1,3,4,2,1,0,0,0,2,1,17,"H","W",96,45,24,18,26,10,14,27,14,21,35,10,7,1,19,121,96,45,24,18,26,10,14,27,14,21,35,10,7,1,19,121,1.62,6.2,209.7,0.08,32.3,Inf,85.7,0.14,13.3,87.4,0,4.2,3.6,"2023-2024"
"EFE","ZAL","24_9","Regular Season","Edgaras  Ulanovas",20,13,6,7,85.7,0,2,0,1,1,100,1,3,4,2,2,0,0,1,3,1,15,"H","W",96,45,24,18,26,10,14,27,14,21,35,10,7,1,19,121,96,45,24,18,26,10,14,27,14,21,35,10,7,1,19,121,1.3,8.1,160.5,0.07,24.7,Inf,66.7,0.11,12.9,68.9,0,4.5,3.6,"2023-2024"
"EFE","ZAL","24_9","Regular Season","Lukas  Lekavicius",2,0,0,1,0,0,0,NA,0,0,NA,0,1,1,1,0,0,0,0,0,0,1,"H","W",96,45,24,18,26,10,14,27,14,21,35,10,7,1,19,121,96,45,24,18,26,10,14,27,14,21,35,10,7,1,19,121,0,1,0,0.01,100,Inf,0,0,0.3,0,0,4.8,0,"2023-2024"
"EFE","ZAL","24_9","Regular Season","Kevarrius  Hayes",16,4,1,5,20,0,0,NA,2,2,100,6,3,9,1,0,0,0,0,2,2,10,"H","W",96,45,24,18,26,10,14,27,14,21,35,10,7,1,19,121,96,45,24,18,26,10,14,27,14,21,35,10,7,1,19,121,0.57,-0.1,-4000,0.03,-1000,Inf,20,0.4,5.9,34,0,3.5,21.4,"2023-2024"
"EFE","ZAL","24_9","Regular Season","Rolands  Smits",16,13,2,3,66.7,3,6,50,0,2,0,1,0,1,3,0,0,0,0,1,3,13,"H","W",96,45,24,18,26,10,14,27,14,21,35,10,7,1,19,121,96,45,24,18,26,10,14,27,14,21,35,10,7,1,19,121,1.18,8.5,152.9,0.05,35.3,Inf,72.2,0.22,10.3,65.8,0,5.9,3.6,"2023-2024"
"EFE","ZAL","24_9","Regular Season","Edmond  Sumner",14,3,1,5,20,0,0,NA,1,1,100,0,0,0,5,1,2,0,1,1,1,2,"H","W",96,45,24,18,26,10,14,27,14,21,35,10,7,1,19,121,96,45,24,18,26,10,14,27,14,21,35,10,7,1,19,121,0.5,7.1,42.3,0.01,70.4,2.5,20,0.2,2,27.6,28.17,5.1,0,"2023-2024"
"EFE","ZAL","24_9","Regular Season","Tomas  Dimsa",24,11,1,2,50,3,6,50,0,0,NA,0,1,1,7,2,2,0,0,0,0,15,"H","W",96,45,24,18,26,10,14,27,14,21,35,10,7,1,19,121,96,45,24,18,26,10,14,27,14,21,35,10,7,1,19,121,1.38,9.6,114.6,0.08,72.9,3.5,68.8,0,12.2,68.8,20.83,4,0,"2023-2024"
"EFE","ZAL","24_9","Regular Season","Danielius  Lavrinovicius",2,0,0,0,NA,0,1,0,0,0,NA,0,0,0,1,0,0,0,0,0,0,0,"H","W",96,45,24,18,26,10,14,27,14,21,35,10,7,1,19,121,96,45,24,18,26,10,14,27,14,21,35,10,7,1,19,121,0,1,0,0,100,Inf,0,0,0,0,0,4.8,0,"2023-2024"
"EFE","ZAL","24_9","Regular Season","Arnas  Butkevicius",25,9,2,4,50,1,2,50,2,2,100,1,2,3,1,1,0,0,0,2,2,11,"H","W",96,45,24,18,26,10,14,27,14,21,35,10,7,1,19,121,96,45,24,18,26,10,14,27,14,21,35,10,7,1,19,121,1.12,5.6,160.7,0.04,17.9,Inf,58.3,0.33,8.2,65.4,0,2.6,3.6,"2023-2024"
"ZAL","EFE","24_9","Regular Season","Shane  Larkin",26,8,0,3,0,2,4,50,2,2,100,0,1,1,2,0,1,0,0,2,2,5,"A","L",70,32,23,20,12,10,16,13,9,15,24,4,13,2,17,64,70,32,23,20,12,10,16,13,9,15,24,4,13,2,17,64,0.89,8.5,94.1,0.04,23.5,2,42.9,0.29,3.8,50.8,11.76,3.6,0,"2023-2024"
"ZAL","EFE","24_9","Regular Season","Will  Clyburn",36,19,5,8,62.5,3,5,60,0,0,NA,1,2,3,4,0,0,1,0,2,3,23,"A","L",70,32,23,20,12,10,16,13,9,15,24,4,13,2,17,64,70,32,23,20,12,10,16,13,9,15,24,4,13,2,17,64,1.46,11.5,165.2,0.23,34.8,Inf,73.1,0,17.1,73.1,0,3.8,5.6,"2023-2024"
"ZAL","EFE","24_9","Regular Season","Darius  Thompson",24,17,2,6,33.3,3,4,75,4,6,66.7,1,1,2,1,2,4,0,0,1,6,16,"A","L",70,32,23,20,12,10,16,13,9,15,24,4,13,2,17,64,70,32,23,20,12,10,16,13,9,15,24,4,13,2,17,64,1.06,15,113.3,0.12,6.7,0.2,65,0.6,10.5,67.2,26.67,7.2,5.6,"2023-2024"
"ZAL","EFE","24_9","Regular Season","Tibor  Pleiss",20,8,2,3,66.7,0,2,0,4,4,100,3,3,6,0,0,2,0,0,3,3,9,"A","L",70,32,23,20,12,10,16,13,9,15,24,4,13,2,17,64,70,32,23,20,12,10,16,13,9,15,24,4,13,2,17,64,0.89,5.5,145.5,0.06,0,0,40,0.8,5.1,59.2,36.36,4.6,16.7,"2023-2024"
"ZAL","EFE","24_9","Regular Season","Derek  Willis",24,2,1,2,50,0,1,0,0,0,NA,1,3,4,1,0,1,0,0,2,0,2,"A","L",70,32,23,20,12,10,16,13,9,15,24,4,13,2,17,64,70,32,23,20,12,10,16,13,9,15,24,4,13,2,17,64,0.67,2.9,69,0.02,34.5,1,33.3,0,0.8,33.3,34.48,1.7,5.6,"2023-2024"
"ZAL","EFE","24_9","Regular Season","Rodrigue  Beaubois",21,5,0,1,0,1,5,20,2,2,100,0,1,1,3,1,1,0,0,1,1,4,"A","L",70,32,23,20,12,10,16,13,9,15,24,4,13,2,17,64,70,32,23,20,12,10,16,13,9,15,24,4,13,2,17,64,0.62,7.6,65.8,0.04,39.5,3,25,0.33,3.2,36.3,13.16,3.9,0,"2023-2024"
"ZAL","EFE","24_9","Regular Season","Elijah  Bryant",13,3,0,3,0,1,1,100,0,0,NA,0,0,0,0,0,2,0,1,1,1,-3,"A","L",70,32,23,20,12,10,16,13,9,15,24,4,13,2,17,64,70,32,23,20,12,10,16,13,9,15,24,4,13,2,17,64,0.75,5.8,51.7,-0.04,0,0,37.5,0,-1.8,37.5,34.48,4.8,0,"2023-2024"
"ZAL","EFE","24_9","Regular Season","Erten  Gazi",4,0,0,0,NA,0,1,0,0,0,NA,0,0,0,0,0,0,0,0,0,0,-1,"A","L",70,32,23,20,12,10,16,13,9,15,24,4,13,2,17,64,70,32,23,20,12,10,16,13,9,15,24,4,13,2,17,64,0,1,0,-0.01,0,NA,0,0,-0.7,0,0,2.6,0,"2023-2024"
"ZAL","EFE","24_9","Regular Season","Ercan  Osmani",3,0,0,0,NA,0,0,NA,0,0,NA,0,1,1,0,0,0,0,0,0,0,1,"A","L",70,32,23,20,12,10,16,13,9,15,24,4,13,2,17,64,70,32,23,20,12,10,16,13,9,15,24,4,13,2,17,64,NA,0,NA,0.01,NA,NA,NA,NA,0.3,NA,NA,0,0,"2023-2024"
"ZAL","EFE","24_9","Regular Season","Daniel  Oturu",9,2,1,3,33.3,0,0,NA,0,0,NA,0,2,2,0,0,1,1,0,3,0,-1,"A","L",70,32,23,20,12,10,16,13,9,15,24,4,13,2,17,64,70,32,23,20,12,10,16,13,9,15,24,4,13,2,17,64,0.67,3.8,52.6,-0.02,0,0,33.3,0,-0.6,33.3,26.32,4.6,0,"2023-2024"
"ZAL","EFE","24_9","Regular Season","Tyrique  Jones",20,6,1,3,33.3,0,0,NA,4,6,66.7,3,1,4,2,1,1,0,0,2,3,9,"A","L",70,32,23,20,12,10,16,13,9,15,24,4,13,2,17,64,70,32,23,20,12,10,16,13,9,15,24,4,13,2,17,64,0.67,3.5,171.4,0.06,57.1,2,33.3,2,6.5,53.2,28.57,3.5,16.7,"2023-2024"
"BER","VAL","25_1","Regular Season","Jaime  Pradilla",23,3,1,2,50,0,0,NA,1,2,50,3,6,9,1,0,1,0,0,1,1,10,"A","W",81,27,29,22,14,13,14,17,11,27,38,9,18,2,23,84,81,27,29,22,14,13,14,17,11,27,38,9,18,2,23,84,0.75,0.8,375,0.06,125,1,50,1,4.8,52.1,125,1.6,13.6,"2023-2024"
"BER","VAL","25_1","Regular Season","Justin  Anderson",19,4,2,4,50,0,2,0,0,0,NA,0,5,5,2,1,0,1,0,1,0,8,"A","W",81,27,29,22,14,13,14,17,11,27,38,9,18,2,23,84,81,27,29,22,14,13,14,17,11,27,38,9,18,2,23,84,0.67,5.8,69,0.06,34.5,Inf,33.3,0,4.8,33.3,0,3,0,"2023-2024"
"BER","VAL","25_1","Regular Season","Chris  Jones",21,14,2,4,50,3,4,75,1,1,100,0,1,1,8,0,1,0,1,0,0,18,"A","W",81,27,29,22,14,13,14,17,11,27,38,9,18,2,23,84,81,27,29,22,14,13,14,17,11,27,38,9,18,2,23,84,1.56,9.1,153.8,0.15,87.9,8,81.2,0.12,15.3,82.9,10.99,4.3,0,"2023-2024"
"BER","VAL","25_1","Regular Season","Kassius  Robertson",19,7,1,3,33.3,1,3,33.3,2,2,100,0,1,1,0,0,0,0,1,2,1,2,"A","W",81,27,29,22,14,13,14,17,11,27,38,9,18,2,23,84,81,27,29,22,14,13,14,17,11,27,38,9,18,2,23,84,0.88,6.6,106.1,0.02,0,NA,41.7,0.33,3.1,50.9,0,3.5,0,"2023-2024"
"BER","VAL","25_1","Regular Season","Semi  Ojeleye",19,18,1,2,50,4,5,80,4,6,66.7,3,4,7,0,1,3,0,0,1,4,22,"A","W",81,27,29,22,14,13,14,17,11,27,38,9,18,2,23,84,81,27,29,22,14,13,14,17,11,27,38,9,18,2,23,84,1.38,9.3,193.5,0.13,0,0,100,0.86,15.2,93.4,32.26,6.4,13.6,"2023-2024"
"BER","VAL","25_1","Regular Season","Jared  Harper",11,9,1,1,100,2,4,50,1,2,50,0,0,0,1,1,2,0,0,2,1,5,"A","W",81,27,29,22,14,13,14,17,11,27,38,9,18,2,23,84,81,27,29,22,14,13,14,17,11,27,38,9,18,2,23,84,1.29,7.6,118.4,0.03,13.2,0.5,80,0.4,5.2,76.5,26.32,6.8,0,"2023-2024"
"BER","VAL","25_1","Regular Season","Nate  Reuvers",20,4,1,2,50,0,3,0,2,2,100,1,1,2,0,0,3,1,0,5,3,-2,"A","W",81,27,29,22,14,13,14,17,11,27,38,9,18,2,23,84,81,27,29,22,14,13,14,17,11,27,38,9,18,2,23,84,0.57,7.6,52.6,-0.05,0,0,20,0.4,-2.4,34,39.47,4.2,4.5,"2023-2024"
"BER","VAL","25_1","Regular Season","Xabi  Lopez-Arostegui",20,11,3,3,100,1,5,20,2,2,100,3,2,5,0,3,2,0,0,3,2,12,"A","W",81,27,29,22,14,13,14,17,11,27,38,9,18,2,23,84,81,27,29,22,14,13,14,17,11,27,38,9,18,2,23,84,1.1,7.6,144.7,0.07,0,0,56.2,0.25,9.5,61.9,26.32,5.2,13.6,"2023-2024"
"BER","VAL","25_1","Regular Season","Damien  Inglis",18,8,2,5,40,1,1,100,1,3,33.3,1,5,6,1,2,3,0,1,5,2,5,"A","W",81,27,29,22,14,13,14,17,11,27,38,9,18,2,23,84,81,27,29,22,14,13,14,17,11,27,38,9,18,2,23,84,0.89,8.9,89.9,0.03,11.2,0.3,58.3,0.5,4.1,54.6,33.71,5.5,4.5,"2023-2024"
"BER","VAL","25_1","Regular Season","Stefan  Jovic",13,0,0,1,0,0,1,0,0,2,0,0,0,0,4,0,0,0,0,2,1,-1,"A","W",81,27,29,22,14,13,14,17,11,27,38,9,18,2,23,84,81,27,29,22,14,13,14,17,11,27,38,9,18,2,23,84,0,2.8,0,-0.02,142.9,Inf,0,1,-0.2,0,0,2.1,0,"2023-2024"
"BER","VAL","25_1","Regular Season","Kevin  Pangos",16,3,0,0,NA,1,1,100,0,0,NA,0,2,2,0,1,3,0,0,1,3,5,"A","W",81,27,29,22,14,13,14,17,11,27,38,9,18,2,23,84,81,27,29,22,14,13,14,17,11,27,38,9,18,2,23,84,3,3.8,78.9,0.02,0,0,150,0,0.9,150,78.95,2.4,0,"2023-2024"
"VAL","BER","25_1","Regular Season","Martin  Hermannsson",19,3,1,7,14.3,0,1,0,1,1,100,0,0,0,3,1,1,1,1,1,3,1,"H","L",66,40,20,11,19,6,10,16,5,21,26,7,15,3,19,68,66,40,20,11,19,6,10,16,5,21,26,7,15,3,19,68,0.33,9.1,33,-0.02,33,3,12.5,0.12,0.2,17.8,10.99,5,0,"2023-2024"
"VAL","BER","25_1","Regular Season","Sterling  Brown",15,3,0,2,0,1,5,20,0,0,NA,0,2,2,1,1,0,0,0,0,0,1,"H","L",66,40,20,11,19,6,10,16,5,21,26,7,15,3,19,68,66,40,20,11,19,6,10,16,5,21,26,7,15,3,19,68,0.43,6.7,44.8,0.01,14.9,Inf,21.4,0,0.8,21.4,0,4.7,0,"2023-2024"
"VAL","BER","25_1","Regular Season","Yannick  Wetzell",18,1,0,5,0,0,0,NA,1,2,50,1,3,4,2,0,3,0,0,1,2,-1,"H","L",66,40,20,11,19,6,10,16,5,21,26,7,15,3,19,68,66,40,20,11,19,6,10,16,5,21,26,7,15,3,19,68,0.14,7.6,13.2,-0.04,26.3,0.7,0,0.4,-3.3,8.5,39.47,4.9,10,"2023-2024"
"VAL","BER","25_1","Regular Season","Tim  Schneider",24,4,2,3,66.7,0,1,0,0,0,NA,0,5,5,1,1,0,0,0,3,2,8,"H","L",66,40,20,11,19,6,10,16,5,21,26,7,15,3,19,68,66,40,20,11,19,6,10,16,5,21,26,7,15,3,19,68,1,3.8,105.3,0.07,26.3,Inf,50,0,4,50,0,1.7,0,"2023-2024"
"VAL","BER","25_1","Regular Season","Matt  Thomas",22,15,3,3,100,3,6,50,0,0,NA,0,1,1,1,0,0,0,0,2,0,12,"H","L",66,40,20,11,19,6,10,16,5,21,26,7,15,3,19,68,66,40,20,11,19,6,10,16,5,21,26,7,15,3,19,68,1.67,8.6,174.4,0.14,11.6,Inf,83.3,0,11.3,83.3,0,4.1,0,"2023-2024"
"VAL","BER","25_1","Regular Season","Gabriele  Procida",18,6,3,4,75,0,2,0,0,0,NA,0,2,2,1,1,1,1,1,1,1,6,"H","L",66,40,20,11,19,6,10,16,5,21,26,7,15,3,19,68,66,40,20,11,19,6,10,16,5,21,26,7,15,3,19,68,1,6.7,89.6,0.06,14.9,1,50,0,4.6,50,14.93,3.9,0,"2023-2024"
"VAL","BER","25_1","Regular Season","Matteo  Spagnolo",20,10,2,7,28.6,0,0,NA,6,6,100,1,3,4,5,0,4,0,0,1,7,16,"H","L",66,40,20,11,19,6,10,16,5,21,26,7,15,3,19,68,66,40,20,11,19,6,10,16,5,21,26,7,15,3,19,68,0.77,12.1,82.6,0.1,41.3,1.2,28.6,0.86,6.6,51.9,33.06,6.8,10,"2023-2024"
"VAL","BER","25_1","Regular Season","Malte  Delow",12,2,1,1,100,0,2,0,0,0,NA,0,1,1,1,1,1,0,0,2,0,0,"H","L",66,40,20,11,19,6,10,16,5,21,26,7,15,3,19,68,66,40,20,11,19,6,10,16,5,21,26,7,15,3,19,68,0.67,3.8,52.6,0,26.3,1,33.3,0,0.5,33.3,26.32,3.3,0,"2023-2024"
"VAL","BER","25_1","Regular Season","Jonas  Mattisseck",13,1,0,0,NA,0,1,0,1,1,100,0,0,0,0,0,1,0,0,3,4,0,"H","L",66,40,20,11,19,6,10,16,5,21,26,7,15,3,19,68,66,40,20,11,19,6,10,16,5,21,26,7,15,3,19,68,0.5,2.3,43.5,-0.05,0,0,0,1,-1.9,34.7,43.48,1.9,0,"2023-2024"
"VAL","BER","25_1","Regular Season","Kresimir  Nikic",2,0,0,0,NA,0,0,NA,0,0,NA,0,0,0,0,0,0,0,0,0,0,0,"H","L",66,40,20,11,19,6,10,16,5,21,26,7,15,3,19,68,66,40,20,11,19,6,10,16,5,21,26,7,15,3,19,68,NA,0,NA,0,NA,NA,NA,NA,0,NA,NA,0,0,"2023-2024"
"VAL","BER","25_1","Regular Season","Christ  Koumadje",14,13,6,7,85.7,0,0,NA,1,1,100,2,3,5,0,0,1,0,0,4,2,14,"H","L",66,40,20,11,19,6,10,16,5,21,26,7,15,3,19,68,66,40,20,11,19,6,10,16,5,21,26,7,15,3,19,68,1.62,6.2,209.7,0.12,0,0,85.7,0.14,10.2,87.4,16.13,6,20,"2023-2024"
"VAL","BER","25_1","Regular Season","Justin  Bean",22,8,1,1,100,2,2,100,0,0,NA,1,1,2,1,2,3,1,0,1,1,11,"H","L",66,40,20,11,19,6,10,16,5,21,26,7,15,3,19,68,66,40,20,11,19,6,10,16,5,21,26,7,15,3,19,68,2.67,4.8,166.7,0.1,20.8,0.3,133.3,0,8.1,133.3,62.5,2.7,10,"2023-2024"
"BAY","OLY","25_2","Regular Season","Thomas  Walkup",28,16,5,10,50,1,1,100,3,4,75,0,0,0,8,1,0,0,1,2,3,19,"A","W",76,45,17,11,24,6,10,17,5,20,25,4,3,4,18,83,76,45,17,11,24,6,10,17,5,20,25,4,3,4,18,83,1.07,12.2,131.1,0.13,65.6,Inf,59.1,0.36,16.1,62.7,0,5.2,0,"2023-2024"
"BAY","OLY","25_2","Regular Season","Moses  Wright",17,2,1,4,25,0,0,NA,0,0,NA,0,2,2,1,1,0,1,1,3,0,0,"A","W",76,45,17,11,24,6,10,17,5,20,25,4,3,4,18,83,76,45,17,11,24,6,10,17,5,20,25,4,3,4,18,83,0.5,3.8,52.6,0,26.3,Inf,25,0,1.4,25,0,2.7,0,"2023-2024"
"BAY","OLY","25_2","Regular Season","Isaiah  Canaan",13,0,0,2,0,0,2,0,0,0,NA,0,1,1,0,1,0,0,1,2,0,-5,"A","W",76,45,17,11,24,6,10,17,5,20,25,4,3,4,18,83,76,45,17,11,24,6,10,17,5,20,25,4,3,4,18,83,0,3.8,0,-0.03,0,NA,0,0,-2.3,0,0,3.5,0,"2023-2024"
"BAY","OLY","25_2","Regular Season","Ignas  Brazdeikis",20,11,4,7,57.1,0,1,0,3,3,100,2,3,5,1,0,1,1,0,2,5,16,"A","W",76,45,17,11,24,6,10,17,5,20,25,4,3,4,18,83,76,45,17,11,24,6,10,17,5,20,25,4,3,4,18,83,1,8,137.5,0.07,12.5,1,50,0.38,8.9,59,12.5,5.9,20,"2023-2024"
"BAY","OLY","25_2","Regular Season","Alec  Peters",20,7,2,3,66.7,1,2,50,0,0,NA,0,4,4,0,0,0,1,0,2,1,9,"A","W",76,45,17,11,24,6,10,17,5,20,25,4,3,4,18,83,76,45,17,11,24,6,10,17,5,20,25,4,3,4,18,83,1.4,4.8,145.8,0.06,0,NA,70,0,5.8,70,0,2.9,0,"2023-2024"
"BAY","OLY","25_2","Regular Season","Nigel  Williams-Goss",17,8,4,7,57.1,0,1,0,0,0,NA,0,2,2,2,0,0,0,1,4,0,3,"A","W",76,45,17,11,24,6,10,17,5,20,25,4,3,4,18,83,76,45,17,11,24,6,10,17,5,20,25,4,3,4,18,83,1,7.7,103.9,0.03,26,Inf,50,0,4.4,50,0,5.4,0,"2023-2024"
"BAY","OLY","25_2","Regular Season","Giannoulis  Larentzakis",19,8,0,1,0,2,4,50,2,2,100,1,3,4,3,0,0,0,0,2,2,12,"A","W",76,45,17,11,24,6,10,17,5,20,25,4,3,4,18,83,76,45,17,11,24,6,10,17,5,20,25,4,3,4,18,83,1.14,4.7,170.2,0.07,63.8,Inf,60,0.4,8.2,68,0,3.5,10,"2023-2024"
"BAY","OLY","25_2","Regular Season","Naz  Mitrou-Long",6,0,0,0,NA,0,1,0,0,0,NA,0,0,0,0,0,2,0,0,0,0,-3,"A","W",76,45,17,11,24,6,10,17,5,20,25,4,3,4,18,83,76,45,17,11,24,6,10,17,5,20,25,4,3,4,18,83,0,2.9,0,-0.02,0,0,0,0,-2.7,0,68.97,5.7,0,"2023-2024"
"BAY","OLY","25_2","Regular Season","Kostas  Papanikolaou",20,5,1,1,100,1,2,50,0,0,NA,0,2,2,1,1,0,0,0,0,2,10,"A","W",76,45,17,11,24,6,10,17,5,20,25,4,3,4,18,83,76,45,17,11,24,6,10,17,5,20,25,4,3,4,18,83,1.67,2.9,172.4,0.06,34.5,Inf,83.3,0,6,83.3,0,1.7,0,"2023-2024"
"BAY","OLY","25_2","Regular Season","Filip  Petrusev",19,14,6,7,85.7,0,1,0,2,2,100,0,3,3,0,0,0,1,1,1,1,15,"A","W",76,45,17,11,24,6,10,17,5,20,25,4,3,4,18,83,76,45,17,11,24,6,10,17,5,20,25,4,3,4,18,83,1.4,8.5,164.7,0.11,0,NA,75,0.25,12,78.8,0,5.4,0,"2023-2024"
"BAY","OLY","25_2","Regular Season","Luke  Sikma",4,0,0,0,NA,0,0,NA,0,0,NA,1,0,1,0,0,0,0,0,0,0,1,"A","W",76,45,17,11,24,6,10,17,5,20,25,4,3,4,18,83,76,45,17,11,24,6,10,17,5,20,25,4,3,4,18,83,NA,-1,0,0,0,NA,NA,NA,0.7,NA,0,0,10,"2023-2024"
"BAY","OLY","25_2","Regular Season","Shaquielle  McKissic",16,5,1,3,33.3,1,2,50,0,0,NA,1,0,1,1,0,0,0,0,0,2,6,"A","W",76,45,17,11,24,6,10,17,5,20,25,4,3,4,18,83,76,45,17,11,24,6,10,17,5,20,25,4,3,4,18,83,1,3.8,131.6,0.03,26.3,Inf,50,0,3.7,50,0,3.6,10,"2023-2024"
"OLY","BAY","25_2","Regular Season","Carsen  Edwards",19,2,0,3,0,0,4,0,2,2,100,0,2,2,1,1,2,1,1,1,2,-2,"H","L",72,41,20,11,21,7,9,12,8,23,31,3,6,5,16,80,72,41,20,11,21,7,9,12,8,23,31,3,6,5,16,80,0.22,9.5,21.1,-0.03,10.5,0.5,0,0.29,-2.3,12.7,21.05,5.8,0,"2023-2024"
"OLY","BAY","25_2","Regular Season","Niels  Giffey",18,4,2,4,50,0,1,0,0,0,NA,1,3,4,0,2,0,0,0,2,1,6,"H","L",72,41,20,11,21,7,9,12,8,23,31,3,6,5,16,80,72,41,20,11,21,7,9,12,8,23,31,3,6,5,16,80,0.8,3.8,105.3,0.04,0,NA,40,0,4.1,40,0,3.1,6.2,"2023-2024"
"OLY","BAY","25_2","Regular Season","Leandro  Bolmaro",20,1,0,5,0,0,0,NA,1,2,50,0,1,1,4,0,2,1,1,2,2,-2,"H","L",72,41,20,11,21,7,9,12,8,23,31,3,6,5,16,80,72,41,20,11,21,7,9,12,8,23,31,3,6,5,16,80,0.14,7.6,13.2,-0.03,52.6,2,0,0.4,-1.9,8.5,26.32,4.4,0,"2023-2024"
"OLY","BAY","25_2","Regular Season","Vladimir  Lucic",25,8,1,1,100,2,5,40,0,0,NA,2,3,5,1,0,0,0,0,2,1,10,"H","L",72,41,20,11,21,7,9,12,8,23,31,3,6,5,16,80,72,41,20,11,21,7,9,12,8,23,31,3,6,5,16,80,1.33,3.8,210.5,0.07,26.3,Inf,66.7,0,7.2,66.7,0,2.7,12.5,"2023-2024"
"OLY","BAY","25_2","Regular Season","Serge  Ibaka",25,18,7,11,63.6,1,1,100,1,1,100,1,7,8,0,0,1,2,0,3,3,23,"H","L",72,41,20,11,21,7,9,12,8,23,31,3,6,5,16,80,72,41,20,11,21,7,9,12,8,23,31,3,6,5,16,80,1.38,11.9,151.3,0.16,0,0,70.8,0.08,14.8,72.3,8.4,6,6.2,"2023-2024"
"OLY","BAY","25_2","Regular Season","Nick  Weiler-Babb",22,6,1,2,50,1,2,50,1,2,50,1,2,3,2,0,0,0,1,1,3,9,"H","L",72,41,20,11,21,7,9,12,8,23,31,3,6,5,16,80,72,41,20,11,21,7,9,12,8,23,31,3,6,5,16,80,1,3.7,162.2,0.05,54.1,Inf,62.5,0.5,5.9,61.5,0,2.5,6.2,"2023-2024"
"OLY","BAY","25_2","Regular Season","Sylvain  Francisco",20,18,3,6,50,3,4,75,3,3,100,0,1,1,3,0,0,0,0,0,3,21,"H","L",72,41,20,11,21,7,9,12,8,23,31,3,6,5,16,80,72,41,20,11,21,7,9,12,8,23,31,3,6,5,16,80,1.38,10.9,165.1,0.15,27.5,Inf,75,0.3,15.8,79.5,0,6.3,0,"2023-2024"
"OLY","BAY","25_2","Regular Season","Dino  Radoncic",12,0,0,1,0,0,0,NA,0,0,NA,0,1,1,0,0,1,0,1,1,0,-3,"H","L",72,41,20,11,21,7,9,12,8,23,31,3,6,5,16,80,72,41,20,11,21,7,9,12,8,23,31,3,6,5,16,80,0,1.9,0,-0.02,0,0,0,0,-1.8,0,52.63,1.9,0,"2023-2024"
"OLY","BAY","25_2","Regular Season","Isaac  Bonga",12,4,2,2,100,0,0,NA,0,0,NA,0,1,1,0,0,0,1,0,1,0,5,"H","L",72,41,20,11,21,7,9,12,8,23,31,3,6,5,16,80,72,41,20,11,21,7,9,12,8,23,31,3,6,5,16,80,2,1.9,210.5,0.04,0,NA,100,0,4,100,0,1.9,0,"2023-2024"
"OLY","BAY","25_2","Regular Season","Andreas  Obst",13,0,0,1,0,0,3,0,0,0,NA,1,0,1,1,0,0,0,0,1,0,-3,"H","L",72,41,20,11,21,7,9,12,8,23,31,3,6,5,16,80,72,41,20,11,21,7,9,12,8,23,31,3,6,5,16,80,0,2.9,0,-0.03,34.5,Inf,0,0,-1.8,0,0,3.4,6.2,"2023-2024"
"OLY","BAY","25_2","Regular Season","Elias  Harris",9,9,4,4,100,0,0,NA,1,1,100,2,2,4,0,0,0,0,0,1,3,15,"H","L",72,41,20,11,21,7,9,12,8,23,31,3,6,5,16,80,72,41,20,11,21,7,9,12,8,23,31,3,6,5,16,80,1.8,2.3,391.3,0.09,0,NA,100,0.25,9.4,101.4,0,5.5,12.5,"2023-2024"
"OLY","BAY","25_2","Regular Season","Danko   Brankovic",6,2,1,1,100,0,0,NA,0,0,NA,0,0,0,0,0,0,0,0,1,0,1,"H","L",72,41,20,11,21,7,9,12,8,23,31,3,6,5,16,80,72,41,20,11,21,7,9,12,8,23,31,3,6,5,16,80,2,1,200,0.01,0,NA,100,0,1.3,100,0,1.9,0,"2023-2024"
"RMB","VIL","25_3","Regular Season","Deshaun  Thomas",28,11,4,8,50,1,3,33.3,0,0,NA,1,3,4,0,0,2,0,1,1,0,5,"A","L",79,40,20,14,23,7,12,16,10,21,31,2,12,2,18,79,79,40,20,14,23,7,12,16,10,21,31,2,12,2,18,79,1,11.5,95.7,0.04,0,0,50,0,4.5,50,17.39,4.8,5,"2023-2024"
"RMB","VIL","25_3","Regular Season","Paris  Lee",32,23,8,8,100,1,6,16.7,4,5,80,0,3,3,7,1,1,0,0,3,4,28,"A","L",79,40,20,14,23,7,12,16,10,21,31,2,12,2,18,79,79,40,20,14,23,7,12,16,10,21,31,2,12,2,18,79,1.21,16.5,139.4,0.19,42.4,7,67.9,0.36,21,71,6.06,5.5,0,"2023-2024"
"RMB","VIL","25_3","Regular Season","Edwin  Jackson",31,12,2,4,50,2,4,50,2,2,100,1,1,2,4,0,3,0,1,2,3,11,"A","L",79,40,20,14,23,7,12,16,10,21,31,2,12,2,18,79,79,40,20,14,23,7,12,16,10,21,31,2,12,2,18,79,1.2,10.4,115.4,0.07,38.5,1.3,62.5,0.25,8,67.6,28.85,3.9,5,"2023-2024"
"RMB","VIL","25_3","Regular Season","Youssoupha  Fall",15,3,1,4,25,0,0,NA,1,2,50,3,3,6,0,0,0,0,1,1,2,5,"A","L",79,40,20,14,23,7,12,16,10,21,31,2,12,2,18,79,79,40,20,14,23,7,12,16,10,21,31,2,12,2,18,79,0.5,1.8,166.7,0.02,0,NA,25,0.5,2.8,30.7,0,3.3,15,"2023-2024"
"RMB","VIL","25_3","Regular Season","David  Lighty",24,3,0,2,0,1,3,33.3,0,0,NA,1,0,1,2,0,0,0,0,3,1,0,"A","L",79,40,20,14,23,7,12,16,10,21,31,2,12,2,18,79,79,40,20,14,23,7,12,16,10,21,31,2,12,2,18,79,0.6,3.8,78.9,-0.01,52.6,Inf,30,0,0.8,30,0,2.1,5,"2023-2024"
"RMB","VIL","25_3","Regular Season","Mike  Scott",25,18,5,7,71.4,1,2,50,5,5,100,2,4,6,1,1,0,0,1,2,4,24,"A","L",79,40,20,14,23,7,12,16,10,21,31,2,12,2,18,79,79,40,20,14,23,7,12,16,10,21,31,2,12,2,18,79,1.29,8.8,204.5,0.16,11.4,Inf,72.2,0.56,17.6,80.4,0,4.6,10,"2023-2024"
"RMB","VIL","25_3","Regular Season","Charles Lombahe Kahudi",12,3,0,2,0,1,1,100,0,0,NA,1,2,3,1,0,1,0,0,4,0,0,"A","L",79,40,20,14,23,7,12,16,10,21,31,2,12,2,18,79,79,40,20,14,23,7,12,16,10,21,31,2,12,2,18,79,1,2.9,103.4,0,34.5,1,50,0,0.7,50,34.48,3.4,5,"2023-2024"
"RMB","VIL","25_3","Regular Season","Mbaye  Ndiaye",26,6,3,5,60,0,0,NA,0,0,NA,1,4,5,1,0,3,2,0,1,1,9,"A","L",79,40,20,14,23,7,12,16,10,21,31,2,12,2,18,79,79,40,20,14,23,7,12,16,10,21,31,2,12,2,18,79,1.2,6.7,89.6,0.05,14.9,0.3,60,0,4.3,60,44.78,3.1,5,"2023-2024"
"RMB","VIL","25_3","Regular Season","Noam  Yaacov",6,0,0,0,NA,0,1,0,0,0,NA,0,1,1,0,0,2,0,0,1,0,-3,"A","L",79,40,20,14,23,7,12,16,10,21,31,2,12,2,18,79,79,40,20,14,23,7,12,16,10,21,31,2,12,2,18,79,0,2.9,0,-0.02,0,0,0,0,-2.8,0,68.97,5.1,0,"2023-2024"
"VIL","RMB","25_3","Regular Season","Alberto   Abalde",17,3,0,0,NA,1,4,25,0,0,NA,0,5,5,2,0,0,0,0,2,0,5,"H","W",86,45,20,19,22,8,18,20,11,19,30,7,5,4,15,107,86,45,20,19,22,8,18,20,11,19,30,7,5,4,15,107,0.75,3.8,78.9,0.03,52.6,Inf,37.5,0,2.7,37.5,0,2.4,0,"2023-2024"
"VIL","RMB","25_3","Regular Season","Facundo  Campazzo",14,10,1,2,50,2,4,50,2,2,100,1,3,4,0,0,0,0,0,3,3,11,"H","W",86,45,20,19,22,8,18,20,11,19,30,7,5,4,15,107,86,45,20,19,22,8,18,20,11,19,30,7,5,4,15,107,1.25,5.6,178.6,0.04,0,NA,66.7,0.33,7.4,72.7,0,5,4.5,"2023-2024"
"VIL","RMB","25_3","Regular Season","Mario  Hezonja",24,9,2,9,22.2,1,2,50,2,2,100,2,2,4,0,0,0,0,0,0,2,7,"H","W",86,45,20,19,22,8,18,20,11,19,30,7,5,4,15,107,86,45,20,19,22,8,18,20,11,19,30,7,5,4,15,107,0.69,9.5,94.7,0.02,0,NA,31.8,0.18,4.5,37.9,0,5.1,9.1,"2023-2024"
"VIL","RMB","25_3","Regular Season","Gabriel  Deck",23,12,4,6,66.7,1,2,50,1,2,50,1,2,3,1,1,0,0,1,0,1,13,"H","W",86,45,20,19,22,8,18,20,11,19,30,7,5,4,15,107,86,45,20,19,22,8,18,20,11,19,30,7,5,4,15,107,1.2,7.6,157.9,0.07,13.2,Inf,68.8,0.25,11,67.6,0,3.9,4.5,"2023-2024"
"VIL","RMB","25_3","Regular Season","Vincent  Poirier",23,8,3,5,60,0,0,NA,2,2,100,4,1,5,3,1,0,4,0,1,3,21,"H","W",86,45,20,19,22,8,18,20,11,19,30,7,5,4,15,107,86,45,20,19,22,8,18,20,11,19,30,7,5,4,15,107,1.14,1.8,444.4,0.08,166.7,Inf,60,0.4,14.3,68,0,2.6,18.2,"2023-2024"
"VIL","RMB","25_3","Regular Season","Fabien  Causeur",7,0,0,2,0,0,0,NA,0,0,NA,0,0,0,0,0,0,0,0,1,0,-3,"H","W",86,45,20,19,22,8,18,20,11,19,30,7,5,4,15,107,86,45,20,19,22,8,18,20,11,19,30,7,5,4,15,107,0,1.9,0,-0.02,0,NA,0,0,-1.8,0,0,2.9,0,"2023-2024"
"VIL","RMB","25_3","Regular Season","Rudy  Fernandez",18,3,0,0,NA,1,3,33.3,0,0,NA,0,1,1,0,1,0,0,0,0,0,3,"H","W",86,45,20,19,22,8,18,20,11,19,30,7,5,4,15,107,86,45,20,19,22,8,18,20,11,19,30,7,5,4,15,107,1,2.9,103.4,0.02,0,NA,50,0,2.6,50,0,1.7,0,"2023-2024"
"VIL","RMB","25_3","Regular Season","Carlos  Alocen",4,0,0,0,NA,0,0,NA,0,0,NA,0,0,0,2,1,0,0,0,1,2,4,"H","W",86,45,20,19,22,8,18,20,11,19,30,7,5,4,15,107,86,45,20,19,22,8,18,20,11,19,30,7,5,4,15,107,NA,0,NA,0.01,Inf,Inf,NA,NA,2,NA,NA,0,0,"2023-2024"
"VIL","RMB","25_3","Regular Season","Sergio  Rodriguez",21,2,1,1,100,0,3,0,0,0,NA,0,2,2,9,0,3,0,0,4,1,4,"H","W",86,45,20,19,22,8,18,20,11,19,30,7,5,4,15,107,86,45,20,19,22,8,18,20,11,19,30,7,5,4,15,107,0.5,6.7,29.9,0.02,134.3,3,25,0,1.9,25,44.78,3.4,0,"2023-2024"
"VIL","RMB","25_3","Regular Season","Guerschon  Yabusele",21,26,6,8,75,1,1,100,11,11,100,2,1,3,0,2,1,0,0,1,6,33,"H","W",86,45,20,19,22,8,18,20,11,19,30,7,5,4,15,107,86,45,20,19,22,8,18,20,11,19,30,7,5,4,15,107,1.3,12.3,211.4,0.16,0,0,83.3,1.22,24.8,93.9,8.13,7.2,9.1,"2023-2024"
"VIL","RMB","25_3","Regular Season","Eli  Ndiaye",5,4,2,2,100,0,0,NA,0,0,NA,1,0,1,0,0,0,0,0,1,0,4,"H","W",86,45,20,19,22,8,18,20,11,19,30,7,5,4,15,107,86,45,20,19,22,8,18,20,11,19,30,7,5,4,15,107,2,1,400,0.02,0,NA,100,0,3.7,100,0,4.1,4.5,"2023-2024"
"VIL","RMB","25_3","Regular Season","Dzanan  Musa",21,9,3,10,30,1,1,100,0,0,NA,0,2,2,3,1,1,0,1,1,0,5,"H","W",86,45,20,19,22,8,18,20,11,19,30,7,5,4,15,107,86,45,20,19,22,8,18,20,11,19,30,7,5,4,15,107,0.82,11.5,78.3,0.04,26.1,3,40.9,0,5.2,40.9,8.7,5.8,0,"2023-2024"
"BAS","MAC","25_4","Regular Season","Lorenzo  Brown",28,11,3,6,50,1,6,16.7,2,3,66.7,2,1,3,4,1,3,0,0,3,3,7,"A","L",82,50,23,20,23,7,15,13,15,22,37,8,6,3,14,88,82,50,23,20,23,7,15,13,15,22,37,8,6,3,14,88,0.73,13.7,80.3,0.02,29.2,1.3,37.5,0.25,5.1,41.3,21.9,5.3,6.7,"2023-2024"
"BAS","MAC","25_4","Regular Season","Wade  Baldwin IV",29,25,4,10,40,4,7,57.1,5,6,83.3,0,4,4,6,1,0,0,0,0,4,30,"A","L",82,50,23,20,23,7,15,13,15,22,37,8,6,3,14,88,82,50,23,20,23,7,15,13,15,22,37,8,6,3,14,88,1.09,18.9,132.3,0.2,31.7,Inf,58.8,0.35,22.3,63.6,0,6.2,0,"2023-2024"
"BAS","MAC","25_4","Regular Season","Jake  Cohen",4,0,0,0,NA,0,0,NA,0,0,NA,0,0,0,0,0,2,0,0,0,1,-1,"A","L",82,50,23,20,23,7,15,13,15,22,37,8,6,3,14,88,82,50,23,20,23,7,15,13,15,22,37,8,6,3,14,88,NA,1.9,0,-0.02,0,0,NA,NA,-2,NA,105.26,4.6,0,"2023-2024"
"BAS","MAC","25_4","Regular Season","Josh  Nebo",26,12,5,7,71.4,0,0,NA,2,4,50,2,3,5,0,3,0,0,0,1,2,17,"A","L",82,50,23,20,23,7,15,13,15,22,37,8,6,3,14,88,82,50,23,20,23,7,15,13,15,22,37,8,6,3,14,88,1.09,6.5,184.6,0.11,0,NA,71.4,0.57,13.2,68.5,0,3.1,6.7,"2023-2024"
"BAS","MAC","25_4","Regular Season","Bonzie  Colson",29,5,2,6,33.3,0,2,0,1,2,50,3,6,9,0,1,0,1,1,3,1,6,"A","L",82,50,23,20,23,7,15,13,15,22,37,8,6,3,14,88,82,50,23,20,23,7,15,13,15,22,37,8,6,3,14,88,0.5,5.6,89.3,0.03,0,NA,25,0.25,4.2,28.2,0,2.8,10,"2023-2024"
"BAS","MAC","25_4","Regular Season","Antonius  Cleveland",15,2,1,3,33.3,0,1,0,0,0,NA,2,1,3,3,1,0,1,0,2,1,6,"A","L",82,50,23,20,23,7,15,13,15,22,37,8,6,3,14,88,82,50,23,20,23,7,15,13,15,22,37,8,6,3,14,88,0.5,1.9,105.3,0.03,157.9,Inf,25,0,4.3,25,0,2.4,6.7,"2023-2024"
"BAS","MAC","25_4","Regular Season","James  Webb III",17,8,2,6,33.3,1,4,25,1,1,100,2,2,4,0,0,0,1,0,2,1,5,"A","L",82,50,23,20,23,7,15,13,15,22,37,8,6,3,14,88,82,50,23,20,23,7,15,13,15,22,37,8,6,3,14,88,0.73,8.1,98.8,0.02,0,NA,35,0.1,4.1,38.3,0,5.6,6.7,"2023-2024"
"BAS","MAC","25_4","Regular Season","Roman  Sorkin",13,4,1,5,20,0,0,NA,2,2,100,2,0,2,0,0,1,0,0,1,1,1,"A","L",82,50,23,20,23,7,15,13,15,22,37,8,6,3,14,88,82,50,23,20,23,7,15,13,15,22,37,8,6,3,14,88,0.57,4.7,85.1,-0.01,0,0,20,0.4,0.9,34,21.28,4.8,6.7,"2023-2024"
"BAS","MAC","25_4","Regular Season","John  Dibartolomeo",3,0,0,0,NA,0,0,NA,0,0,NA,1,0,1,0,0,0,0,0,1,0,0,"A","L",82,50,23,20,23,7,15,13,15,22,37,8,6,3,14,88,82,50,23,20,23,7,15,13,15,22,37,8,6,3,14,88,NA,-1,0,0,0,NA,NA,NA,0.3,NA,0,0,3.3,"2023-2024"
"BAS","MAC","25_4","Regular Season","Jasiel  Rivero",14,12,5,7,71.4,0,0,NA,2,2,100,1,3,4,0,1,0,0,2,0,1,14,"A","L",82,50,23,20,23,7,15,13,15,22,37,8,6,3,14,88,82,50,23,20,23,7,15,13,15,22,37,8,6,3,14,88,1.33,6.6,181.8,0.11,0,NA,71.4,0.29,11.7,76.1,0,5.1,3.3,"2023-2024"
"BAS","MAC","25_4","Regular Season","Tamir  Blatt",21,3,0,0,NA,1,3,33.3,0,0,NA,0,2,2,0,0,0,0,0,1,1,3,"A","L",82,50,23,20,23,7,15,13,15,22,37,8,6,3,14,88,82,50,23,20,23,7,15,13,15,22,37,8,6,3,14,88,1,2.9,103.4,0.02,0,NA,50,0,1.5,50,0,1.3,0,"2023-2024"
"MAC","BAS","25_4","Regular Season","Vanja  Marinkovic",29,14,2,2,100,3,8,37.5,1,1,100,2,1,3,3,0,0,0,0,0,0,15,"H","W",92,40,28,10,24,12,8,22,9,26,35,2,10,3,16,104,92,40,28,10,24,12,8,22,9,26,35,2,10,3,16,104,1.27,8.1,172.8,0.08,37,Inf,65,0.1,12.8,67,0,3.5,11.1,"2023-2024"
"MAC","BAS","25_4","Regular Season","Codi  Miller-McIntyre",32,10,3,5,60,1,3,33.3,1,2,50,0,4,4,8,0,0,0,2,3,1,13,"H","W",92,40,28,10,24,12,8,22,9,26,35,2,10,3,16,104,92,40,28,10,24,12,8,22,9,26,35,2,10,3,16,104,1,8.5,117.6,0.08,94.1,Inf,56.2,0.25,11.2,56.3,0,2.7,0,"2023-2024"
"MAC","BAS","25_4","Regular Season","Nikos  Rogkavopoulos",22,13,2,5,40,3,4,75,0,0,NA,0,2,2,2,1,0,0,0,4,1,11,"H","W",92,40,28,10,24,12,8,22,9,26,35,2,10,3,16,104,92,40,28,10,24,12,8,22,9,26,35,2,10,3,16,104,1.44,8.6,151.2,0.06,23.3,Inf,72.2,0,10.1,72.2,0,4,0,"2023-2024"
"MAC","BAS","25_4","Regular Season","Maik  Kotsar",37,10,4,6,66.7,0,0,NA,2,2,100,2,7,9,3,0,0,3,0,3,6,26,"H","W",92,40,28,10,24,12,8,22,9,26,35,2,10,3,16,104,92,40,28,10,24,12,8,22,9,26,35,2,10,3,16,104,1.25,4.7,212.8,0.1,63.8,Inf,66.7,0.33,13.9,72.7,0,1.8,11.1,"2023-2024"
"MAC","BAS","25_4","Regular Season","Chima  Moneke",36,15,7,13,53.8,0,2,0,1,2,50,5,10,15,2,1,4,0,1,1,3,21,"H","W",92,40,28,10,24,12,8,22,9,26,35,2,10,3,16,104,92,40,28,10,24,12,8,22,9,26,35,2,10,3,16,104,0.88,14.3,104.9,0.09,14,0.5,46.7,0.13,11.4,47.2,27.97,5.4,27.8,"2023-2024"
"MAC","BAS","25_4","Regular Season","Markus  Howard",23,26,5,8,62.5,5,9,55.6,1,1,100,0,2,2,2,0,3,0,0,1,1,20,"H","W",92,40,28,10,24,12,8,22,9,26,35,2,10,3,16,104,92,40,28,10,24,12,8,22,9,26,35,2,10,3,16,104,1.44,19.6,132.7,0.11,10.2,0.7,73.5,0.06,16.7,74.5,15.31,8.6,0,"2023-2024"
"MAC","BAS","25_4","Regular Season","Sander  Raieste",4,0,0,0,NA,0,1,0,0,0,NA,0,0,0,0,0,1,0,0,2,0,-4,"H","W",92,40,28,10,24,12,8,22,9,26,35,2,10,3,16,104,92,40,28,10,24,12,8,22,9,26,35,2,10,3,16,104,0,1.9,0,-0.02,0,0,0,0,-2.5,0,52.63,4.9,0,"2023-2024"
"MAC","BAS","25_4","Regular Season","Daniel  Diez",4,0,0,0,NA,0,0,NA,0,0,NA,0,0,0,0,0,1,0,0,1,0,-2,"H","W",92,40,28,10,24,12,8,22,9,26,35,2,10,3,16,104,92,40,28,10,24,12,8,22,9,26,35,2,10,3,16,104,NA,1,0,-0.01,0,0,NA,NA,-1.4,NA,100,2.4,0,"2023-2024"
"MAC","BAS","25_4","Regular Season","Jordan  Theodore",11,4,1,1,100,0,1,0,2,2,100,0,0,0,2,0,1,0,0,1,1,4,"H","W",92,40,28,10,24,12,8,22,9,26,35,2,10,3,16,104,92,40,28,10,24,12,8,22,9,26,35,2,10,3,16,104,1,3.7,108.1,0.02,54.1,2,50,1,3,69.4,27.03,3.4,0,"2023-2024"
"EFE","MIL","25_5","Regular Season","Nicolo  Melli",25,2,1,3,33.3,0,2,0,0,0,NA,2,5,7,2,1,3,0,0,4,1,2,"A","L",73,26,35,9,16,11,8,21,4,23,27,6,12,1,17,75,73,26,35,9,16,11,8,21,4,23,27,6,12,1,17,75,0.4,5.8,34.5,0,34.5,0.7,20,0,-0.4,20,51.72,3.3,25,"2023-2024"
"EFE","MIL","25_5","Regular Season","Shabazz  Napier",27,7,1,2,50,1,5,20,2,2,100,0,2,2,7,0,3,0,1,2,3,8,"A","L",73,26,35,9,16,11,8,21,4,23,27,6,12,1,17,75,73,26,35,9,16,11,8,21,4,23,27,6,12,1,17,75,0.78,10.4,67.3,0.05,67.3,2.3,35.7,0.29,4.6,44.4,28.85,4.2,0,"2023-2024"
"EFE","MIL","25_5","Regular Season","Devon  Hall",21,2,1,2,50,0,4,0,0,0,NA,0,0,0,1,1,2,0,0,0,0,-3,"A","L",73,26,35,9,16,11,8,21,4,23,27,6,12,1,17,75,73,26,35,9,16,11,8,21,4,23,27,6,12,1,17,75,0.33,7.7,26,-0.02,13,0.5,16.7,0,-2.1,16.7,25.97,4,0,"2023-2024"
"EFE","MIL","25_5","Regular Season","Shavon  Shields",29,17,3,5,60,3,9,33.3,2,3,66.7,0,7,7,4,2,2,0,1,2,4,20,"A","L",73,26,35,9,16,11,8,21,4,23,27,6,12,1,17,75,73,26,35,9,16,11,8,21,4,23,27,6,12,1,17,75,1,16.6,102.4,0.14,24.1,2,53.6,0.21,13.3,55.5,12.05,6.2,0,"2023-2024"
"EFE","MIL","25_5","Regular Season","Johannes  Voigtmann",24,16,4,4,100,2,5,40,2,2,100,1,4,5,0,0,0,1,0,1,1,19,"A","L",73,26,35,9,16,11,8,21,4,23,27,6,12,1,17,75,73,26,35,9,16,11,8,21,4,23,27,6,12,1,17,75,1.45,8.5,188.2,0.14,0,NA,77.8,0.22,14.3,81,0,4.3,12.5,"2023-2024"
"EFE","MIL","25_5","Regular Season","Maodo  Lo",13,2,1,2,50,0,1,0,0,0,NA,0,1,1,3,0,0,0,0,2,1,3,"A","L",73,26,35,9,16,11,8,21,4,23,27,6,12,1,17,75,73,26,35,9,16,11,8,21,4,23,27,6,12,1,17,75,0.67,2.9,69,0.02,103.4,Inf,33.3,0,1.9,33.3,0,2.4,0,"2023-2024"
"EFE","MIL","25_5","Regular Season","Rodney  McGruder",22,16,2,2,100,4,5,80,0,0,NA,0,2,2,0,0,0,0,0,0,0,17,"A","L",73,26,35,9,16,11,8,21,4,23,27,6,12,1,17,75,73,26,35,9,16,11,8,21,4,23,27,6,12,1,17,75,2.29,6.7,238.8,0.14,0,NA,114.3,0,14.1,114.3,0,3.3,0,"2023-2024"
"EFE","MIL","25_5","Regular Season","Alex  Poythress",4,0,0,0,NA,0,0,NA,0,0,NA,0,0,0,0,1,0,0,0,0,0,1,"A","L",73,26,35,9,16,11,8,21,4,23,27,6,12,1,17,75,73,26,35,9,16,11,8,21,4,23,27,6,12,1,17,75,NA,0,NA,0.01,NA,NA,NA,NA,1,NA,NA,0,0,"2023-2024"
"EFE","MIL","25_5","Regular Season","Stefano  Tonut",8,3,0,1,0,1,3,33.3,0,0,NA,0,0,0,1,0,0,0,0,1,1,1,"A","L",73,26,35,9,16,11,8,21,4,23,27,6,12,1,17,75,73,26,35,9,16,11,8,21,4,23,27,6,12,1,17,75,0.75,3.8,78.9,0,26.3,Inf,37.5,0,0.9,37.5,0,5.2,0,"2023-2024"
"EFE","MIL","25_5","Regular Season","Nikola  Mirotic",15,6,2,3,66.7,0,1,0,2,2,100,0,1,1,1,0,2,0,0,3,2,3,"A","L",73,26,35,9,16,11,8,21,4,23,27,6,12,1,17,75,73,26,35,9,16,11,8,21,4,23,27,6,12,1,17,75,1,6.6,90.9,0.01,15.2,0.5,50,0.5,1.8,61.5,30.3,4.8,0,"2023-2024"
"EFE","MIL","25_5","Regular Season","Kyle  Hines",12,2,1,2,50,0,0,NA,0,0,NA,1,1,2,2,1,0,0,0,2,0,4,"A","L",73,26,35,9,16,11,8,21,4,23,27,6,12,1,17,75,73,26,35,9,16,11,8,21,4,23,27,6,12,1,17,75,1,1,200,0.03,200,Inf,50,0,3.6,50,0,1.7,12.5,"2023-2024"
"MIL","EFE","25_5","Regular Season","Shane  Larkin",33,19,4,7,57.1,3,7,42.9,2,2,100,0,4,4,6,0,3,0,0,0,5,24,"H","W",79,38,29,9,19,11,8,14,9,25,34,6,9,2,13,91,79,38,29,9,19,11,8,14,9,25,34,6,9,2,13,91,1.19,17.2,110.5,0.14,34.9,2,60.7,0.14,14.4,63.8,17.44,5.4,0,"2023-2024"
"MIL","EFE","25_5","Regular Season","Erten  Gazi",5,0,0,0,NA,0,2,0,0,0,NA,0,0,0,0,0,0,0,0,1,0,-3,"H","W",79,38,29,9,19,11,8,14,9,25,34,6,9,2,13,91,79,38,29,9,19,11,8,14,9,25,34,6,9,2,13,91,0,1.9,0,-0.02,0,NA,0,0,-1.8,0,0,4,0,"2023-2024"
"MIL","EFE","25_5","Regular Season","Will  Clyburn",32,8,1,4,25,2,7,28.6,0,0,NA,2,5,7,3,1,1,0,0,4,3,9,"H","W",79,38,29,9,19,11,8,14,9,25,34,6,9,2,13,91,79,38,29,9,19,11,8,14,9,25,34,6,9,2,13,91,0.73,9.6,83.3,0.04,31.2,3,36.4,0,4.9,36.4,10.42,3.8,11.1,"2023-2024"
"MIL","EFE","25_5","Regular Season","Tibor  Pleiss",28,17,4,6,66.7,3,3,100,0,0,NA,2,4,6,0,0,2,0,0,1,1,19,"H","W",79,38,29,9,19,11,8,14,9,25,34,6,9,2,13,91,79,38,29,9,19,11,8,14,9,25,34,6,9,2,13,91,1.89,8.6,197.7,0.12,0,0,94.4,0,13.7,94.4,23.26,3.9,11.1,"2023-2024"
"MIL","EFE","25_5","Regular Season","Derek  Willis",34,9,2,4,50,1,4,25,2,2,100,2,6,8,0,2,1,0,0,1,2,14,"H","W",79,38,29,9,19,11,8,14,9,25,34,6,9,2,13,91,79,38,29,9,19,11,8,14,9,25,34,6,9,2,13,91,0.9,7.6,118.4,0.08,0,0,43.8,0.25,8.4,50.7,13.16,2.9,11.1,"2023-2024"
"MIL","EFE","25_5","Regular Season","Rodrigue  Beaubois",14,4,2,5,40,0,2,0,0,1,0,0,0,0,0,0,0,1,0,0,2,1,"H","W",79,38,29,9,19,11,8,14,9,25,34,6,9,2,13,91,79,38,29,9,19,11,8,14,9,25,34,6,9,2,13,91,0.5,7.1,56.3,-0.01,0,NA,28.6,0.14,0.2,26.9,0,5.3,0,"2023-2024"
"MIL","EFE","25_5","Regular Season","Elijah  Bryant",14,9,1,4,25,1,1,100,4,4,100,2,2,4,1,0,2,0,0,3,2,8,"H","W",79,38,29,9,19,11,8,14,9,25,34,6,9,2,13,91,79,38,29,9,19,11,8,14,9,25,34,6,9,2,13,91,1,6.5,138.5,0.04,15.4,0.5,50,0.8,5.8,66.6,30.77,6.3,11.1,"2023-2024"
"MIL","EFE","25_5","Regular Season","Darius  Thompson",28,9,3,5,60,1,3,33.3,0,0,NA,0,3,3,4,2,0,1,1,2,1,13,"H","W",79,38,29,9,19,11,8,14,9,25,34,6,9,2,13,91,79,38,29,9,19,11,8,14,9,25,34,6,9,2,13,91,1.12,7.7,116.9,0.09,51.9,Inf,56.2,0,10.6,56.2,0,2.9,0,"2023-2024"
"MIL","EFE","25_5","Regular Season","Tyrique  Jones",12,4,2,3,66.7,0,0,NA,0,0,NA,1,1,2,0,1,0,0,0,1,1,6,"H","W",79,38,29,9,19,11,8,14,9,25,34,6,9,2,13,91,79,38,29,9,19,11,8,14,9,25,34,6,9,2,13,91,1.33,1.9,210.5,0.03,0,NA,66.7,0,4.3,66.7,0,2.5,5.6,"2023-2024"
"ASM","FEN","25_6","Regular Season","Amine  Noua",21,8,1,2,50,2,4,50,0,0,NA,2,2,4,1,0,0,1,0,2,1,10,"A","L",69,27,31,11,15,10,9,14,10,20,30,3,19,2,28,55,69,27,31,11,15,10,9,14,10,20,30,3,19,2,28,55,1.33,3.8,210.5,0.12,26.3,Inf,66.7,0,7.6,66.7,0,2.8,10,"2023-2024"
"ASM","FEN","25_6","Regular Season","Scottie  Wilbekin",32,11,1,3,33.3,3,10,30,0,0,NA,0,2,2,5,0,4,0,0,1,2,6,"A","L",69,27,31,11,15,10,9,14,10,20,30,3,19,2,28,55,69,27,31,11,15,10,9,14,10,20,30,3,19,2,28,55,0.85,16.3,67.5,0.07,30.7,1.2,42.3,0,3.2,42.3,24.54,5.2,0,"2023-2024"
"ASM","FEN","25_6","Regular Season","Sertac  Sanli",23,12,2,3,66.7,2,3,66.7,2,2,100,1,1,2,0,1,0,0,0,4,3,12,"A","L",69,27,31,11,15,10,9,14,10,20,30,3,19,2,28,55,69,27,31,11,15,10,9,14,10,20,30,3,19,2,28,55,1.5,5.6,214.3,0.14,0,NA,83.3,0.33,9.8,87.2,0,2.9,5,"2023-2024"
"ASM","FEN","25_6","Regular Season","Georgios  Papagiannis",18,7,2,2,100,1,1,100,0,0,NA,0,3,3,0,1,1,0,0,2,0,8,"A","L",69,27,31,11,15,10,9,14,10,20,30,3,19,2,28,55,69,27,31,11,15,10,9,14,10,20,30,3,19,2,28,55,2.33,3.8,184.2,0.13,0,0,116.7,0,6.2,116.7,26.32,2.2,0,"2023-2024"
"ASM","FEN","25_6","Regular Season","Nick  Calathes",25,10,2,2,100,2,4,50,0,0,NA,0,4,4,3,1,6,0,0,3,2,9,"A","L",69,27,31,11,15,10,9,14,10,20,30,3,19,2,28,55,69,27,31,11,15,10,9,14,10,20,30,3,19,2,28,55,1.67,11.5,87,0.12,26.1,0.5,83.3,0,4.5,83.3,52.17,4.7,0,"2023-2024"
"ASM","FEN","25_6","Regular Season","Johnathan  Motley",17,11,4,5,80,0,0,NA,3,5,60,4,4,8,1,0,2,0,0,5,5,15,"A","L",69,27,31,11,15,10,9,14,10,20,30,3,19,2,28,55,69,27,31,11,15,10,9,14,10,20,30,3,19,2,28,55,1.1,5,220,0.13,20,0.5,80,1,9,76.4,40,5.3,20,"2023-2024"
"ASM","FEN","25_6","Regular Season","Nigel  Hayes-Davis",22,4,0,3,0,0,2,0,4,4,100,3,2,5,1,0,2,1,0,3,5,6,"A","L",69,27,31,11,15,10,9,14,10,20,30,3,19,2,28,55,69,27,31,11,15,10,9,14,10,20,30,3,19,2,28,55,0.44,5.5,72.7,-0.02,18.2,0.5,0,0.8,1.4,29.6,36.36,3.9,15,"2023-2024"
"ASM","FEN","25_6","Regular Season","Tarik  Biberovic",9,2,1,3,33.3,0,1,0,0,0,NA,0,1,1,0,0,0,0,0,3,0,-3,"A","L",69,27,31,11,15,10,9,14,10,20,30,3,19,2,28,55,69,27,31,11,15,10,9,14,10,20,30,3,19,2,28,55,0.5,3.8,52.6,-0.05,0,NA,25,0,-1.3,25,0,4.3,0,"2023-2024"
"ASM","FEN","25_6","Regular Season","Marko  Guduric",22,2,1,3,33.3,0,5,0,0,0,NA,0,1,1,1,0,3,0,0,3,1,-8,"A","L",69,27,31,11,15,10,9,14,10,20,30,3,19,2,28,55,69,27,31,11,15,10,9,14,10,20,30,3,19,2,28,55,0.25,10.6,18.9,-0.15,9.4,0.3,12.5,0,-6.4,12.5,28.3,4.9,0,"2023-2024"
"ASM","FEN","25_6","Regular Season","Tyler  Dorsey",8,2,1,1,100,0,1,0,0,0,NA,0,0,0,1,0,1,0,0,2,0,-1,"A","L",69,27,31,11,15,10,9,14,10,20,30,3,19,2,28,55,69,27,31,11,15,10,9,14,10,20,30,3,19,2,28,55,1,2.9,69,-0.02,34.5,1,50,0,-0.1,50,34.48,3.7,0,"2023-2024"
"ASM","FEN","25_6","Regular Season","Yam  Madar",2,0,0,0,NA,0,0,NA,0,0,NA,0,0,0,1,0,0,0,0,0,0,1,"A","L",69,27,31,11,15,10,9,14,10,20,30,3,19,2,28,55,69,27,31,11,15,10,9,14,10,20,30,3,19,2,28,55,NA,0,NA,0.02,Inf,Inf,NA,NA,0.7,NA,NA,0,0,"2023-2024"
"FEN","ASM","25_6","Regular Season","John  Brown III",36,15,7,9,77.8,0,0,NA,1,2,50,1,3,4,3,3,2,0,0,1,7,26,"H","W",76,48,16,14,27,4,10,16,7,18,25,11,9,0,21,85,76,48,16,14,27,4,10,16,7,18,25,11,9,0,21,85,1.36,10.4,144.2,0.16,28.8,1.5,77.8,0.22,15.4,75.9,19.23,3.3,7.1,"2023-2024"
"FEN","ASM","25_6","Regular Season","Alpha  Diallo",29,4,0,4,0,1,2,50,1,2,50,0,1,1,0,1,0,0,0,3,1,-2,"H","W",76,48,16,14,27,4,10,16,7,18,25,11,9,0,21,85,76,48,16,14,27,4,10,16,7,18,25,11,9,0,21,85,0.5,6.6,60.6,-0.03,0,NA,25,0.33,-0.1,29.1,0,2.4,0,"2023-2024"
"FEN","ASM","25_6","Regular Season","Donatas  Motiejunas",20,11,5,6,83.3,0,2,0,1,2,50,1,3,4,0,0,2,0,0,1,5,13,"H","W",76,48,16,14,27,4,10,16,7,18,25,11,9,0,21,85,76,48,16,14,27,4,10,16,7,18,25,11,9,0,21,85,1.1,9.5,115.8,0.07,0,0,62.5,0.25,6.2,61.9,21.05,5.5,7.1,"2023-2024"
"FEN","ASM","25_6","Regular Season","Yakuba  Ouattara",5,0,0,1,0,0,0,NA,0,0,NA,0,0,0,0,0,0,0,1,0,0,-2,"H","W",76,48,16,14,27,4,10,16,7,18,25,11,9,0,21,85,76,48,16,14,27,4,10,16,7,18,25,11,9,0,21,85,0,1,0,-0.01,0,NA,0,0,-0.7,0,0,2,0,"2023-2024"
"FEN","ASM","25_6","Regular Season","Mike  James",34,23,6,9,66.7,3,7,42.9,2,2,100,0,4,4,6,2,1,0,0,1,3,29,"H","W",76,48,16,14,27,4,10,16,7,18,25,11,9,0,21,85,76,48,16,14,27,4,10,16,7,18,25,11,9,0,21,85,1.28,17.2,133.7,0.23,34.9,6,65.6,0.12,21.4,68.1,5.81,5.3,0,"2023-2024"
"FEN","ASM","25_6","Regular Season","Elie  Okobo",27,16,6,11,54.5,0,2,0,4,4,100,1,1,2,4,1,1,0,1,0,5,19,"H","W",76,48,16,14,27,4,10,16,7,18,25,11,9,0,21,85,76,48,16,14,27,4,10,16,7,18,25,11,9,0,21,85,0.94,14.2,112.7,0.13,28.2,4,46.2,0.31,13.1,54.2,7.04,5.9,7.1,"2023-2024"
"FEN","ASM","25_6","Regular Season","Jordan  Loyd",19,2,1,4,25,0,2,0,0,0,NA,0,1,1,2,2,2,0,0,4,2,-2,"H","W",76,48,16,14,27,4,10,16,7,18,25,11,9,0,21,85,76,48,16,14,27,4,10,16,7,18,25,11,9,0,21,85,0.33,7.7,26,-0.03,26,1,16.7,0,-1.7,16.7,25.97,4.3,0,"2023-2024"
"FEN","ASM","25_6","Regular Season","Jaron  Blossomgame",9,3,1,1,100,0,1,0,1,1,100,0,1,1,0,0,0,0,0,3,1,1,"H","W",76,48,16,14,27,4,10,16,7,18,25,11,9,0,21,85,76,48,16,14,27,4,10,16,7,18,25,11,9,0,21,85,1,2.3,130.4,0,0,NA,50,0.5,1.1,61.5,0,2.7,0,"2023-2024"
"FEN","ASM","25_6","Regular Season","Mouhammadou  Jaiteh",7,0,0,1,0,0,0,NA,0,0,NA,2,1,3,0,1,1,0,0,4,0,-2,"H","W",76,48,16,14,27,4,10,16,7,18,25,11,9,0,21,85,76,48,16,14,27,4,10,16,7,18,25,11,9,0,21,85,0,0,NA,-0.03,NA,0,0,0,-0.6,0,Inf,2.9,14.3,"2023-2024"
"FEN","ASM","25_6","Regular Season","Donta  Hall",13,2,1,2,50,0,0,NA,0,1,0,2,3,5,1,1,0,0,0,4,2,5,"H","W",76,48,16,14,27,4,10,16,7,18,25,11,9,0,21,85,76,48,16,14,27,4,10,16,7,18,25,11,9,0,21,85,0.67,0.4,500,0.02,250,Inf,50,0.5,3,41,0,1.9,14.3,"2023-2024"
"BAR","CRV","25_7","Regular Season","Dejan  Davidovac",14,0,0,0,NA,0,2,0,0,0,NA,0,0,0,0,0,0,1,0,1,0,-2,"H","L",76,41,27,18,22,6,14,16,13,18,31,3,11,3,16,75,76,41,27,18,22,6,14,16,13,18,31,3,11,3,16,75,0,1.9,0,-0.03,0,NA,0,0,-1.1,0,0,1.3,0,"2023-2024"
"BAR","CRV","25_7","Regular Season","Branko  Lazic",7,0,0,1,0,0,1,0,0,0,NA,1,0,1,0,0,0,0,0,1,0,-2,"H","L",76,41,27,18,22,6,14,16,13,18,31,3,11,3,16,75,76,41,27,18,22,6,14,16,13,18,31,3,11,3,16,75,0,1,0,-0.03,0,NA,0,0,-1.1,0,0,2.6,3.8,"2023-2024"
"BAR","CRV","25_7","Regular Season","Joel  Bolomboy",22,12,5,7,71.4,0,0,NA,2,2,100,4,6,10,0,0,1,0,0,0,2,21,"H","L",76,41,27,18,22,6,14,16,13,18,31,3,11,3,16,75,76,41,27,18,22,6,14,16,13,18,31,3,11,3,16,75,1.33,4.7,255.3,0.17,0,0,71.4,0.29,12.7,76.1,21.28,3.7,15.4,"2023-2024"
"BAR","CRV","25_7","Regular Season","Rokas  Giedraitis",27,6,2,2,100,0,4,0,2,2,100,2,3,5,1,2,1,0,0,2,3,10,"H","L",76,41,27,18,22,6,14,16,13,18,31,3,11,3,16,75,76,41,27,18,22,6,14,16,13,18,31,3,11,3,16,75,0.75,5.6,107.1,0.06,17.9,1,33.3,0.33,5.8,43.6,17.86,2.7,7.7,"2023-2024"
"BAR","CRV","25_7","Regular Season","Yago Mateus dos Santos",24,13,3,4,75,1,3,33.3,4,6,66.7,0,1,1,7,0,2,0,0,1,5,18,"H","L",76,41,27,18,22,6,14,16,13,18,31,3,11,3,16,75,76,41,27,18,22,6,14,16,13,18,31,3,11,3,16,75,1,11.2,116.1,0.13,62.5,3.5,64.3,0.86,11.7,67.4,17.86,4.5,0,"2023-2024"
"BAR","CRV","25_7","Regular Season","Javonte  Smart",12,7,2,3,66.7,1,4,25,0,0,NA,0,0,0,1,0,1,0,0,0,1,4,"H","L",76,41,27,18,22,6,14,16,13,18,31,3,11,3,16,75,76,41,27,18,22,6,14,16,13,18,31,3,11,3,16,75,1,7.7,90.9,0.03,13,1,50,0,3,50,12.99,6.1,0,"2023-2024"
"BAR","CRV","25_7","Regular Season","Milos  Teodosic",19,0,0,0,NA,0,3,0,0,0,NA,0,1,1,4,0,2,0,0,3,1,-2,"H","L",76,41,27,18,22,6,14,16,13,18,31,3,11,3,16,75,76,41,27,18,22,6,14,16,13,18,31,3,11,3,16,75,0,4.8,0,-0.03,83.3,2,0,0,-2.2,0,41.67,2.4,0,"2023-2024"
"BAR","CRV","25_7","Regular Season","Adam  Hanga",16,2,1,4,25,0,2,0,0,0,NA,0,2,2,3,0,0,1,0,2,1,2,"H","L",76,41,27,18,22,6,14,16,13,18,31,3,11,3,16,75,76,41,27,18,22,6,14,16,13,18,31,3,11,3,16,75,0.33,5.8,34.5,0,51.7,Inf,16.7,0,0.8,16.7,0,3.5,0,"2023-2024"
"BAR","CRV","25_7","Regular Season","Luka  Mitrovic",10,4,2,4,50,0,0,NA,0,0,NA,3,1,4,0,0,0,0,1,2,1,4,"H","L",76,41,27,18,22,6,14,16,13,18,31,3,11,3,16,75,76,41,27,18,22,6,14,16,13,18,31,3,11,3,16,75,1,1,400,0.03,0,NA,50,0,3.6,50,0,3.7,11.5,"2023-2024"
"BAR","CRV","25_7","Regular Season","Mike  Tobey",11,9,2,4,50,1,1,100,2,4,50,2,0,2,0,0,0,0,1,2,2,6,"H","L",76,41,27,18,22,6,14,16,13,18,31,3,11,3,16,75,76,41,27,18,22,6,14,16,13,18,31,3,11,3,16,75,1,4.6,195.7,0.04,0,NA,70,0.8,6.5,66.6,0,5.7,7.7,"2023-2024"
"BAR","CRV","25_7","Regular Season","Nemanja  Nedovic",29,21,4,9,44.4,3,7,42.9,4,4,100,0,2,2,0,0,4,0,1,1,4,12,"H","L",76,41,27,18,22,6,14,16,13,18,31,3,11,3,16,75,76,41,27,18,22,6,14,16,13,18,31,3,11,3,16,75,1.05,20.9,100.5,0.09,0,0,53.1,0.25,8.8,59.1,19.14,6.9,0,"2023-2024"
"BAR","CRV","25_7","Regular Season","Freddie  Gillespie",8,2,1,3,33.3,0,0,NA,0,0,NA,1,2,3,0,1,0,1,0,1,0,4,"H","L",76,41,27,18,22,6,14,16,13,18,31,3,11,3,16,75,76,41,27,18,22,6,14,16,13,18,31,3,11,3,16,75,0.67,1.9,105.3,0.03,0,NA,33.3,0,2.9,33.3,0,3.5,3.8,"2023-2024"
"CRV","BAR","25_7","Regular Season","Jan  Vesely",25,16,7,11,63.6,0,0,NA,2,2,100,3,5,8,1,1,1,0,1,4,4,20,"A","W",85,42,22,12,25,9,8,20,7,24,31,9,10,3,20,97,85,42,22,12,25,9,8,20,7,24,31,9,10,3,20,97,1.23,9.5,168.4,0.1,10.5,1,63.6,0.18,13.8,67.3,10.53,5.2,21.4,"2023-2024"
"CRV","BAR","25_7","Regular Season","Nikola  Kalinic",26,6,3,6,50,0,1,0,0,2,0,2,4,6,2,2,1,0,1,3,1,6,"A","W",85,42,22,12,25,9,8,20,7,24,31,9,10,3,20,97,85,42,22,12,25,9,8,20,7,24,31,9,10,3,20,97,0.67,6.6,90.9,0.03,30.3,2,42.9,0.29,5.3,38.1,15.15,3.4,14.3,"2023-2024"
"CRV","BAR","25_7","Regular Season","Tomas  Satoransky",32,6,3,4,75,0,3,0,0,0,NA,1,1,2,6,2,1,1,0,1,3,14,"A","W",85,42,22,12,25,9,8,20,7,24,31,9,10,3,20,97,85,42,22,12,25,9,8,20,7,24,31,9,10,3,20,97,0.86,6.7,89.6,0.06,89.6,6,42.9,0,8.8,42.9,14.93,2.5,7.1,"2023-2024"
"CRV","BAR","25_7","Regular Season","Nicolas  Laprovittola",22,12,2,2,100,2,6,33.3,2,2,100,0,3,3,3,0,3,0,0,2,1,10,"A","W",85,42,22,12,25,9,8,20,7,24,31,9,10,3,20,97,85,42,22,12,25,9,8,20,7,24,31,9,10,3,20,97,1.2,11.4,105.3,0.06,26.3,1,62.5,0.25,7.2,67.6,26.32,5.4,0,"2023-2024"
"CRV","BAR","25_7","Regular Season","Jabari  Parker",29,9,4,6,66.7,0,3,0,1,2,50,1,2,3,0,1,0,1,0,2,1,7,"A","W",85,42,22,12,25,9,8,20,7,24,31,9,10,3,20,97,85,42,22,12,25,9,8,20,7,24,31,9,10,3,20,97,0.82,8.5,105.9,0.03,0,NA,44.4,0.22,6.1,45.5,0,3.4,7.1,"2023-2024"
"CRV","BAR","25_7","Regular Season","Oscar  da Silva",6,1,0,1,0,0,0,NA,1,2,50,0,1,1,0,0,0,0,0,1,1,0,"A","W",85,42,22,12,25,9,8,20,7,24,31,9,10,3,20,97,85,42,22,12,25,9,8,20,7,24,31,9,10,3,20,97,0.33,1.8,55.6,-0.01,0,NA,0,2,-0.2,26.6,0,3.2,0,"2023-2024"
"CRV","BAR","25_7","Regular Season","Oriol  Pauli",0,0,0,0,NA,0,0,NA,0,0,NA,0,0,0,0,0,0,0,0,0,0,0,"A","W",85,42,22,12,25,9,8,20,7,24,31,9,10,3,20,97,85,42,22,12,25,9,8,20,7,24,31,9,10,3,20,97,NA,0,NA,0,NA,NA,NA,NA,0,NA,NA,NA,0,"2023-2024"
"CRV","BAR","25_7","Regular Season","Dario  Brizuela",18,20,1,2,50,6,7,85.7,0,0,NA,0,2,2,3,0,1,0,0,2,2,22,"A","W",85,42,22,12,25,9,8,20,7,24,31,9,10,3,20,97,85,42,22,12,25,9,8,20,7,24,31,9,10,3,20,97,2.22,9.6,208.3,0.13,31.2,3,111.1,0,17.4,111.1,10.42,5.6,0,"2023-2024"
"CRV","BAR","25_7","Regular Season","Willy  Hernangomez",14,6,2,5,40,0,0,NA,2,2,100,0,5,5,2,1,2,0,1,2,2,8,"A","W",85,42,22,12,25,9,8,20,7,24,31,9,10,3,20,97,85,42,22,12,25,9,8,20,7,24,31,9,10,3,20,97,0.86,7.6,78.9,0.04,26.3,1,40,0.4,4.4,51,26.32,5.7,0,"2023-2024"
"CRV","BAR","25_7","Regular Season","James  Nnaji",0,0,0,0,NA,0,0,NA,0,0,NA,0,0,0,0,0,0,0,0,0,0,0,"A","W",85,42,22,12,25,9,8,20,7,24,31,9,10,3,20,97,85,42,22,12,25,9,8,20,7,24,31,9,10,3,20,97,NA,0,NA,0,NA,NA,NA,NA,0,NA,NA,NA,0,"2023-2024"
"CRV","BAR","25_7","Regular Season","Rokas  Jokubaitis",18,9,3,5,60,1,1,100,0,0,NA,0,0,0,3,1,1,1,0,1,0,10,"A","W",85,42,22,12,25,9,8,20,7,24,31,9,10,3,20,97,85,42,22,12,25,9,8,20,7,24,31,9,10,3,20,97,1.5,6.7,134.3,0.06,44.8,3,75,0,8.8,75,14.93,3.9,0,"2023-2024"
"CRV","BAR","25_7","Regular Season","Joel  Parra",7,0,0,0,NA,0,1,0,0,0,NA,0,1,1,0,1,0,0,0,2,1,0,"A","W",85,42,22,12,25,9,8,20,7,24,31,9,10,3,20,97,85,42,22,12,25,9,8,20,7,24,31,9,10,3,20,97,0,1,0,-0.01,0,NA,0,0,-0.2,0,0,1.4,0,"2023-2024"
"BOL","PAR","25_8","Regular Season","Jaleen  Smith",19,6,3,4,75,0,1,0,0,0,NA,1,0,1,2,2,1,0,1,2,0,5,"A","L",84,41,16,16,23,9,11,8,4,18,22,6,12,2,25,77,84,41,16,16,23,9,11,8,4,18,22,6,12,2,25,77,1.2,4.8,125,0.05,41.7,2,60,0,6,60,20.83,3.3,12.5,"2023-2024"
"BOL","PAR","25_8","Regular Season","Aleksa  Avramovic",23,16,3,3,100,3,5,60,1,2,50,0,3,3,2,1,3,0,0,3,3,16,"A","L",84,41,16,16,23,9,11,8,4,18,22,6,12,2,25,77,84,41,16,16,23,9,11,8,4,18,22,6,12,2,25,77,1.6,11.4,140.4,0.12,17.5,0.7,93.8,0.25,11.5,90.1,26.32,5.4,0,"2023-2024"
"BOL","PAR","25_8","Regular Season","Alen  Smailagic",19,6,2,2,100,0,0,NA,2,4,50,1,0,1,0,0,0,0,0,2,3,6,"A","L",84,41,16,16,23,9,11,8,4,18,22,6,12,2,25,77,84,41,16,16,23,9,11,8,4,18,22,6,12,2,25,77,1,2.6,230.8,0.02,0,NA,100,2,4.5,79.8,0,2.1,12.5,"2023-2024"
"BOL","PAR","25_8","Regular Season","Mateusz  Ponitka",13,0,0,1,0,0,0,NA,0,0,NA,1,1,2,0,0,0,0,0,2,3,2,"A","L",84,41,16,16,23,9,11,8,4,18,22,6,12,2,25,77,84,41,16,16,23,9,11,8,4,18,22,6,12,2,25,77,0,0,NA,-0.01,NA,NA,0,0,-0.5,0,NA,0.8,12.5,"2023-2024"
"BOL","PAR","25_8","Regular Season","Bruno  Caboclo",2,0,0,1,0,0,0,NA,0,0,NA,0,0,0,0,0,0,0,0,2,0,-3,"A","L",84,41,16,16,23,9,11,8,4,18,22,6,12,2,25,77,84,41,16,16,23,9,11,8,4,18,22,6,12,2,25,77,0,1,0,-0.03,0,NA,0,0,-1.5,0,0,5.3,0,"2023-2024"
"BOL","PAR","25_8","Regular Season","Zach  LeDay",12,0,0,2,0,0,0,NA,0,0,NA,0,3,3,0,2,0,0,0,0,1,4,"A","L",84,41,16,16,23,9,11,8,4,18,22,6,12,2,25,77,84,41,16,16,23,9,11,8,4,18,22,6,12,2,25,77,0,1.9,0,0.03,0,NA,0,0,1.5,0,0,1.8,0,"2023-2024"
"BOL","PAR","25_8","Regular Season","Balsa  Koprivica",19,4,2,3,66.7,0,0,NA,0,0,NA,0,3,3,0,0,0,1,0,2,2,7,"A","L",84,41,16,16,23,9,11,8,4,18,22,6,12,2,25,77,84,41,16,16,23,9,11,8,4,18,22,6,12,2,25,77,1.33,2.9,137.9,0.04,0,NA,66.7,0,3.5,66.7,0,1.7,0,"2023-2024"
"BOL","PAR","25_8","Regular Season","Kevin  Punter",29,22,4,10,40,3,4,75,5,5,100,0,2,2,1,0,3,1,1,5,8,18,"A","L",84,41,16,16,23,9,11,8,4,18,22,6,12,2,25,77,84,41,16,16,23,9,11,8,4,18,22,6,12,2,25,77,1.16,18.4,119.6,0.1,5.4,0.3,60.7,0.36,12,67.9,16.3,7,0,"2023-2024"
"BOL","PAR","25_8","Regular Season","James  Nunnally",22,18,3,5,60,3,4,75,3,3,100,0,1,1,0,0,1,0,0,3,2,14,"A","L",84,41,16,16,23,9,11,8,4,18,22,6,12,2,25,77,84,41,16,16,23,9,11,8,4,18,22,6,12,2,25,77,1.5,10.9,165.1,0.12,0,0,83.3,0.33,12.2,87.2,9.17,5.4,0,"2023-2024"
"BOL","PAR","25_8","Regular Season","P.J.  Dozier",27,10,5,7,71.4,0,1,0,0,0,NA,0,4,4,3,1,4,0,0,3,0,8,"A","L",84,41,16,16,23,9,11,8,4,18,22,6,12,2,25,77,84,41,16,16,23,9,11,8,4,18,22,6,12,2,25,77,1.25,11.5,87,0.08,26.1,0.8,62.5,0,5.5,62.5,34.78,4.7,0,"2023-2024"
"BOL","PAR","25_8","Regular Season","Frank  Kaminsky",13,2,1,3,33.3,0,1,0,0,2,0,1,1,2,0,0,0,0,0,1,2,0,"A","L",84,41,16,16,23,9,11,8,4,18,22,6,12,2,25,77,84,41,16,16,23,9,11,8,4,18,22,6,12,2,25,77,0.33,3.7,54.1,-0.02,0,NA,25,0.5,-0.6,20.5,0,3.9,12.5,"2023-2024"
"PAR","BOL","25_8","Regular Season","Isaia  Cordinier",26,12,3,4,75,1,3,33.3,3,4,75,0,5,5,3,1,3,1,0,3,4,16,"H","W",88,29,28,20,20,11,15,19,5,22,27,7,13,2,24,97,88,29,28,20,20,11,15,19,5,22,27,7,13,2,24,97,1.09,11.3,106.2,0.08,26.5,1,64.3,0.57,9.4,68.5,26.55,4.6,0,"2023-2024"
"PAR","BOL","25_8","Regular Season","Marco  Belinelli",27,20,1,1,100,5,13,38.5,3,3,100,0,2,2,4,0,1,0,1,3,3,16,"H","W",88,29,28,20,20,11,15,19,5,22,27,7,13,2,24,97,88,29,28,20,20,11,15,19,5,22,27,7,13,2,24,97,1.18,15.7,127.4,0.1,25.5,4,60.7,0.21,13.8,65.3,6.37,6.1,0,"2023-2024"
"PAR","BOL","25_8","Regular Season","Tornike  Shengelia",22,8,2,2,100,1,2,50,1,2,50,1,4,5,1,0,4,0,0,4,4,8,"H","W",88,29,28,20,20,11,15,19,5,22,27,7,13,2,24,97,88,29,28,20,20,11,15,19,5,22,27,7,13,2,24,97,1.33,7.6,105.3,0.02,13.2,0.2,87.5,0.5,3,82,52.63,4.1,10,"2023-2024"
"PAR","BOL","25_8","Regular Season","Daniel  Hackett",24,7,1,3,33.3,1,4,25,2,2,100,0,3,3,4,0,1,0,0,3,4,9,"H","W",88,29,28,20,20,11,15,19,5,22,27,7,13,2,24,97,88,29,28,20,20,11,15,19,5,22,27,7,13,2,24,97,0.78,8.5,82.4,0.03,47.1,4,35.7,0.29,4.4,44.4,11.76,3.8,0,"2023-2024"
"PAR","BOL","25_8","Regular Season","Bryant  Dunston",27,7,3,5,60,0,0,NA,1,2,50,3,3,6,1,2,2,1,1,3,1,9,"H","W",88,29,28,20,20,11,15,19,5,22,27,7,13,2,24,97,88,29,28,20,20,11,15,19,5,22,27,7,13,2,24,97,1,4.7,148.9,0.05,21.3,0.5,60,0.4,7.5,59.5,42.55,3,30,"2023-2024"
"PAR","BOL","25_8","Regular Season","Gabriel  Lundberg",21,20,6,6,100,2,4,50,2,3,66.7,0,5,5,2,1,1,0,0,3,5,26,"H","W",88,29,28,20,20,11,15,19,5,22,27,7,13,2,24,97,88,29,28,20,20,11,15,19,5,22,27,7,13,2,24,97,1.54,11.8,169.5,0.15,16.9,2,90,0.3,17.5,88.3,8.47,6,0,"2023-2024"
"PAR","BOL","25_8","Regular Season","Alessandro  Pajola",16,3,1,1,100,0,1,0,1,2,50,0,0,0,4,2,1,0,0,1,1,6,"H","W",88,29,28,20,20,11,15,19,5,22,27,7,13,2,24,97,88,29,28,20,20,11,15,19,5,22,27,7,13,2,24,97,0.75,3.7,81.1,0.03,108.1,4,50,1,5,52.1,27.03,2.5,0,"2023-2024"
"PAR","BOL","25_8","Regular Season","Ognjen  Dobric",0,0,0,0,NA,0,0,NA,0,0,NA,0,0,0,0,0,0,0,0,1,0,-1,"H","W",88,29,28,20,20,11,15,19,5,22,27,7,13,2,24,97,88,29,28,20,20,11,15,19,5,22,27,7,13,2,24,97,NA,0,NA,-0.01,NA,NA,NA,NA,-0.4,NA,NA,NA,0,"2023-2024"
"PAR","BOL","25_8","Regular Season","Jordan  Mickey",15,4,2,6,33.3,0,0,NA,0,0,NA,1,0,1,0,0,0,0,0,2,0,-1,"H","W",88,29,28,20,20,11,15,19,5,22,27,7,13,2,24,97,88,29,28,20,20,11,15,19,5,22,27,7,13,2,24,97,0.67,4.8,83.3,-0.01,0,NA,33.3,0,0.5,33.3,0,4.1,10,"2023-2024"
"PAR","BOL","25_8","Regular Season","Awudu  Abass",20,7,1,1,100,1,1,100,2,2,100,0,0,0,0,1,0,0,0,1,2,9,"H","W",88,29,28,20,20,11,15,19,5,22,27,7,13,2,24,97,88,29,28,20,20,11,15,19,5,22,27,7,13,2,24,97,1.75,2.8,250,0.05,0,NA,125,1,7,121.5,0,1.5,0,"2023-2024"
"PAN","ZAL","25_9","Regular Season","Keenan  Evans",28,24,5,6,83.3,4,5,80,2,2,100,0,3,3,5,5,0,0,1,1,2,35,"H","W",80,44,21,6,26,8,4,14,10,21,31,11,8,2,22,86,80,44,21,6,26,8,4,14,10,21,31,11,8,2,22,86,1.85,11.4,210.5,0.25,43.9,Inf,100,0.18,28.9,101,0,4.5,0,"2023-2024"
"PAN","ZAL","25_9","Regular Season","Dovydas  Giedraitis",22,7,2,3,66.7,1,3,33.3,0,0,NA,1,0,1,1,1,1,0,0,0,0,6,"H","W",80,44,21,6,26,8,4,14,10,21,31,11,8,2,22,86,80,44,21,6,26,8,4,14,10,21,31,11,8,2,22,86,1.17,5.8,120.7,0.04,17.2,1,58.3,0,5.4,58.3,17.24,3.4,5,"2023-2024"
"PAN","ZAL","25_9","Regular Season","Laurynas  Birutis",21,12,6,9,66.7,0,0,NA,0,0,NA,1,0,1,1,0,0,2,0,3,2,12,"H","W",80,44,21,6,26,8,4,14,10,21,31,11,8,2,22,86,80,44,21,6,26,8,4,14,10,21,31,11,8,2,22,86,1.33,7.7,155.8,0.06,13,Inf,66.7,0,9.7,66.7,0,4.5,5,"2023-2024"
"PAN","ZAL","25_9","Regular Season","Brady   Manek",19,8,1,2,50,2,4,50,0,0,NA,0,1,1,0,1,0,0,0,4,1,4,"H","W",80,44,21,6,26,8,4,14,10,21,31,11,8,2,22,86,80,44,21,6,26,8,4,14,10,21,31,11,8,2,22,86,1.33,5.8,137.9,0.02,0,NA,66.7,0,4.7,66.7,0,3.3,0,"2023-2024"
"PAN","ZAL","25_9","Regular Season","Edgaras  Ulanovas",30,10,5,6,83.3,0,1,0,0,2,0,2,3,5,3,0,2,0,0,2,4,14,"H","W",80,44,21,6,26,8,4,14,10,21,31,11,8,2,22,86,80,44,21,6,26,8,4,14,10,21,31,11,8,2,22,86,1.11,7.6,131.6,0.07,39.5,1.5,71.4,0.29,7.9,63.5,26.32,3.5,10,"2023-2024"
"PAN","ZAL","25_9","Regular Season","Lukas  Lekavicius",4,0,0,1,0,0,1,0,0,0,NA,0,0,0,1,0,0,0,0,0,0,-1,"H","W",80,44,21,6,26,8,4,14,10,21,31,11,8,2,22,86,80,44,21,6,26,8,4,14,10,21,31,11,8,2,22,86,0,1.9,0,-0.01,52.6,Inf,0,0,-0.7,0,0,5.3,0,"2023-2024"
"PAN","ZAL","25_9","Regular Season","Kevarrius  Hayes",14,2,1,6,16.7,0,0,NA,0,0,NA,3,4,7,0,0,0,0,1,3,0,0,"H","W",80,44,21,6,26,8,4,14,10,21,31,11,8,2,22,86,80,44,21,6,26,8,4,14,10,21,31,11,8,2,22,86,0.33,2.9,69,0,0,NA,16.7,0,0.3,16.7,0,4.5,15,"2023-2024"
"PAN","ZAL","25_9","Regular Season","Rolands  Smits",16,10,4,5,80,0,2,0,2,2,100,1,2,3,0,1,3,0,0,1,2,9,"H","W",80,44,21,6,26,8,4,14,10,21,31,11,8,2,22,86,80,44,21,6,26,8,4,14,10,21,31,11,8,2,22,86,1.11,9.5,105.3,0.05,0,0,57.1,0.29,5.6,63.5,31.58,7.2,5,"2023-2024"
"PAN","ZAL","25_9","Regular Season","Edmond  Sumner",15,3,0,1,0,1,5,20,0,0,NA,0,0,0,1,2,2,0,0,2,1,-2,"H","W",80,44,21,6,26,8,4,14,10,21,31,11,8,2,22,86,80,44,21,6,26,8,4,14,10,21,31,11,8,2,22,86,0.5,7.7,39,-0.02,13,0.5,25,0,-0.9,25,25.97,5.6,0,"2023-2024"
"PAN","ZAL","25_9","Regular Season","Tomas  Dimsa",10,2,1,3,33.3,0,0,NA,0,0,NA,0,1,1,2,0,0,0,0,4,0,-1,"H","W",80,44,21,6,26,8,4,14,10,21,31,11,8,2,22,86,80,44,21,6,26,8,4,14,10,21,31,11,8,2,22,86,0.67,2.9,69,-0.01,69,Inf,33.3,0,0.4,33.3,0,3.2,0,"2023-2024"
"PAN","ZAL","25_9","Regular Season","Danielius  Lavrinovicius",0,0,0,0,NA,0,0,NA,0,0,NA,0,0,0,0,0,0,0,0,0,0,0,"H","W",80,44,21,6,26,8,4,14,10,21,31,11,8,2,22,86,80,44,21,6,26,8,4,14,10,21,31,11,8,2,22,86,NA,0,NA,0,NA,NA,NA,NA,0,NA,NA,NA,0,"2023-2024"
"PAN","ZAL","25_9","Regular Season","Arnas  Butkevicius",21,2,1,2,50,0,0,NA,0,0,NA,2,7,9,0,1,0,0,0,2,1,10,"H","W",80,44,21,6,26,8,4,14,10,21,31,11,8,2,22,86,80,44,21,6,26,8,4,14,10,21,31,11,8,2,22,86,1,0,Inf,0.06,NA,NA,50,0,4.7,50,NA,1,10,"2023-2024"
"ZAL","PAN","25_9","Regular Season","Jerian  Grant",30,7,1,2,50,1,5,20,2,2,100,0,1,1,3,0,0,0,0,2,1,5,"A","L",68,28,21,19,14,9,13,12,4,21,25,5,15,2,13,72,68,28,21,19,14,9,13,12,4,21,25,5,15,2,13,72,0.78,7.6,92.1,0.04,39.5,Inf,35.7,0.29,4.5,44.4,0,2.9,0,"2023-2024"
"ZAL","PAN","25_9","Regular Season","Kendrick  Nunn",34,26,5,9,55.6,5,7,71.4,1,1,100,0,3,3,4,2,7,0,1,2,2,21,"A","L",68,28,21,19,14,9,13,12,4,21,25,5,15,2,13,72,68,28,21,19,14,9,13,12,4,21,25,5,15,2,13,72,1.53,22.5,115.6,0.2,17.8,0.6,78.1,0.06,16.7,79.1,31.11,7.6,0,"2023-2024"
"ZAL","PAN","25_9","Regular Season","Mathias  Lessort",34,14,5,8,62.5,0,0,NA,4,6,66.7,2,5,7,2,0,3,2,1,2,6,20,"A","L",68,28,21,19,14,9,13,12,4,21,25,5,15,2,13,72,68,28,21,19,14,9,13,12,4,21,25,5,15,2,13,72,1,11.2,125,0.13,17.9,0.7,62.5,0.75,11.5,65.8,26.79,4.4,25,"2023-2024"
"ZAL","PAN","25_9","Regular Season","Marius  Grigonis",34,15,2,3,66.7,3,4,75,2,2,100,0,2,2,2,1,1,0,0,2,4,19,"A","L",68,28,21,19,14,9,13,12,4,21,25,5,15,2,13,72,68,28,21,19,14,9,13,12,4,21,25,5,15,2,13,72,1.67,8.5,176.5,0.15,23.5,2,92.9,0.29,13.3,95.2,11.76,2.9,0,"2023-2024"
"ZAL","PAN","25_9","Regular Season","Konstantinos  Mitoglou",25,3,1,4,25,0,0,NA,1,2,50,1,2,3,0,0,0,0,0,2,2,2,"A","L",68,28,21,19,14,9,13,12,4,21,25,5,15,2,13,72,68,28,21,19,14,9,13,12,4,21,25,5,15,2,13,72,0.5,3.7,81.1,-0.01,0,NA,25,0.5,0.7,30.7,0,2.2,12.5,"2023-2024"
"ZAL","PAN","25_9","Regular Season","Panagiotis  Kalaitzakis",3,0,0,0,NA,0,0,NA,0,0,NA,0,0,0,0,0,0,0,0,0,0,0,"A","L",68,28,21,19,14,9,13,12,4,21,25,5,15,2,13,72,68,28,21,19,14,9,13,12,4,21,25,5,15,2,13,72,NA,0,NA,0,NA,NA,NA,NA,0,NA,NA,0,0,"2023-2024"
"ZAL","PAN","25_9","Regular Season","Luca  Vildoza",17,0,0,2,0,0,4,0,0,0,NA,0,5,5,1,2,2,0,0,1,0,-1,"A","L",68,28,21,19,14,9,13,12,4,21,25,5,15,2,13,72,68,28,21,19,14,9,13,12,4,21,25,5,15,2,13,72,0,7.7,0,-0.01,13,0.5,0,0,-2.4,0,25.97,5.2,0,"2023-2024"
"ZAL","PAN","25_9","Regular Season","Dimitris  Moraitis",0,0,0,0,NA,0,0,NA,0,0,NA,0,0,0,0,0,0,0,0,0,0,0,"A","L",68,28,21,19,14,9,13,12,4,21,25,5,15,2,13,72,68,28,21,19,14,9,13,12,4,21,25,5,15,2,13,72,NA,0,NA,0,NA,NA,NA,NA,0,NA,NA,NA,0,"2023-2024"
"ZAL","PAN","25_9","Regular Season","Ioannis  Papapetrou",2,0,0,0,NA,0,0,NA,0,0,NA,0,0,0,0,0,0,0,0,0,0,0,"A","L",68,28,21,19,14,9,13,12,4,21,25,5,15,2,13,72,68,28,21,19,14,9,13,12,4,21,25,5,15,2,13,72,NA,0,NA,0,NA,NA,NA,NA,0,NA,NA,0,0,"2023-2024"
"ZAL","PAN","25_9","Regular Season","Kostas  Antetokounmpo",4,0,0,0,NA,0,0,NA,0,2,0,1,1,2,0,0,1,0,0,1,2,0,"A","L",68,28,21,19,14,9,13,12,4,21,25,5,15,2,13,72,68,28,21,19,14,9,13,12,4,21,25,5,15,2,13,72,0,0.8,0,-0.03,0,0,NA,Inf,-1.2,0,125,5.2,12.5,"2023-2024"
"ZAL","PAN","25_9","Regular Season","Juan  Hernangomez",16,3,0,0,NA,0,1,0,3,4,75,0,2,2,0,0,1,0,0,1,5,6,"A","L",68,28,21,19,14,9,13,12,4,21,25,5,15,2,13,72,68,28,21,19,14,9,13,12,4,21,25,5,15,2,13,72,0.6,3.6,83.3,0.01,0,0,0,4,1.1,54.3,27.78,2.6,0,"2023-2024"
"EFE","MAC","26_1","Regular Season","Wade  Baldwin IV",31,26,5,11,45.5,2,4,50,10,11,90.9,0,2,2,5,0,2,0,0,0,10,32,"A","L",91,38,29,21,22,10,17,19,9,18,27,2,6,4,20,97,91,38,29,21,22,10,17,19,9,18,27,2,6,4,20,97,1,21,123.8,0.15,23.8,2.5,53.3,0.73,20,65.5,9.52,6.9,0,"2023-2024"
"EFE","MAC","26_1","Regular Season","Roman  Sorkin",17,2,1,3,33.3,0,1,0,0,0,NA,0,1,1,0,0,0,0,1,2,0,-3,"A","L",91,38,29,21,22,10,17,19,9,18,27,2,6,4,20,97,91,38,29,21,22,10,17,19,9,18,27,2,6,4,20,97,0.5,3.8,52.6,-0.01,0,NA,25,0,-0.9,25,0,2.3,0,"2023-2024"
"EFE","MAC","26_1","Regular Season","John  Dibartolomeo",21,10,1,1,100,2,7,28.6,2,2,100,1,1,2,2,1,2,0,0,1,1,8,"A","L",91,38,29,21,22,10,17,19,9,18,27,2,6,4,20,97,91,38,29,21,22,10,17,19,9,18,27,2,6,4,20,97,1,9.5,105.3,0.05,21.1,1,50,0.25,6.6,56.3,21.05,5,5.6,"2023-2024"
"EFE","MAC","26_1","Regular Season","Josh  Nebo",25,11,5,7,71.4,0,0,NA,1,4,25,3,4,7,1,0,1,0,0,2,2,13,"A","L",91,38,29,21,22,10,17,19,9,18,27,2,6,4,20,97,91,38,29,21,22,10,17,19,9,18,27,2,6,4,20,97,1,6.5,169.2,0.07,15.4,1,71.4,0.57,9.1,62.8,15.38,3.8,16.7,"2023-2024"
"EFE","MAC","26_1","Regular Season","Bonzie  Colson",31,12,1,3,33.3,3,5,60,1,1,100,2,4,6,1,0,0,0,0,4,1,12,"A","L",91,38,29,21,22,10,17,19,9,18,27,2,6,4,20,97,91,38,29,21,22,10,17,19,9,18,27,2,6,4,20,97,1.33,6.2,193.5,0.07,16.1,Inf,68.8,0.12,9.7,71.1,0,2.6,11.1,"2023-2024"
"EFE","MAC","26_1","Regular Season","Antonius  Cleveland",20,12,2,3,66.7,2,6,33.3,2,2,100,1,1,2,1,0,0,2,0,4,2,10,"A","L",91,38,29,21,22,10,17,19,9,18,27,2,6,4,20,97,91,38,29,21,22,10,17,19,9,18,27,2,6,4,20,97,1.09,8.5,141.2,0.05,11.8,Inf,55.6,0.22,8.8,60.7,0,4.8,5.6,"2023-2024"
"EFE","MAC","26_1","Regular Season","James  Webb III",14,4,2,2,100,0,1,0,0,0,NA,0,3,3,0,1,0,1,0,1,0,7,"A","L",91,38,29,21,22,10,17,19,9,18,27,2,6,4,20,97,91,38,29,21,22,10,17,19,9,18,27,2,6,4,20,97,1.33,2.9,137.9,0.05,0,NA,66.7,0,4.9,66.7,0,2.1,0,"2023-2024"
"EFE","MAC","26_1","Regular Season","Rafael  Menco",6,0,0,0,NA,0,0,NA,0,0,NA,1,0,1,0,0,1,0,0,2,0,-2,"A","L",91,38,29,21,22,10,17,19,9,18,27,2,6,4,20,97,91,38,29,21,22,10,17,19,9,18,27,2,6,4,20,97,NA,0,NA,-0.02,NA,0,NA,NA,-1.1,NA,Inf,1.6,5.6,"2023-2024"
"EFE","MAC","26_1","Regular Season","Jasiel  Rivero",15,11,5,8,62.5,0,0,NA,1,1,100,1,1,2,0,0,0,1,0,2,3,12,"A","L",91,38,29,21,22,10,17,19,9,18,27,2,6,4,20,97,91,38,29,21,22,10,17,19,9,18,27,2,6,4,20,97,1.22,7.1,154.9,0.06,0,NA,62.5,0.12,8.3,65.2,0,5.5,5.6,"2023-2024"
"EFE","MAC","26_1","Regular Season","Tamir  Blatt",20,3,0,0,NA,1,5,20,0,0,NA,0,1,1,9,0,0,0,0,2,1,8,"A","L",91,38,29,21,22,10,17,19,9,18,27,2,6,4,20,97,91,38,29,21,22,10,17,19,9,18,27,2,6,4,20,97,0.6,4.8,62.5,0.05,187.5,Inf,30,0,5.7,30,0,2.4,0,"2023-2024"
"MAC","EFE","26_1","Regular Season","Shane  Larkin",38,22,3,5,60,4,7,57.1,4,4,100,0,4,4,6,1,1,0,0,1,6,32,"H","W",105,45,26,21,27,11,18,20,10,24,34,4,3,1,20,121,105,45,26,21,27,11,18,20,10,24,34,4,3,1,20,121,1.38,14.2,154.9,0.13,42.3,6,75,0.33,21.4,79.9,7.04,3.7,0,"2023-2024"
"MAC","EFE","26_1","Regular Season","Erten  Gazi",5,0,0,0,NA,0,1,0,0,0,NA,0,0,0,1,0,0,0,0,1,0,-1,"H","W",105,45,26,21,27,11,18,20,10,24,34,4,3,1,20,121,105,45,26,21,27,11,18,20,10,24,34,4,3,1,20,121,0,1,0,-0.01,100,Inf,0,0,-0.4,0,0,1.9,0,"2023-2024"
"MAC","EFE","26_1","Regular Season","Will  Clyburn",26,10,2,4,50,1,5,20,3,3,100,2,5,7,2,0,1,0,0,2,3,13,"H","W",105,45,26,21,27,11,18,20,10,24,34,4,3,1,20,121,105,45,26,21,27,11,18,20,10,24,34,4,3,1,20,121,0.83,8.9,112.4,0.05,22.5,2,38.9,0.33,7.4,48.4,11.24,4.2,10,"2023-2024"
"MAC","EFE","26_1","Regular Season","Tibor  Pleiss",21,12,3,4,75,2,4,50,0,0,NA,0,1,1,1,0,1,1,0,1,0,10,"H","W",105,45,26,21,27,11,18,20,10,24,34,4,3,1,20,121,105,45,26,21,27,11,18,20,10,24,34,4,3,1,20,121,1.5,8.6,139.5,0.05,11.6,1,75,0,8.7,75,11.63,4.1,0,"2023-2024"
"MAC","EFE","26_1","Regular Season","Derek  Willis",21,9,2,3,66.7,1,1,100,2,2,100,2,1,3,0,1,0,0,1,0,2,13,"H","W",105,45,26,21,27,11,18,20,10,24,34,4,3,1,20,121,105,45,26,21,27,11,18,20,10,24,34,4,3,1,20,121,1.5,2.8,321.4,0.06,0,NA,87.5,0.5,10.1,92.2,0,2.2,10,"2023-2024"
"MAC","EFE","26_1","Regular Season","Rodrigue  Beaubois",15,20,5,8,62.5,2,3,66.7,4,4,100,1,1,2,3,0,0,0,0,4,2,19,"H","W",105,45,26,21,27,11,18,20,10,24,34,4,3,1,20,121,105,45,26,21,27,11,18,20,10,24,34,4,3,1,20,121,1.33,11.3,177,0.08,26.5,Inf,72.7,0.36,16.6,78.4,0,8.2,5,"2023-2024"
"MAC","EFE","26_1","Regular Season","Elijah  Bryant",15,4,1,6,16.7,0,1,0,2,4,50,1,6,7,5,1,0,0,2,3,2,6,"H","W",105,45,26,21,27,11,18,20,10,24,34,4,3,1,20,121,105,45,26,21,27,11,18,20,10,24,34,4,3,1,20,121,0.36,7.4,54.1,0.03,67.6,Inf,14.3,0.57,4.5,22.8,0,5.6,5,"2023-2024"
"MAC","EFE","26_1","Regular Season","Darius  Thompson",21,5,2,5,40,0,3,0,1,2,50,0,0,0,1,0,0,0,1,3,2,-3,"H","W",105,45,26,21,27,11,18,20,10,24,34,4,3,1,20,121,105,45,26,21,27,11,18,20,10,24,34,4,3,1,20,121,0.5,8.5,58.8,-0.02,11.8,Inf,25,0.25,-0.7,28.2,0,4.1,0,"2023-2024"
"MAC","EFE","26_1","Regular Season","Ercan  Osmani",19,13,4,5,80,1,1,100,2,2,100,3,4,7,0,0,0,0,0,2,3,20,"H","W",105,45,26,21,27,11,18,20,10,24,34,4,3,1,20,121,105,45,26,21,27,11,18,20,10,24,34,4,3,1,20,121,1.62,3.7,351.4,0.08,0,NA,91.7,0.33,13.3,94.5,0,3.5,15,"2023-2024"
"MAC","EFE","26_1","Regular Season","Tyrique  Jones",19,10,5,5,100,0,0,NA,0,0,NA,1,2,3,1,1,0,0,0,3,0,12,"H","W",105,45,26,21,27,11,18,20,10,24,34,4,3,1,20,121,105,45,26,21,27,11,18,20,10,24,34,4,3,1,20,121,2,3.8,263.2,0.06,26.3,Inf,100,0,10.3,100,0,2.5,5,"2023-2024"
"MIL","RMB","26_2","Regular Season","Facundo  Campazzo",19,8,2,3,66.7,1,3,33.3,1,1,100,0,1,1,7,1,1,0,0,3,3,13,"A","L",76,25,27,24,12,11,19,21,5,23,28,4,14,3,24,81,76,25,27,24,12,11,19,21,5,23,28,4,14,3,24,81,1.14,7.1,112.7,0.09,98.6,7,58.3,0.17,9,62.1,14.08,4.1,0,"2023-2024"
"MIL","RMB","26_2","Regular Season","Mario  Hezonja",18,11,1,2,50,2,4,50,3,4,75,0,3,3,0,0,0,0,0,0,2,12,"A","L",76,25,27,24,12,11,19,21,5,23,28,4,14,3,24,81,76,25,27,24,12,11,19,21,5,23,28,4,14,3,24,81,1.1,7.4,148.6,0.09,0,NA,66.7,0.67,8.5,70.9,0,4.5,0,"2023-2024"
"MIL","RMB","26_2","Regular Season","Gabriel  Deck",22,10,0,1,0,2,3,66.7,4,4,100,0,0,0,0,1,0,0,0,2,3,10,"A","L",76,25,27,24,12,11,19,21,5,23,28,4,14,3,24,81,76,25,27,24,12,11,19,21,5,23,28,4,14,3,24,81,1.25,5.5,181.8,0.06,0,NA,75,1,8.2,86.8,0,2.7,0,"2023-2024"
"MIL","RMB","26_2","Regular Season","Walter  Tavares",22,8,3,5,60,0,0,NA,2,4,50,0,4,4,2,1,2,0,0,1,3,11,"A","L",76,25,27,24,12,11,19,21,5,23,28,4,14,3,24,81,76,25,27,24,12,11,19,21,5,23,28,4,14,3,24,81,0.89,8.4,95.2,0.07,23.8,1,60,0.8,6.1,59.2,23.81,4.2,0,"2023-2024"
"MIL","RMB","26_2","Regular Season","Dzanan  Musa",21,12,1,1,100,2,2,100,4,4,100,0,3,3,1,0,3,0,0,4,3,12,"A","L",76,25,27,24,12,11,19,21,5,23,28,4,14,3,24,81,76,25,27,24,12,11,19,21,5,23,28,4,14,3,24,81,1.71,7.4,162.2,0.08,13.5,0.3,133.3,1.33,8.1,126.1,40.54,3.9,0,"2023-2024"
"MIL","RMB","26_2","Regular Season","Fabien  Causeur",6,0,0,0,NA,0,0,NA,0,0,NA,0,1,1,2,0,0,0,0,2,0,1,"A","L",76,25,27,24,12,11,19,21,5,23,28,4,14,3,24,81,76,25,27,24,12,11,19,21,5,23,28,4,14,3,24,81,NA,0,NA,0.01,Inf,Inf,NA,NA,0.9,NA,NA,0,0,"2023-2024"
"MIL","RMB","26_2","Regular Season","Rudy  Fernandez",11,3,0,0,NA,1,4,25,0,0,NA,0,0,0,0,0,0,0,0,0,1,1,"A","L",76,25,27,24,12,11,19,21,5,23,28,4,14,3,24,81,76,25,27,24,12,11,19,21,5,23,28,4,14,3,24,81,0.75,3.8,78.9,0,0,NA,37.5,0,0.6,37.5,0,3.8,0,"2023-2024"
"MIL","RMB","26_2","Regular Season","Sergio  Rodriguez",21,9,0,1,0,3,7,42.9,0,0,NA,0,2,2,5,1,2,0,0,3,1,8,"A","L",76,25,27,24,12,11,19,21,5,23,28,4,14,3,24,81,76,25,27,24,12,11,19,21,5,23,28,4,14,3,24,81,1.12,9.6,93.8,0.06,52.1,2.5,56.2,0,6.5,56.2,20.83,5,0,"2023-2024"
"MIL","RMB","26_2","Regular Season","Vincent  Poirier",18,6,2,6,33.3,0,0,NA,2,2,100,3,4,7,0,0,3,2,0,2,1,7,"A","L",76,25,27,24,12,11,19,21,5,23,28,4,14,3,24,81,76,25,27,24,12,11,19,21,5,23,28,4,14,3,24,81,0.75,6.6,90.9,0.03,0,0,33.3,0.33,3.5,43.6,45.45,5.7,30,"2023-2024"
"MIL","RMB","26_2","Regular Season","Sergio  Llull",20,4,1,3,33.3,0,3,0,2,3,66.7,0,0,0,4,0,2,0,0,4,1,-3,"A","L",76,25,27,24,12,11,19,21,5,23,28,4,14,3,24,81,76,25,27,24,12,11,19,21,5,23,28,4,14,3,24,81,0.44,8.9,44.9,-0.04,44.9,2,16.7,0.5,-1,27.3,22.47,4.9,0,"2023-2024"
"MIL","RMB","26_2","Regular Season","Guerschon  Yabusele",21,5,2,3,66.7,0,1,0,1,2,50,2,5,7,0,0,1,1,0,3,3,9,"A","L",76,25,27,24,12,11,19,21,5,23,28,4,14,3,24,81,76,25,27,24,12,11,19,21,5,23,28,4,14,3,24,81,0.83,3.7,135.1,0.04,0,0,50,0.5,4,51.2,27.03,2.9,20,"2023-2024"
"RMB","MIL","26_2","Regular Season","Nicolo  Melli",22,2,0,1,0,0,4,0,2,4,50,0,4,4,3,0,2,0,0,3,2,-1,"H","W",81,36,32,18,16,12,13,15,13,22,35,6,11,0,22,78,81,36,32,18,16,12,13,15,13,22,35,6,11,0,22,78,0.22,8.4,23.8,-0.03,35.7,1.5,0,0.8,-2.2,14.8,23.81,3.7,0,"2023-2024"
"RMB","MIL","26_2","Regular Season","Shabazz  Napier",16,8,3,4,75,0,5,0,2,3,66.7,2,1,3,1,0,0,0,0,4,1,2,"H","W",81,36,32,18,16,12,13,15,13,22,35,6,11,0,22,78,81,36,32,18,16,12,13,15,13,22,35,6,11,0,22,78,0.67,8,100,0,12.5,Inf,33.3,0.33,3.3,38.8,0,5.9,7.7,"2023-2024"
"RMB","MIL","26_2","Regular Season","Giampaolo  Ricci",5,0,0,0,NA,0,1,0,0,0,NA,0,1,1,0,0,1,0,0,0,0,-1,"H","W",81,36,32,18,16,12,13,15,13,22,35,6,11,0,22,78,81,36,32,18,16,12,13,15,13,22,35,6,11,0,22,78,0,1.9,0,-0.01,0,0,0,0,-1.4,0,52.63,3.7,0,"2023-2024"
"RMB","MIL","26_2","Regular Season","Shavon  Shields",30,27,5,6,83.3,4,8,50,5,6,83.3,1,1,2,2,2,1,0,0,3,6,29,"H","W",81,36,32,18,16,12,13,15,13,22,35,6,11,0,22,78,81,36,32,18,16,12,13,15,13,22,35,6,11,0,22,78,1.35,16,168.8,0.21,12.5,2,78.6,0.43,22.6,81.1,6.25,5.4,3.8,"2023-2024"
"RMB","MIL","26_2","Regular Season","Johannes  Voigtmann",18,0,0,3,0,0,2,0,0,0,NA,2,3,5,1,1,1,0,0,3,0,-2,"H","W",81,36,32,18,16,12,13,15,13,22,35,6,11,0,22,78,81,36,32,18,16,12,13,15,13,22,35,6,11,0,22,78,0,3.8,0,-0.03,26.3,1,0,0,-1.7,0,26.32,3.1,7.7,"2023-2024"
"RMB","MIL","26_2","Regular Season","Maodo  Lo",22,8,2,4,50,1,3,33.3,1,2,50,0,4,4,2,1,2,0,0,0,5,13,"H","W",81,36,32,18,16,12,13,15,13,22,35,6,11,0,22,78,81,36,32,18,16,12,13,15,13,22,35,6,11,0,22,78,0.89,9.5,84.2,0.08,21.1,1,50,0.29,5.5,50.8,21.05,4.1,0,"2023-2024"
"RMB","MIL","26_2","Regular Season","Rodney  McGruder",18,7,2,6,33.3,1,1,100,0,0,NA,1,2,3,2,0,0,0,1,1,1,7,"H","W",81,36,32,18,16,12,13,15,13,22,35,6,11,0,22,78,81,36,32,18,16,12,13,15,13,22,35,6,11,0,22,78,1,5.8,120.7,0.06,34.5,Inf,50,0,5.6,50,0,3.6,3.8,"2023-2024"
"RMB","MIL","26_2","Regular Season","Devon  Hall",26,4,2,6,33.3,0,1,0,0,0,NA,1,3,4,3,0,1,0,0,3,1,3,"H","W",81,36,32,18,16,12,13,15,13,22,35,6,11,0,22,78,81,36,32,18,16,12,13,15,13,22,35,6,11,0,22,78,0.57,6.7,59.7,0.01,44.8,3,28.6,0,1.4,28.6,14.93,2.8,3.8,"2023-2024"
"RMB","MIL","26_2","Regular Season","Nikola  Mirotic",26,23,1,2,50,6,7,85.7,3,3,100,2,3,5,0,2,2,0,0,2,5,29,"H","W",81,36,32,18,16,12,13,15,13,22,35,6,11,0,22,78,81,36,32,18,16,12,13,15,13,22,35,6,11,0,22,78,1.92,9.9,232.3,0.22,0,0,111.1,0.33,21,111.4,20.2,4.4,7.7,"2023-2024"
"RMB","MIL","26_2","Regular Season","Kyle  Hines",16,2,1,4,25,0,0,NA,0,0,NA,4,0,4,1,0,1,0,2,3,1,-1,"H","W",81,36,32,18,16,12,13,15,13,22,35,6,11,0,22,78,81,36,32,18,16,12,13,15,13,22,35,6,11,0,22,78,0.5,1,200,-0.02,100,1,25,0,0.9,25,100,2.9,15.4,"2023-2024"
"BAY","PAR","26_3","Regular Season","Kevin  Punter",26,22,4,8,50,3,7,42.9,5,6,83.3,1,2,3,2,1,2,0,0,2,6,21,"H","L",78,39,27,12,20,10,8,13,12,21,33,4,6,1,23,75,78,39,27,12,20,10,8,13,12,21,33,4,6,1,23,75,1.05,17.9,122.9,0.14,11.2,1,56.7,0.4,14.8,62.4,11.17,7.8,4.2,"2023-2024"
"BAY","PAR","26_3","Regular Season","Alen  Smailagic",11,2,1,2,50,0,0,NA,0,0,NA,0,1,1,0,0,0,1,0,3,0,0,"H","L",78,39,27,12,20,10,8,13,12,21,33,4,6,1,23,75,78,39,27,12,20,10,8,13,12,21,33,4,6,1,23,75,1,1.9,105.3,0,0,NA,50,0,0.8,50,0,1.9,0,"2023-2024"
"BAY","PAR","26_3","Regular Season","James  Nunnally",23,10,2,5,40,2,4,50,0,0,NA,1,1,2,1,0,1,0,0,0,1,8,"H","L",78,39,27,12,20,10,8,13,12,21,33,4,6,1,23,75,78,39,27,12,20,10,8,13,12,21,33,4,6,1,23,75,1.11,8.6,116.3,0.06,11.6,1,55.6,0,6,55.6,11.63,4.5,4.2,"2023-2024"
"BAY","PAR","26_3","Regular Season","P.J.  Dozier",20,10,5,10,50,0,2,0,0,1,0,1,3,4,2,0,1,0,0,1,3,9,"H","L",78,39,27,12,20,10,8,13,12,21,33,4,6,1,23,75,78,39,27,12,20,10,8,13,12,21,33,4,6,1,23,75,0.77,11.9,84,0.05,16.8,2,41.7,0.08,4.8,40.2,8.4,7,4.2,"2023-2024"
"BAY","PAR","26_3","Regular Season","Bruno  Caboclo",13,2,1,2,50,0,2,0,0,0,NA,3,3,6,0,1,1,0,0,3,1,3,"H","L",78,39,27,12,20,10,8,13,12,21,33,4,6,1,23,75,78,39,27,12,20,10,8,13,12,21,33,4,6,1,23,75,0.5,1.9,105.3,0,0,0,25,0,1.4,25,52.63,4,12.5,"2023-2024"
"BAY","PAR","26_3","Regular Season","Zach  LeDay",29,5,2,4,50,0,0,NA,1,2,50,1,3,4,1,1,0,0,0,2,1,7,"H","L",78,39,27,12,20,10,8,13,12,21,33,4,6,1,23,75,78,39,27,12,20,10,8,13,12,21,33,4,6,1,23,75,0.83,3.7,135.1,0.05,27,Inf,50,0.5,5.1,51.2,0,1.7,4.2,"2023-2024"
"BAY","PAR","26_3","Regular Season","Aleksa  Avramovic",16,3,0,1,0,1,3,33.3,0,0,NA,0,2,2,1,0,1,0,1,1,1,1,"H","L",78,39,27,12,20,10,8,13,12,21,33,4,6,1,23,75,78,39,27,12,20,10,8,13,12,21,33,4,6,1,23,75,0.75,4.8,62.5,0.01,20.8,1,37.5,0,0.5,37.5,20.83,3.2,0,"2023-2024"
"BAY","PAR","26_3","Regular Season","Balsa  Koprivica",4,2,1,1,100,0,0,NA,0,0,NA,0,0,0,0,0,0,0,0,2,0,0,"H","L",78,39,27,12,20,10,8,13,12,21,33,4,6,1,23,75,78,39,27,12,20,10,8,13,12,21,33,4,6,1,23,75,2,1,200,0,0,NA,100,0,0.9,100,0,2.6,0,"2023-2024"
"BAY","PAR","26_3","Regular Season","Ognjen  Jaramaz",18,8,3,4,75,0,2,0,2,3,66.7,2,0,2,2,1,0,0,0,4,2,7,"H","L",78,39,27,12,20,10,8,13,12,21,33,4,6,1,23,75,78,39,27,12,20,10,8,13,12,21,33,4,6,1,23,75,0.89,5.1,156.9,0.04,39.2,Inf,50,0.5,6.8,54.6,0,4.2,8.3,"2023-2024"
"BAY","PAR","26_3","Regular Season","Mateusz  Ponitka",17,0,0,1,0,0,1,0,0,0,NA,1,1,2,1,0,0,0,0,3,0,-2,"H","L",78,39,27,12,20,10,8,13,12,21,33,4,6,1,23,75,78,39,27,12,20,10,8,13,12,21,33,4,6,1,23,75,0,1,0,-0.02,100,Inf,0,0,-0.9,0,0,1.2,4.2,"2023-2024"
"BAY","PAR","26_3","Regular Season","Frank  Kaminsky",22,14,1,1,100,4,6,66.7,0,0,NA,2,5,7,3,0,0,0,0,2,1,21,"H","L",78,39,27,12,20,10,8,13,12,21,33,4,6,1,23,75,78,39,27,12,20,10,8,13,12,21,33,4,6,1,23,75,2,4.8,291.7,0.18,62.5,Inf,100,0,15.3,100,0,3.3,8.3,"2023-2024"
"PAR","BAY","26_3","Regular Season","Nick  Weiler-Babb",29,9,0,1,0,3,6,50,0,0,NA,0,4,4,6,1,0,0,0,3,1,14,"A","W",79,27,27,20,14,12,15,17,6,23,29,1,6,1,17,93,79,27,27,20,14,12,15,17,6,23,29,1,6,1,17,93,1.29,6.7,134.3,0.1,89.6,Inf,64.3,0,10.5,64.3,0,2.8,0,"2023-2024"
"PAR","BAY","26_3","Regular Season","Carsen  Edwards",20,12,3,6,50,2,4,50,0,0,NA,0,1,1,3,0,1,0,0,1,1,10,"A","W",79,27,27,20,14,12,15,17,6,23,29,1,6,1,17,93,79,27,27,20,14,12,15,17,6,23,29,1,6,1,17,93,1.2,10.6,113.2,0.07,28.3,3,60,0,8,60,9.43,6.4,0,"2023-2024"
"PAR","BAY","26_3","Regular Season","Niels  Giffey",14,2,1,3,33.3,0,0,NA,0,0,NA,0,2,2,2,0,2,0,1,1,0,0,"A","W",79,27,27,20,14,12,15,17,6,23,29,1,6,1,17,93,79,27,27,20,14,12,15,17,6,23,29,1,6,1,17,93,0.67,4.8,41.7,0.01,41.7,1,33.3,0,-0.1,33.3,41.67,4.2,0,"2023-2024"
"PAR","BAY","26_3","Regular Season","Vladimir  Lucic",31,3,0,1,0,1,4,25,0,0,NA,0,2,2,1,0,0,0,0,1,5,6,"A","W",79,27,27,20,14,12,15,17,6,23,29,1,6,1,17,93,79,27,27,20,14,12,15,17,6,23,29,1,6,1,17,93,0.6,4.8,62.5,0.01,20.8,Inf,30,0,0.8,30,0,1.9,0,"2023-2024"
"PAR","BAY","26_3","Regular Season","Serge  Ibaka",22,14,6,7,85.7,0,1,0,2,2,100,1,2,3,1,0,1,0,0,4,1,12,"A","W",79,27,27,20,14,12,15,17,6,23,29,1,6,1,17,93,79,27,27,20,14,12,15,17,6,23,29,1,6,1,17,93,1.4,8.5,164.7,0.08,11.8,1,75,0.25,10.2,78.8,11.76,5.2,8.3,"2023-2024"
"PAR","BAY","26_3","Regular Season","Sylvain  Francisco",20,20,0,2,0,4,7,57.1,8,10,80,1,1,2,3,0,0,0,0,2,9,25,"A","W",79,27,27,20,14,12,15,17,6,23,29,1,6,1,17,93,79,27,27,20,14,12,15,17,6,23,29,1,6,1,17,93,1.05,11.9,168.1,0.11,25.2,Inf,66.7,1.11,16.8,74.6,0,7.8,8.3,"2023-2024"
"PAR","BAY","26_3","Regular Season","Dino  Radoncic",8,2,0,0,NA,0,0,NA,2,2,100,0,1,1,0,0,0,0,0,0,2,5,"A","W",79,27,27,20,14,12,15,17,6,23,29,1,6,1,17,93,79,27,27,20,14,12,15,17,6,23,29,1,6,1,17,93,1,0.8,250,0.02,0,NA,NA,Inf,2.3,113.6,0,1.3,0,"2023-2024"
"PAR","BAY","26_3","Regular Season","Isaac  Bonga",24,0,0,1,0,0,2,0,0,2,0,1,6,7,1,0,1,1,0,0,2,5,"A","W",79,27,27,20,14,12,15,17,6,23,29,1,6,1,17,93,79,27,27,20,14,12,15,17,6,23,29,1,6,1,17,93,0,3.7,0,0.01,27,1,0,0.67,0,0,27.03,2.4,8.3,"2023-2024"
"PAR","BAY","26_3","Regular Season","Andreas  Obst",13,6,0,0,NA,2,3,66.7,0,0,NA,0,1,1,0,0,0,0,0,2,0,4,"A","W",79,27,27,20,14,12,15,17,6,23,29,1,6,1,17,93,79,27,27,20,14,12,15,17,6,23,29,1,6,1,17,93,2,2.9,206.9,0.03,0,NA,100,0,4.2,100,0,2.7,0,"2023-2024"
"PAR","BAY","26_3","Regular Season","Danko   Brankovic",18,11,4,6,66.7,0,0,NA,3,4,75,3,3,6,0,0,1,0,0,3,2,12,"A","W",79,27,27,20,14,12,15,17,6,23,29,1,6,1,17,93,79,27,27,20,14,12,15,17,6,23,29,1,6,1,17,93,1.1,5.5,200,0.06,0,0,66.7,0.67,8.8,70.9,18.18,5.7,25,"2023-2024"
"OLY","VAL","26_4","Regular Season","Nate  Reuvers",14,3,0,2,0,1,2,50,0,0,NA,0,4,4,0,1,1,0,0,3,1,2,"H","L",65,30,23,18,18,5,14,17,4,25,29,9,15,0,25,67,65,30,23,18,18,5,14,17,4,25,29,9,15,0,25,67,0.75,4.8,62.5,0.01,0,0,37.5,0,0.6,37.5,20.83,3.8,0,"2023-2024"
"OLY","VAL","26_4","Regular Season","Justin  Anderson",18,4,2,2,100,0,1,0,0,0,NA,0,0,0,0,0,0,0,0,3,0,0,"H","L",65,30,23,18,18,5,14,17,4,25,29,9,15,0,25,67,65,30,23,18,18,5,14,17,4,25,29,9,15,0,25,67,1.33,2.9,137.9,0,0,NA,66.7,0,1.5,66.7,0,1.8,0,"2023-2024"
"OLY","VAL","26_4","Regular Season","Chris  Jones",24,2,1,5,20,0,3,0,0,0,NA,0,2,2,6,3,3,0,0,2,1,2,"H","L",65,30,23,18,18,5,14,17,4,25,29,9,15,0,25,67,65,30,23,18,18,5,14,17,4,25,29,9,15,0,25,67,0.25,10.6,18.9,0.01,56.6,2,12.5,0,0.8,12.5,28.3,4.8,0,"2023-2024"
"OLY","VAL","26_4","Regular Season","Damien  Inglis",26,7,3,4,75,0,1,0,1,1,100,0,5,5,2,0,1,0,0,3,2,10,"H","L",65,30,23,18,18,5,14,17,4,25,29,9,15,0,25,67,65,30,23,18,18,5,14,17,4,25,29,9,15,0,25,67,1.17,6.2,112.9,0.09,32.3,2,60,0.2,5.4,64.3,16.13,2.6,0,"2023-2024"
"OLY","VAL","26_4","Regular Season","Kassius  Robertson",14,5,0,0,NA,1,4,25,2,2,100,0,2,2,0,0,0,0,0,1,2,5,"H","L",65,30,23,18,18,5,14,17,4,25,29,9,15,0,25,67,65,30,23,18,18,5,14,17,4,25,29,9,15,0,25,67,0.83,4.7,106.4,0.03,0,NA,37.5,0.5,2.8,51.2,0,3.7,0,"2023-2024"
"OLY","VAL","26_4","Regular Season","Jared  Harper",16,4,1,2,50,0,1,0,2,2,100,0,0,0,1,0,2,0,1,3,4,1,"H","L",65,30,23,18,18,5,14,17,4,25,29,9,15,0,25,67,65,30,23,18,18,5,14,17,4,25,29,9,15,0,25,67,0.8,5.6,71.4,-0.02,17.9,0.5,33.3,0.67,-0.2,51.5,35.71,3.9,0,"2023-2024"
"OLY","VAL","26_4","Regular Season","Josep  Puerto",7,0,0,0,NA,0,1,0,0,0,NA,0,0,0,0,0,1,0,0,0,0,-2,"H","L",65,30,23,18,18,5,14,17,4,25,29,9,15,0,25,67,65,30,23,18,18,5,14,17,4,25,29,9,15,0,25,67,0,1.9,0,-0.02,0,0,0,0,-1.7,0,52.63,3,0,"2023-2024"
"OLY","VAL","26_4","Regular Season","Jaime  Pradilla",13,2,1,4,25,0,0,NA,0,0,NA,0,4,4,2,0,0,0,1,4,1,1,"H","L",65,30,23,18,18,5,14,17,4,25,29,9,15,0,25,67,65,30,23,18,18,5,14,17,4,25,29,9,15,0,25,67,0.5,3.8,52.6,0.01,52.6,Inf,25,0,0.6,25,0,3.2,0,"2023-2024"
"OLY","VAL","26_4","Regular Season","Xabi  Lopez-Arostegui",19,10,2,2,100,1,3,33.3,3,4,75,1,4,5,0,1,2,0,0,0,5,16,"H","L",65,30,23,18,18,5,14,17,4,25,29,9,15,0,25,67,65,30,23,18,18,5,14,17,4,25,29,9,15,0,25,67,1.11,7.4,135.1,0.12,0,0,70,0.8,8.2,74,27.03,4.9,12.5,"2023-2024"
"OLY","VAL","26_4","Regular Season","Stefan  Jovic",16,9,3,3,100,1,3,33.3,0,2,0,2,1,3,2,0,1,0,0,5,1,5,"H","L",65,30,23,18,18,5,14,17,4,25,29,9,15,0,25,67,65,30,23,18,18,5,14,17,4,25,29,9,15,0,25,67,1.12,5.6,160.7,0.03,35.7,2,75,0.33,5.7,65.4,17.86,5.2,25,"2023-2024"
"OLY","VAL","26_4","Regular Season","Semi  Ojeleye",26,19,5,6,83.3,1,4,25,6,7,85.7,1,3,4,2,4,4,0,0,1,6,25,"H","L",65,30,23,18,18,5,14,17,4,25,29,9,15,0,25,67,65,30,23,18,18,5,14,17,4,25,29,9,15,0,25,67,1.12,15.4,123.4,0.21,13,0.5,65,0.7,16.6,72.6,25.97,6.9,12.5,"2023-2024"
"OLY","VAL","26_4","Regular Season","Kevin  Pangos",6,0,0,0,NA,0,0,NA,0,0,NA,0,0,0,2,0,0,0,0,0,0,2,"H","L",65,30,23,18,18,5,14,17,4,25,29,9,15,0,25,67,65,30,23,18,18,5,14,17,4,25,29,9,15,0,25,67,NA,0,NA,0.02,Inf,Inf,NA,NA,1.4,NA,NA,0,0,"2023-2024"
"VAL","OLY","26_4","Regular Season","Thomas  Walkup",29,7,1,1,100,1,2,50,2,2,100,0,1,1,5,2,4,0,0,2,2,10,"A","W",78,38,20,27,20,5,23,18,7,24,31,9,12,2,24,88,78,38,20,27,20,5,23,18,7,24,31,9,12,2,24,88,1.4,7.6,92.1,0.07,65.8,1.2,83.3,0.67,6.7,90.2,52.63,2.7,0,"2023-2024"
"VAL","OLY","26_4","Regular Season","Isaiah  Canaan",23,16,5,5,100,1,5,20,3,3,100,0,1,1,1,0,2,0,0,3,2,11,"A","W",78,38,20,27,20,5,23,18,7,24,31,9,12,2,24,88,78,38,20,27,20,5,23,18,7,24,31,9,12,2,24,88,1.23,12.8,125,0.07,7.8,0.5,65,0.3,9.2,70.7,15.62,5.7,0,"2023-2024"
"VAL","OLY","26_4","Regular Season","Moustapha  Fall",16,5,1,1,100,0,0,NA,3,4,75,0,2,2,0,0,2,1,0,2,5,8,"A","W",78,38,20,27,20,5,23,18,7,24,31,9,12,2,24,88,78,38,20,27,20,5,23,18,7,24,31,9,12,2,24,88,1,4.6,108.7,0.02,0,0,100,4,2.8,90.6,43.48,2.9,0,"2023-2024"
"VAL","OLY","26_4","Regular Season","Ignas  Brazdeikis",8,3,1,5,20,0,0,NA,1,1,100,0,2,2,1,0,0,0,0,2,1,1,"A","W",78,38,20,27,20,5,23,18,7,24,31,9,12,2,24,88,78,38,20,27,20,5,23,18,7,24,31,9,12,2,24,88,0.5,5.2,57.7,0,19.2,Inf,20,0.2,0.4,27.6,0,6.6,0,"2023-2024"
"VAL","OLY","26_4","Regular Season","Alec  Peters",21,9,1,3,33.3,1,3,33.3,4,4,100,2,9,11,1,2,2,0,0,2,1,16,"A","W",78,38,20,27,20,5,23,18,7,24,31,9,12,2,24,88,78,38,20,27,20,5,23,18,7,24,31,9,12,2,24,88,0.9,7.4,121.6,0.12,13.5,0.5,41.7,0.67,9.6,58,27.03,4.5,14.3,"2023-2024"
"VAL","OLY","26_4","Regular Season","Nigel  Williams-Goss",20,9,3,9,33.3,1,3,33.3,0,0,NA,0,1,1,3,0,0,0,0,2,1,4,"A","W",78,38,20,27,20,5,23,18,7,24,31,9,12,2,24,88,78,38,20,27,20,5,23,18,7,24,31,9,12,2,24,88,0.75,11.5,78.3,0.02,26.1,Inf,37.5,0,3.8,37.5,0,5.9,0,"2023-2024"
"VAL","OLY","26_4","Regular Season","Moses  Wright",23,10,3,4,75,0,0,NA,4,7,57.1,2,2,4,1,3,1,1,0,3,6,17,"A","W",78,38,20,27,20,5,23,18,7,24,31,9,12,2,24,88,78,38,20,27,20,5,23,18,7,24,31,9,12,2,24,88,0.91,5.8,172.4,0.08,17.2,1,75,1.75,11.4,70.6,17.24,3.4,14.3,"2023-2024"
"VAL","OLY","26_4","Regular Season","Giannoulis  Larentzakis",2,0,0,0,NA,0,1,0,0,0,NA,0,0,0,0,0,0,0,0,1,0,-2,"A","W",78,38,20,27,20,5,23,18,7,24,31,9,12,2,24,88,78,38,20,27,20,5,23,18,7,24,31,9,12,2,24,88,0,1,0,-0.02,0,NA,0,0,-1.1,0,0,4.9,0,"2023-2024"
"VAL","OLY","26_4","Regular Season","Kostas  Papanikolaou",13,3,0,0,NA,1,4,25,0,0,NA,0,1,1,3,0,0,0,0,2,0,2,"A","W",78,38,20,27,20,5,23,18,7,24,31,9,12,2,24,88,78,38,20,27,20,5,23,18,7,24,31,9,12,2,24,88,0.75,3.8,78.9,0.02,78.9,Inf,37.5,0,2.2,37.5,0,3,0,"2023-2024"
"VAL","OLY","26_4","Regular Season","Filip  Petrusev",19,6,3,6,50,0,0,NA,0,0,NA,2,4,6,0,1,0,0,0,2,1,9,"A","W",78,38,20,27,20,5,23,18,7,24,31,9,12,2,24,88,78,38,20,27,20,5,23,18,7,24,31,9,12,2,24,88,1,3.8,157.9,0.06,0,NA,50,0,5.8,50,0,3.1,14.3,"2023-2024"
"VAL","OLY","26_4","Regular Season","Shaquielle  McKissic",24,10,2,4,50,0,2,0,6,6,100,1,1,2,3,1,1,0,0,3,4,12,"A","W",78,38,20,27,20,5,23,18,7,24,31,9,12,2,24,88,78,38,20,27,20,5,23,18,7,24,31,9,12,2,24,88,0.83,8.3,120.5,0.06,36.1,3,33.3,1,8.5,57.9,12.05,3.9,7.1,"2023-2024"
"BAS","VIL","26_5","Regular Season","Deshaun  Thomas",18,5,1,3,33.3,1,3,33.3,0,0,NA,1,1,2,2,0,1,0,0,3,1,2,"A","L",80,49,20,15,31,2,12,17,12,25,37,3,7,1,19,88,80,49,20,15,31,2,12,17,12,25,37,3,7,1,19,88,0.83,5.8,86.2,0,34.5,2,41.7,0,1.8,41.7,17.24,3.8,4.2,"2023-2024"
"BAS","VIL","26_5","Regular Season","Paris  Lee",11,6,3,3,100,0,1,0,0,0,NA,0,1,1,3,0,0,0,0,1,1,9,"A","L",80,49,20,15,31,2,12,17,12,25,37,3,7,1,19,88,80,49,20,15,31,2,12,17,12,25,37,3,7,1,19,88,1.5,3.8,157.9,0.06,78.9,Inf,75,0,6.4,75,0,3.5,0,"2023-2024"
"BAS","VIL","26_5","Regular Season","Joffrey  Lauvergne",25,16,7,10,70,0,2,0,2,2,100,2,8,10,3,0,1,0,0,2,4,25,"A","L",80,49,20,15,31,2,12,17,12,25,37,3,7,1,19,88,80,49,20,15,31,2,12,17,12,25,37,3,7,1,19,88,1.14,11.4,140.4,0.15,26.3,3,58.3,0.17,14.5,62.1,8.77,5.4,8.3,"2023-2024"
"BAS","VIL","26_5","Regular Season","Edwin  Jackson",20,14,5,5,100,0,4,0,4,4,100,2,0,2,4,1,0,0,0,3,3,17,"A","L",80,49,20,15,31,2,12,17,12,25,37,3,7,1,19,88,80,49,20,15,31,2,12,17,12,25,37,3,7,1,19,88,1.08,8.4,166.7,0.1,47.6,Inf,55.6,0.44,13.7,65.1,0,5.2,8.3,"2023-2024"
"BAS","VIL","26_5","Regular Season","David  Lighty",19,7,3,4,75,0,0,NA,1,2,50,0,4,4,0,0,0,0,0,1,1,9,"A","L",80,49,20,15,31,2,12,17,12,25,37,3,7,1,19,88,80,49,20,15,31,2,12,17,12,25,37,3,7,1,19,88,1.17,4.7,148.9,0.06,0,NA,75,0.5,5.8,71.7,0,2.5,0,"2023-2024"
"BAS","VIL","26_5","Regular Season","Mike  Scott",23,9,3,6,50,1,1,100,0,0,NA,2,3,5,0,0,2,0,1,0,2,10,"A","L",80,49,20,15,31,2,12,17,12,25,37,3,7,1,19,88,80,49,20,15,31,2,12,17,12,25,37,3,7,1,19,88,1.29,6.7,134.3,0.06,0,0,64.3,0,6,64.3,29.85,3.8,8.3,"2023-2024"
"BAS","VIL","26_5","Regular Season","Charles Lombahe Kahudi",15,2,1,2,50,0,1,0,0,0,NA,0,1,1,0,0,1,0,0,2,1,-1,"A","L",80,49,20,15,31,2,12,17,12,25,37,3,7,1,19,88,80,49,20,15,31,2,12,17,12,25,37,3,7,1,19,88,0.67,3.8,52.6,-0.02,0,0,33.3,0,-1.2,33.3,26.32,2.6,0,"2023-2024"
"BAS","VIL","26_5","Regular Season","Timothe  Luwawu-Cabarrot",20,2,1,3,33.3,0,3,0,0,0,NA,1,0,1,1,1,1,0,0,0,0,-1,"A","L",80,49,20,15,31,2,12,17,12,25,37,3,7,1,19,88,80,49,20,15,31,2,12,17,12,25,37,3,7,1,19,88,0.33,5.8,34.5,-0.01,17.2,1,16.7,0,-0.4,16.7,17.24,3.4,4.2,"2023-2024"
"BAS","VIL","26_5","Regular Season","Boris  Dallo",6,0,0,1,0,0,0,NA,0,0,NA,0,0,0,2,0,1,0,0,2,0,-2,"A","L",80,49,20,15,31,2,12,17,12,25,37,3,7,1,19,88,80,49,20,15,31,2,12,17,12,25,37,3,7,1,19,88,0,1.9,0,-0.02,105.3,2,0,0,-1.1,0,52.63,3.2,0,"2023-2024"
"BAS","VIL","26_5","Regular Season","Mbaye  Ndiaye",20,8,4,6,66.7,0,3,0,0,1,0,3,6,9,0,0,0,1,0,3,1,10,"A","L",80,49,20,15,31,2,12,17,12,25,37,3,7,1,19,88,80,49,20,15,31,2,12,17,12,25,37,3,7,1,19,88,0.8,6.2,129,0.05,0,NA,44.4,0.11,6.3,42.4,0,4.6,12.5,"2023-2024"
"BAS","VIL","26_5","Regular Season","Noam  Yaacov",23,11,3,6,50,0,2,0,5,6,83.3,1,1,2,2,1,0,0,1,2,3,10,"A","L",80,49,20,15,31,2,12,17,12,25,37,3,7,1,19,88,80,49,20,15,31,2,12,17,12,25,37,3,7,1,19,88,0.79,9.3,118.3,0.06,21.5,Inf,37.5,0.75,8.8,51.7,0,4.5,4.2,"2023-2024"
"VIL","BAS","26_5","Regular Season","Markus  Howard",19,18,3,6,50,3,9,33.3,3,3,100,1,0,1,2,0,1,0,0,1,1,11,"H","W",94,34,31,18,18,14,16,29,8,25,33,4,5,2,17,123,94,34,31,18,18,14,16,29,8,25,33,4,5,2,17,123,1,15.7,114.6,0.05,12.7,2,50,0.2,10.6,55.1,6.37,9.4,6.2,"2023-2024"
"VIL","BAS","26_5","Regular Season","Codi  Miller-McIntyre",35,11,1,5,20,1,2,50,6,6,100,0,11,11,20,1,2,0,1,1,8,42,"H","W",94,34,31,18,18,14,16,29,8,25,33,4,5,2,17,123,94,34,31,18,18,14,16,29,8,25,33,4,5,2,17,123,0.85,11.2,98.2,0.17,178.6,10,35.7,0.86,22.8,57.1,17.86,3.4,0,"2023-2024"
"VIL","BAS","26_5","Regular Season","Daniel  Diez",20,8,1,1,100,2,3,66.7,0,0,NA,0,3,3,0,3,0,0,0,0,0,13,"H","W",94,34,31,18,18,14,16,29,8,25,33,4,5,2,17,123,94,34,31,18,18,14,16,29,8,25,33,4,5,2,17,123,2,3.8,210.5,0.06,0,NA,100,0,10.3,100,0,2.1,0,"2023-2024"
"VIL","BAS","26_5","Regular Season","Nikos  Rogkavopoulos",17,3,0,2,0,1,1,100,0,0,NA,1,0,1,0,0,0,0,0,1,1,2,"H","W",94,34,31,18,18,14,16,29,8,25,33,4,5,2,17,123,94,34,31,18,18,14,16,29,8,25,33,4,5,2,17,123,1,1.9,157.9,0,0,NA,50,0,1.6,50,0,1.8,6.2,"2023-2024"
"VIL","BAS","26_5","Regular Season","Maik  Kotsar",11,8,4,5,80,0,0,NA,0,0,NA,1,2,3,0,0,0,0,0,3,2,9,"H","W",94,34,31,18,18,14,16,29,8,25,33,4,5,2,17,123,94,34,31,18,18,14,16,29,8,25,33,4,5,2,17,123,1.6,3.8,210.5,0.03,0,NA,80,0,6.2,80,0,4.7,6.2,"2023-2024"
"VIL","BAS","26_5","Regular Season","Sander  Raieste",17,6,0,0,NA,2,2,100,0,0,NA,1,1,2,0,0,0,0,0,2,0,6,"H","W",94,34,31,18,18,14,16,29,8,25,33,4,5,2,17,123,94,34,31,18,18,14,16,29,8,25,33,4,5,2,17,123,3,1,600,0.03,0,NA,150,0,5.6,150,0,1.2,6.2,"2023-2024"
"VIL","BAS","26_5","Regular Season","Christopher  Chiozza",1,0,0,0,NA,0,0,NA,0,0,NA,0,0,0,0,0,0,0,0,1,0,-1,"H","W",94,34,31,18,18,14,16,29,8,25,33,4,5,2,17,123,94,34,31,18,18,14,16,29,8,25,33,4,5,2,17,123,NA,0,NA,0,NA,NA,NA,NA,-0.4,NA,NA,0,0,"2023-2024"
"VIL","BAS","26_5","Regular Season","Vanja  Marinkovic",24,12,1,1,100,2,5,40,4,4,100,0,1,1,2,0,0,0,0,2,2,12,"H","W",94,34,31,18,18,14,16,29,8,25,33,4,5,2,17,123,94,34,31,18,18,14,16,29,8,25,33,4,5,2,17,123,1.2,7.4,162.2,0.05,27,Inf,66.7,0.67,9.9,77.3,0,3.3,0,"2023-2024"
"VIL","BAS","26_5","Regular Season","Matthew  Costello",28,14,4,8,50,2,5,40,0,1,0,3,4,7,3,0,2,1,0,3,3,15,"H","W",94,34,31,18,18,14,16,29,8,25,33,4,5,2,17,123,94,34,31,18,18,14,16,29,8,25,33,4,5,2,17,123,1,11.9,117.6,0.05,25.2,1.5,53.8,0.08,9.8,52.1,16.81,5.7,18.8,"2023-2024"
"VIL","BAS","26_5","Regular Season","Jordan  Theodore",3,0,0,1,0,0,0,NA,0,0,NA,0,0,0,1,0,0,0,0,2,0,-2,"H","W",94,34,31,18,18,14,16,29,8,25,33,4,5,2,17,123,94,34,31,18,18,14,16,29,8,25,33,4,5,2,17,123,0,1,0,-0.01,100,Inf,0,0,-0.8,0,0,3.4,0,"2023-2024"
"VIL","BAS","26_5","Regular Season","Vit  Hrabar",1,0,0,0,NA,0,1,0,0,0,NA,0,0,0,0,0,0,0,0,0,0,-1,"H","W",94,34,31,18,18,14,16,29,8,25,33,4,5,2,17,123,94,34,31,18,18,14,16,29,8,25,33,4,5,2,17,123,0,1,0,0,0,NA,0,0,-0.7,0,0,10.3,0,"2023-2024"
"VIL","BAS","26_5","Regular Season","Chima  Moneke",21,14,4,5,80,1,3,33.3,3,4,75,1,3,4,1,0,0,1,0,1,2,17,"H","W",94,34,31,18,18,14,16,29,8,25,33,4,5,2,17,123,94,34,31,18,18,14,16,29,8,25,33,4,5,2,17,123,1.17,8.4,166.7,0.07,11.9,Inf,68.8,0.5,12.6,71.7,0,4.8,6.2,"2023-2024"
"BAR","BER","26_6","Regular Season","Martin  Hermannsson",15,6,3,3,100,0,3,0,0,0,NA,0,0,0,2,1,3,0,1,3,1,0,"A","L",77,41,24,17,20,8,13,11,10,19,29,12,19,2,18,69,77,41,24,17,20,8,13,11,10,19,29,12,19,2,18,69,1,8.6,69.8,0,23.3,0.7,50,0,1.2,50,34.88,5.2,0,"2023-2024"
"BAR","BER","26_6","Regular Season","Yannick  Wetzell",11,0,0,1,0,0,0,NA,0,0,NA,1,1,2,0,1,5,0,0,1,1,-3,"A","L",77,41,24,17,20,8,13,11,10,19,29,12,19,2,18,69,77,41,24,17,20,8,13,11,10,19,29,12,19,2,18,69,0,4.8,0,-0.05,0,0,0,0,-4.1,0,104.17,4.8,5,"2023-2024"
"BAR","BER","26_6","Regular Season","Malte  Delow",18,9,1,2,50,2,3,66.7,1,2,50,2,1,3,1,4,0,0,0,3,2,13,"A","L",77,41,24,17,20,8,13,11,10,19,29,12,19,2,18,69,77,41,24,17,20,8,13,11,10,19,29,12,19,2,18,69,1.29,3.7,243.2,0.11,27,Inf,80,0.4,11.5,76.5,0,2.9,10,"2023-2024"
"BAR","BER","26_6","Regular Season","Tim  Schneider",22,14,4,4,100,2,5,40,0,0,NA,1,2,3,0,1,1,0,0,1,1,14,"A","L",77,41,24,17,20,8,13,11,10,19,29,12,19,2,18,69,77,41,24,17,20,8,13,11,10,19,29,12,19,2,18,69,1.56,8.6,162.8,0.13,0,0,77.8,0,11,77.8,11.63,4,5,"2023-2024"
"BAR","BER","26_6","Regular Season","Matt  Thomas",16,6,0,0,NA,2,5,40,0,0,NA,1,0,1,2,0,0,0,0,0,1,7,"A","L",77,41,24,17,20,8,13,11,10,19,29,12,19,2,18,69,77,41,24,17,20,8,13,11,10,19,29,12,19,2,18,69,1.2,3.8,157.9,0.06,52.6,Inf,60,0,5.4,60,0,2.7,5,"2023-2024"
"BAR","BER","26_6","Regular Season","Gabriele  Procida",22,6,3,5,60,0,3,0,0,1,0,2,1,3,2,2,2,0,1,1,2,5,"A","L",77,41,24,17,20,8,13,11,10,19,29,12,19,2,18,69,77,41,24,17,20,8,13,11,10,19,29,12,19,2,18,69,0.67,8.1,74.1,0.03,24.7,1,37.5,0.12,3.9,35.5,24.69,4.1,10,"2023-2024"
"BAR","BER","26_6","Regular Season","Matteo  Spagnolo",19,11,3,9,33.3,0,1,0,5,6,83.3,1,4,5,1,1,3,0,1,1,5,10,"A","L",77,41,24,17,20,8,13,11,10,19,29,12,19,2,18,69,77,41,24,17,20,8,13,11,10,19,29,12,19,2,18,69,0.69,14.1,78,0.06,7.1,0.3,30,0.6,5,43.5,21.28,7.2,5,"2023-2024"
"BAR","BER","26_6","Regular Season","Jonas  Mattisseck",18,6,0,2,0,2,3,66.7,0,0,NA,0,1,1,1,0,1,0,0,2,1,3,"A","L",77,41,24,17,20,8,13,11,10,19,29,12,19,2,18,69,77,41,24,17,20,8,13,11,10,19,29,12,19,2,18,69,1.2,5.8,103.4,0.02,17.2,1,60,0,2.5,60,17.24,2.9,0,"2023-2024"
"BAR","BER","26_6","Regular Season","Kresimir  Nikic",12,4,2,4,50,0,0,NA,0,0,NA,0,1,1,1,1,0,0,0,1,0,4,"A","L",77,41,24,17,20,8,13,11,10,19,29,12,19,2,18,69,77,41,24,17,20,8,13,11,10,19,29,12,19,2,18,69,1,3.8,105.3,0.04,26.3,Inf,50,0,3.6,50,0,2.9,0,"2023-2024"
"BAR","BER","26_6","Regular Season","Christ  Koumadje",15,4,1,3,33.3,0,0,NA,2,2,100,1,2,3,0,0,1,1,0,3,1,3,"A","L",77,41,24,17,20,8,13,11,10,19,29,12,19,2,18,69,77,41,24,17,20,8,13,11,10,19,29,12,19,2,18,69,0.8,3.7,108.1,0.01,0,0,33.3,0.67,2.1,51.5,27.03,2.8,5,"2023-2024"
"BAR","BER","26_6","Regular Season","Johannes  Thiemann",16,8,2,5,40,0,0,NA,4,4,100,0,4,4,0,0,3,0,1,0,2,7,"A","L",77,41,24,17,20,8,13,11,10,19,29,12,19,2,18,69,77,41,24,17,20,8,13,11,10,19,29,12,19,2,18,69,0.89,9.4,85.1,0.06,0,0,40,0.8,3.5,59.2,31.91,5.3,0,"2023-2024"
"BAR","BER","26_6","Regular Season","Justin  Bean",15,3,1,3,33.3,0,1,0,1,2,50,1,2,3,1,1,0,1,0,2,3,6,"A","L",77,41,24,17,20,8,13,11,10,19,29,12,19,2,18,69,77,41,24,17,20,8,13,11,10,19,29,12,19,2,18,69,0.5,3.7,81.1,0.02,27,Inf,25,0.5,3.1,30.7,0,2.8,5,"2023-2024"
"BER","BAR","26_6","Regular Season","Oscar  da Silva",28,10,3,5,60,1,2,50,1,1,100,7,3,10,2,5,0,1,1,3,1,22,"H","W",93,51,19,11,32,7,8,23,10,27,37,13,17,3,21,113,93,51,19,11,32,7,8,23,10,27,37,13,17,3,21,113,1.25,0.4,2500,0.1,500,Inf,64.3,0.14,18.4,67.2,0,2.3,35,"2023-2024"
"BER","BAR","26_6","Regular Season","Jan  Vesely",12,11,5,5,100,0,0,NA,1,1,100,0,2,2,0,0,0,0,0,0,2,15,"H","W",93,51,19,11,32,7,8,23,10,27,37,13,17,3,21,113,93,51,19,11,32,7,8,23,10,27,37,13,17,3,21,113,1.83,5.2,211.5,0.07,0,NA,100,0.2,10.1,101.1,0,3.9,0,"2023-2024"
"BER","BAR","26_6","Regular Season","Nikola  Kalinic",17,9,0,0,NA,3,3,100,0,0,NA,0,3,3,5,2,1,1,0,0,1,20,"H","W",93,51,19,11,32,7,8,23,10,27,37,13,17,3,21,113,93,51,19,11,32,7,8,23,10,27,37,13,17,3,21,113,3,3.8,236.8,0.1,131.6,5,150,0,14.2,150,26.32,2,0,"2023-2024"
"BER","BAR","26_6","Regular Season","Tomas  Satoransky",18,5,2,2,100,0,0,NA,1,1,100,0,2,2,4,3,3,0,0,2,2,11,"H","W",93,51,19,11,32,7,8,23,10,27,37,13,17,3,21,113,93,51,19,11,32,7,8,23,10,27,37,13,17,3,21,113,1.67,5.2,96.2,0.05,76.9,1.3,100,0.5,7,102.5,57.69,2.6,0,"2023-2024"
"BER","BAR","26_6","Regular Season","Nicolas  Laprovittola",18,13,3,5,60,2,4,50,1,1,100,0,0,0,4,0,2,0,1,2,1,9,"H","W",93,51,19,11,32,7,8,23,10,27,37,13,17,3,21,113,93,51,19,11,32,7,8,23,10,27,37,13,17,3,21,113,1.3,11,118.2,0.05,36.4,2,66.7,0.11,8.7,68.9,18.18,5.5,0,"2023-2024"
"BER","BAR","26_6","Regular Season","Oriol  Pauli",17,4,2,2,100,0,2,0,0,0,NA,1,1,2,2,1,1,0,0,3,2,5,"H","W",93,51,19,11,32,7,8,23,10,27,37,13,17,3,21,113,93,51,19,11,32,7,8,23,10,27,37,13,17,3,21,113,1,3.8,105.3,0.01,52.6,2,50,0,3.2,50,26.32,2.6,5,"2023-2024"
"BER","BAR","26_6","Regular Season","Dario  Brizuela",22,4,2,6,33.3,0,4,0,0,0,NA,0,3,3,2,0,4,0,0,3,1,-5,"H","W",93,51,19,11,32,7,8,23,10,27,37,13,17,3,21,113,93,51,19,11,32,7,8,23,10,27,37,13,17,3,21,113,0.4,13.4,29.9,-0.03,14.9,0.5,20,0,-5.1,20,29.85,5.5,0,"2023-2024"
"BER","BAR","26_6","Regular Season","Willy  Hernangomez",19,18,7,8,87.5,0,0,NA,4,6,66.7,2,4,6,0,1,0,0,0,1,5,26,"H","W",93,51,19,11,32,7,8,23,10,27,37,13,17,3,21,113,93,51,19,11,32,7,8,23,10,27,37,13,17,3,21,113,1.29,8.3,216.9,0.11,0,NA,87.5,0.75,17.6,84.6,0,4.9,10,"2023-2024"
"BER","BAR","26_6","Regular Season","Jabari  Parker",9,4,2,4,50,0,1,0,0,0,NA,0,1,1,0,0,1,0,0,0,0,1,"H","W",93,51,19,11,32,7,8,23,10,27,37,13,17,3,21,113,93,51,19,11,32,7,8,23,10,27,37,13,17,3,21,113,0.8,5.8,69,0.01,0,0,40,0,0.6,40,17.24,5.8,0,"2023-2024"
"BER","BAR","26_6","Regular Season","James  Nnaji",9,2,1,3,33.3,0,0,NA,0,0,NA,0,4,4,0,0,0,1,0,1,0,4,"H","W",93,51,19,11,32,7,8,23,10,27,37,13,17,3,21,113,93,51,19,11,32,7,8,23,10,27,37,13,17,3,21,113,0.67,2.9,69,0.02,0,NA,33.3,0,1.8,33.3,0,2.9,0,"2023-2024"
"BER","BAR","26_6","Regular Season","Rokas  Jokubaitis",22,13,5,8,62.5,1,3,33.3,0,1,0,0,3,3,4,1,5,0,0,4,3,9,"H","W",93,51,19,11,32,7,8,23,10,27,37,13,17,3,21,113,93,51,19,11,32,7,8,23,10,27,37,13,17,3,21,113,1.08,15.8,82.3,0.03,25.3,0.8,59.1,0.09,5.4,56.8,31.65,6.5,0,"2023-2024"
"BER","BAR","26_6","Regular Season","Joel  Parra",9,0,0,3,0,0,0,NA,0,0,NA,0,1,1,0,0,0,0,0,2,0,-4,"H","W",93,51,19,11,32,7,8,23,10,27,37,13,17,3,21,113,93,51,19,11,32,7,8,23,10,27,37,13,17,3,21,113,0,2.9,0,-0.02,0,NA,0,0,-2.6,0,0,2.9,0,"2023-2024"
"FEN","PAN","26_7","Regular Season","Jerian  Grant",34,9,3,7,42.9,0,2,0,3,3,100,2,1,3,2,1,3,0,0,2,4,8,"H","W",74,51,12,18,26,2,16,9,11,23,34,6,10,3,20,83,74,51,12,18,26,2,16,9,11,23,34,6,10,3,20,83,0.75,10.9,82.6,0.03,18.3,0.7,33.3,0.33,4.2,43.6,27.52,3.9,9.1,"2023-2024"
"FEN","PAN","26_7","Regular Season","Kendrick  Nunn",36,23,10,22,45.5,0,3,0,3,3,100,0,3,3,1,0,3,1,1,3,5,11,"H","W",74,51,12,18,26,2,16,9,11,23,34,6,10,3,20,83,74,51,12,18,26,2,16,9,11,23,34,6,10,3,20,83,0.82,28.1,81.9,0.06,3.6,0.3,40,0.12,7.6,43.7,10.68,8.1,0,"2023-2024"
"FEN","PAN","26_7","Regular Season","Mathias  Lessort",34,13,4,8,50,0,0,NA,5,6,83.3,3,5,8,1,2,2,1,0,2,7,23,"H","W",74,51,12,18,26,2,16,9,11,23,34,6,10,3,20,83,74,51,12,18,26,2,16,9,11,23,34,6,10,3,20,83,0.93,9.3,139.8,0.13,10.8,0.5,50,0.75,12.8,61.1,21.51,3.7,13.6,"2023-2024"
"FEN","PAN","26_7","Regular Season","Marius  Grigonis",22,5,1,4,25,1,2,50,0,0,NA,0,2,2,1,0,1,0,0,5,3,1,"H","W",74,51,12,18,26,2,16,9,11,23,34,6,10,3,20,83,74,51,12,18,26,2,16,9,11,23,34,6,10,3,20,83,0.83,6.7,74.6,-0.02,14.9,1,41.7,0,-0.1,41.7,14.93,3.1,0,"2023-2024"
"FEN","PAN","26_7","Regular Season","Konstantinos  Mitoglou",18,6,2,3,66.7,0,0,NA,2,2,100,1,2,3,0,0,0,0,0,1,1,8,"H","W",74,51,12,18,26,2,16,9,11,23,34,6,10,3,20,83,74,51,12,18,26,2,16,9,11,23,34,6,10,3,20,83,1.2,2.8,214.3,0.06,0,NA,66.7,0.67,5.6,77.3,0,2.1,4.5,"2023-2024"
"FEN","PAN","26_7","Regular Season","Panagiotis  Kalaitzakis",18,6,3,4,75,0,1,0,0,0,NA,1,3,4,2,0,0,0,0,2,0,8,"H","W",74,51,12,18,26,2,16,9,11,23,34,6,10,3,20,83,74,51,12,18,26,2,16,9,11,23,34,6,10,3,20,83,1.2,3.8,157.9,0.07,52.6,Inf,60,0,5.9,60,0,2.7,4.5,"2023-2024"
"FEN","PAN","26_7","Regular Season","Luca  Vildoza",8,7,1,1,100,1,4,25,2,2,100,2,0,2,1,0,1,0,0,1,1,6,"H","W",74,51,12,18,26,2,16,9,11,23,34,6,10,3,20,83,74,51,12,18,26,2,16,9,11,23,34,6,10,3,20,83,1,4.7,148.9,0.04,21.3,1,50,0.4,5,59.5,21.28,8.5,9.1,"2023-2024"
"FEN","PAN","26_7","Regular Season","Kostas  Antetokounmpo",6,0,0,0,NA,0,0,NA,0,0,NA,0,1,1,1,0,0,1,0,4,1,0,"H","W",74,51,12,18,26,2,16,9,11,23,34,6,10,3,20,83,74,51,12,18,26,2,16,9,11,23,34,6,10,3,20,83,NA,0,NA,-0.01,Inf,Inf,NA,NA,0.1,NA,NA,0,0,"2023-2024"
"FEN","PAN","26_7","Regular Season","Juan  Hernangomez",23,5,2,2,100,0,0,NA,1,2,50,2,6,8,0,3,0,0,0,0,3,18,"H","W",74,51,12,18,26,2,16,9,11,23,34,6,10,3,20,83,74,51,12,18,26,2,16,9,11,23,34,6,10,3,20,83,1.25,0.8,625,0.13,0,NA,100,1,10.2,86.8,0,1.2,9.1,"2023-2024"
"PAN","FEN","26_7","Regular Season","Amine  Noua",17,4,2,2,100,0,0,NA,0,0,NA,1,2,3,0,0,0,0,0,4,1,4,"A","L",63,31,22,16,18,5,12,16,6,20,26,6,13,1,26,56,63,31,22,16,18,5,12,16,6,20,26,6,13,1,26,56,2,1,400,0.04,0,NA,100,0,3.1,100,0,1.3,8.3,"2023-2024"
"PAN","FEN","26_7","Regular Season","Scottie  Wilbekin",27,10,2,3,66.7,1,6,16.7,3,4,75,1,4,5,2,2,2,0,0,1,6,15,"A","L",63,31,22,16,18,5,12,16,6,20,26,6,13,1,26,56,63,31,22,16,18,5,12,16,6,20,26,6,13,1,26,56,0.77,11.3,88.5,0.12,17.7,1,38.9,0.44,7.4,46.5,17.7,5.2,8.3,"2023-2024"
"PAN","FEN","26_7","Regular Season","Sertac  Sanli",17,5,1,2,50,1,1,100,0,0,NA,1,3,4,0,0,0,0,0,4,0,4,"A","L",63,31,22,16,18,5,12,16,6,20,26,6,13,1,26,56,63,31,22,16,18,5,12,16,6,20,26,6,13,1,26,56,1.67,1.9,263.2,0.05,0,NA,83.3,0,3.7,83.3,0,1.9,8.3,"2023-2024"
"PAN","FEN","26_7","Regular Season","Nigel  Hayes-Davis",33,4,2,3,66.7,0,5,0,0,0,NA,0,4,4,0,0,3,0,0,3,1,-3,"A","L",63,31,22,16,18,5,12,16,6,20,26,6,13,1,26,56,63,31,22,16,18,5,12,16,6,20,26,6,13,1,26,56,0.5,10.6,37.7,-0.06,0,0,25,0,-3.8,25,28.3,3.7,0,"2023-2024"
"PAN","FEN","26_7","Regular Season","Nick  Calathes",28,12,3,7,42.9,1,3,33.3,3,4,75,0,3,3,5,3,3,0,2,3,4,12,"A","L",63,31,22,16,18,5,12,16,6,20,26,6,13,1,26,56,63,31,22,16,18,5,12,16,6,20,26,6,13,1,26,56,0.86,14.2,84.5,0.14,35.2,1.7,45,0.4,9.4,51,21.13,5.8,0,"2023-2024"
"PAN","FEN","26_7","Regular Season","Johnathan  Motley",21,16,5,7,71.4,0,0,NA,6,8,75,3,2,5,3,0,2,1,1,2,4,20,"A","L",63,31,22,16,18,5,12,16,6,20,26,6,13,1,26,56,63,31,22,16,18,5,12,16,6,20,26,6,13,1,26,56,1.07,9.1,175.8,0.21,33,1.5,71.4,1.14,15,76,21.98,6.5,25,"2023-2024"
"PAN","FEN","26_7","Regular Season","Georgios  Papagiannis",5,0,0,1,0,0,0,NA,0,0,NA,0,0,0,0,0,0,0,0,2,0,-3,"A","L",63,31,22,16,18,5,12,16,6,20,26,6,13,1,26,56,63,31,22,16,18,5,12,16,6,20,26,6,13,1,26,56,0,1,0,-0.04,0,NA,0,0,-1.5,0,0,2.2,0,"2023-2024"
"PAN","FEN","26_7","Regular Season","Tarik  Biberovic",24,12,3,4,75,2,4,50,0,0,NA,0,1,1,1,1,1,0,0,3,2,10,"A","L",63,31,22,16,18,5,12,16,6,20,26,6,13,1,26,56,63,31,22,16,18,5,12,16,6,20,26,6,13,1,26,56,1.5,8.6,139.5,0.11,11.6,1,75,0,8.2,75,11.63,4.1,0,"2023-2024"
"PAN","FEN","26_7","Regular Season","Marko  Guduric",12,0,0,1,0,0,1,0,0,0,NA,0,1,1,2,0,1,0,0,2,0,-2,"A","L",63,31,22,16,18,5,12,16,6,20,26,6,13,1,26,56,63,31,22,16,18,5,12,16,6,20,26,6,13,1,26,56,0,2.9,0,-0.03,69,2,0,0,-1.5,0,34.48,2.7,0,"2023-2024"
"PAN","FEN","26_7","Regular Season","Tyler  Dorsey",8,0,0,0,NA,0,1,0,0,0,NA,0,0,0,0,0,0,0,0,1,2,0,"A","L",63,31,22,16,18,5,12,16,6,20,26,6,13,1,26,56,63,31,22,16,18,5,12,16,6,20,26,6,13,1,26,56,0,1,0,-0.03,0,NA,0,0,-1.1,0,0,1.4,0,"2023-2024"
"PAN","FEN","26_7","Regular Season","Yam  Madar",8,0,0,1,0,0,1,0,0,0,NA,0,0,0,3,0,1,0,0,1,0,-1,"A","L",63,31,22,16,18,5,12,16,6,20,26,6,13,1,26,56,63,31,22,16,18,5,12,16,6,20,26,6,13,1,26,56,0,2.9,0,-0.01,103.4,3,0,0,-0.7,0,34.48,4.1,0,"2023-2024"
"CRV","ZAL","26_8","Regular Season","Keenan  Evans",25,25,2,4,50,5,10,50,6,6,100,0,2,2,6,0,2,0,0,4,8,28,"A","W",93,33,30,24,17,13,20,19,5,17,22,7,8,2,22,96,93,33,30,24,17,13,20,19,5,17,22,7,8,2,22,96,1.25,17.9,139.7,0.14,33.5,3,67.9,0.43,19.2,75.1,11.17,7.3,0,"2023-2024"
"CRV","ZAL","26_8","Regular Season","Dovydas  Giedraitis",26,6,1,2,50,1,4,25,1,2,50,0,3,3,4,3,1,0,0,1,4,13,"A","W",93,33,30,24,17,13,20,19,5,17,22,7,8,2,22,96,93,33,30,24,17,13,20,19,5,17,22,7,8,2,22,96,0.75,7.6,78.9,0.06,52.6,4,41.7,0.33,7.5,43.6,13.16,3,0,"2023-2024"
"CRV","ZAL","26_8","Regular Season","Rolands  Smits",23,13,4,4,100,1,3,33.3,2,2,100,1,2,3,3,0,0,0,0,1,1,17,"A","W",93,33,30,24,17,13,20,19,5,17,22,7,8,2,22,96,93,33,30,24,17,13,20,19,5,17,22,7,8,2,22,96,1.44,6.6,197,0.11,45.5,Inf,78.6,0.29,13.1,82.5,0,3.4,10,"2023-2024"
"CRV","ZAL","26_8","Regular Season","Laurynas  Birutis",29,12,5,7,71.4,0,0,NA,2,2,100,1,3,4,1,0,1,2,0,3,1,14,"A","W",93,33,30,24,17,13,20,19,5,17,22,7,8,2,22,96,93,33,30,24,17,13,20,19,5,17,22,7,8,2,22,96,1.33,7.6,157.9,0.08,13.2,1,71.4,0.29,10.6,76.1,13.16,3,10,"2023-2024"
"CRV","ZAL","26_8","Regular Season","Edgaras  Ulanovas",27,9,1,1,100,1,2,50,4,5,80,1,1,2,2,1,2,0,0,4,4,10,"A","W",93,33,30,24,17,13,20,19,5,17,22,7,8,2,22,96,93,33,30,24,17,13,20,19,5,17,22,7,8,2,22,96,1.12,6,150,0.04,33.3,1,83.3,1.67,7.1,86.5,33.33,2.6,10,"2023-2024"
"CRV","ZAL","26_8","Regular Season","Lukas  Lekavicius",5,3,0,3,0,1,3,33.3,0,0,NA,0,0,0,0,0,0,0,0,0,0,-2,"A","W",93,33,30,24,17,13,20,19,5,17,22,7,8,2,22,96,93,33,30,24,17,13,20,19,5,17,22,7,8,2,22,96,0.5,5.8,51.7,-0.01,0,NA,25,0,-0.8,25,0,11.8,0,"2023-2024"
"CRV","ZAL","26_8","Regular Season","Kevarrius  Hayes",11,2,1,3,33.3,0,0,NA,0,0,NA,2,2,4,0,0,0,0,0,1,0,3,"A","W",93,33,30,24,17,13,20,19,5,17,22,7,8,2,22,96,93,33,30,24,17,13,20,19,5,17,22,7,8,2,22,96,0.67,1,200,0.01,0,NA,33.3,0,1.9,33.3,0,2.7,20,"2023-2024"
"CRV","ZAL","26_8","Regular Season","Edmond  Sumner",9,7,1,3,33.3,1,2,50,2,2,100,0,0,0,2,0,1,0,2,1,2,4,"A","W",93,33,30,24,17,13,20,19,5,17,22,7,8,2,22,96,93,33,30,24,17,13,20,19,5,17,22,7,8,2,22,96,1,6.6,106.1,0.03,30.3,2,50,0.4,4.3,59.5,15.15,7.5,0,"2023-2024"
"CRV","ZAL","26_8","Regular Season","Tomas  Dimsa",20,8,0,2,0,2,4,50,2,2,100,0,1,1,0,2,1,0,1,3,1,3,"A","W",93,33,30,24,17,13,20,19,5,17,22,7,8,2,22,96,93,33,30,24,17,13,20,19,5,17,22,7,8,2,22,96,1,7.6,105.3,0.02,0,0,50,0.33,4.7,58.1,13.16,3.9,0,"2023-2024"
"CRV","ZAL","26_8","Regular Season","Brady   Manek",12,6,1,3,33.3,1,1,100,1,1,100,0,2,2,1,1,0,0,0,1,1,8,"A","W",93,33,30,24,17,13,20,19,5,17,22,7,8,2,22,96,93,33,30,24,17,13,20,19,5,17,22,7,8,2,22,96,1.2,4.3,139.5,0.05,23.3,Inf,62.5,0.25,5.9,67.6,0,3.6,0,"2023-2024"
"CRV","ZAL","26_8","Regular Season","Arnas  Butkevicius",12,2,1,1,100,0,1,0,0,2,0,0,1,1,0,0,0,0,0,3,1,-2,"A","W",93,33,30,24,17,13,20,19,5,17,22,7,8,2,22,96,93,33,30,24,17,13,20,19,5,17,22,7,8,2,22,96,0.5,2.8,71.4,-0.02,0,NA,50,1,-0.7,34.7,0,2.4,0,"2023-2024"
"ZAL","CRV","26_8","Regular Season","Luka  Mitrovic",19,15,6,9,66.7,1,1,100,0,0,NA,0,4,4,0,0,2,0,1,3,1,11,"H","L",91,39,19,24,26,7,18,22,7,22,29,4,11,3,24,103,91,39,19,24,26,7,18,22,7,22,29,4,11,3,24,103,1.5,11.5,130.4,0.07,0,0,75,0,8.8,75,17.39,6.4,0,"2023-2024"
"ZAL","CRV","26_8","Regular Season","Joel  Bolomboy",20,8,2,3,66.7,0,0,NA,4,4,100,2,1,3,0,1,2,0,0,2,3,10,"H","L",91,39,19,24,26,7,18,22,7,22,29,4,11,3,24,103,91,39,19,24,26,7,18,22,7,22,29,4,11,3,24,103,1.14,4.6,173.9,0.04,0,0,66.7,1.33,6.6,84,43.48,3.4,14.3,"2023-2024"
"ZAL","CRV","26_8","Regular Season","Nemanja  Nedovic",24,15,3,4,75,2,4,50,3,4,75,0,0,0,4,1,4,0,0,4,4,12,"H","L",91,39,19,24,26,7,18,22,7,22,29,4,11,3,24,103,91,39,19,24,26,7,18,22,7,22,29,4,11,3,24,103,1.25,13.2,113.6,0.05,30.3,1,75,0.5,9.2,76.8,30.3,5.8,0,"2023-2024"
"ZAL","CRV","26_8","Regular Season","Rokas  Giedraitis",29,11,4,6,66.7,1,3,33.3,0,0,NA,0,8,8,0,1,0,0,0,2,0,14,"H","L",91,39,19,24,26,7,18,22,7,22,29,4,11,3,24,103,91,39,19,24,26,7,18,22,7,22,29,4,11,3,24,103,1.22,8.6,127.9,0.09,0,NA,61.1,0,9.3,61.1,0,3.1,0,"2023-2024"
"ZAL","CRV","26_8","Regular Season","Yago Mateus dos Santos",32,21,5,8,62.5,2,5,40,5,7,71.4,0,3,3,14,0,0,0,1,3,6,32,"H","L",91,39,19,24,26,7,18,22,7,22,29,4,11,3,24,103,91,39,19,24,26,7,18,22,7,22,29,4,11,3,24,103,1.05,15.4,136.4,0.17,90.9,Inf,61.5,0.54,23.4,65.3,0,5.1,0,"2023-2024"
"ZAL","CRV","26_8","Regular Season","Javonte  Smart",15,9,2,2,100,1,1,100,2,2,100,1,0,1,0,1,1,0,0,0,2,12,"H","L",91,39,19,24,26,7,18,22,7,22,29,4,11,3,24,103,91,39,19,24,26,7,18,22,7,22,29,4,11,3,24,103,1.8,3.7,243.2,0.06,0,0,116.7,0.67,8.8,116,27.03,3.3,7.1,"2023-2024"
"ZAL","CRV","26_8","Regular Season","Stefan  Lazarevic",9,0,0,1,0,0,0,NA,0,0,NA,0,0,0,0,0,0,0,0,2,0,-3,"H","L",91,39,19,24,26,7,18,22,7,22,29,4,11,3,24,103,91,39,19,24,26,7,18,22,7,22,29,4,11,3,24,103,0,1,0,-0.02,0,NA,0,0,-1.5,0,0,1.1,0,"2023-2024"
"ZAL","CRV","26_8","Regular Season","Adam  Hanga",10,0,0,1,0,0,1,0,0,0,NA,0,1,1,3,0,1,0,0,1,2,2,"H","L",91,39,19,24,26,7,18,22,7,22,29,4,11,3,24,103,91,39,19,24,26,7,18,22,7,22,29,4,11,3,24,103,0,2.9,0,0,103.4,3,0,0,-0.4,0,34.48,3,0,"2023-2024"
"ZAL","CRV","26_8","Regular Season","Dejan  Davidovac",21,2,1,1,100,0,2,0,0,0,NA,1,2,3,0,0,0,1,0,2,0,2,"H","L",91,39,19,24,26,7,18,22,7,22,29,4,11,3,24,103,91,39,19,24,26,7,18,22,7,22,29,4,11,3,24,103,0.67,1.9,105.3,0.01,0,NA,33.3,0,1.5,33.3,0,1.4,7.1,"2023-2024"
"ZAL","CRV","26_8","Regular Season","Mike  Tobey",7,2,1,1,100,0,2,0,0,0,NA,1,0,1,0,0,0,1,0,1,0,1,"H","L",91,39,19,24,26,7,18,22,7,22,29,4,11,3,24,103,91,39,19,24,26,7,18,22,7,22,29,4,11,3,24,103,0.67,1.9,105.3,0,0,NA,33.3,0,1.3,33.3,0,4.3,7.1,"2023-2024"
"ZAL","CRV","26_8","Regular Season","Dalibor  Ilic",0,0,0,0,NA,0,0,NA,0,0,NA,0,0,0,0,0,0,0,0,0,0,0,"H","L",91,39,19,24,26,7,18,22,7,22,29,4,11,3,24,103,91,39,19,24,26,7,18,22,7,22,29,4,11,3,24,103,NA,0,NA,0,NA,NA,NA,NA,0,NA,NA,NA,0,"2023-2024"
"ZAL","CRV","26_8","Regular Season","Freddie  Gillespie",13,8,2,3,66.7,0,0,NA,4,7,57.1,2,3,5,1,0,1,1,0,4,4,10,"H","L",91,39,19,24,26,7,18,22,7,22,29,4,11,3,24,103,91,39,19,24,26,7,18,22,7,22,29,4,11,3,24,103,0.8,4.9,163.3,0.03,20.4,1,66.7,2.33,6.6,65.8,20.41,5.5,14.3,"2023-2024"
"ASM","BOL","26_9","Regular Season","Isaia  Cordinier",24,7,2,3,66.7,0,4,0,3,4,75,1,2,3,3,2,0,0,0,5,6,10,"H","L",78,31,27,23,18,9,15,19,2,23,25,7,11,5,29,77,78,31,27,23,18,9,15,19,2,23,25,7,11,5,29,77,0.64,7.4,94.6,0.03,40.5,Inf,28.6,0.57,5.9,40,0,3.7,25,"2023-2024"
"ASM","BOL","26_9","Regular Season","Marco  Belinelli",24,21,3,6,50,5,9,55.6,0,1,0,0,0,0,0,0,1,0,0,3,1,10,"H","L",78,31,27,23,18,9,15,19,2,23,25,7,11,5,29,77,78,31,27,23,18,9,15,19,2,23,25,7,11,5,29,77,1.31,15.8,132.9,0.09,0,0,70,0.07,11.1,68,6.33,6.9,0,"2023-2024"
"ASM","BOL","26_9","Regular Season","Tornike  Shengelia",27,12,3,4,75,0,3,0,6,9,66.7,1,1,2,4,1,4,0,0,5,7,10,"H","L",78,31,27,23,18,9,15,19,2,23,25,7,11,5,29,77,78,31,27,23,18,9,15,19,2,23,25,7,11,5,29,77,0.75,13.4,89.6,0.02,29.9,1,42.9,1.29,5.9,54.7,29.85,5.6,25,"2023-2024"
"ASM","BOL","26_9","Regular Season","Daniel  Hackett",26,0,0,2,0,0,1,0,0,0,NA,0,6,6,5,0,1,1,0,4,1,5,"H","L",78,31,27,23,18,9,15,19,2,23,25,7,11,5,29,77,78,31,27,23,18,9,15,19,2,23,25,7,11,5,29,77,0,3.8,0,0.03,131.6,5,0,0,1.3,0,26.32,1.6,0,"2023-2024"
"ASM","BOL","26_9","Regular Season","Bryant  Dunston",16,5,2,3,66.7,0,0,NA,1,2,50,0,5,5,0,3,1,1,0,0,2,13,"H","L",78,31,27,23,18,9,15,19,2,23,25,7,11,5,29,77,78,31,27,23,18,9,15,19,2,23,25,7,11,5,29,77,1,4.7,106.4,0.1,0,0,66.7,0.67,7.5,64.4,21.28,3.1,0,"2023-2024"
"ASM","BOL","26_9","Regular Season","Gabriel  Lundberg",25,15,4,7,57.1,2,6,33.3,1,2,50,0,1,1,3,0,0,0,1,0,1,11,"H","L",78,31,27,23,18,9,15,19,2,23,25,7,11,5,29,77,78,31,27,23,18,9,15,19,2,23,25,7,11,5,29,77,1,13.3,112.8,0.11,22.6,Inf,53.8,0.15,10.3,54,0,5.6,0,"2023-2024"
"ASM","BOL","26_9","Regular Season","Alessandro  Pajola",16,1,0,1,0,0,1,0,1,2,50,0,3,3,2,0,0,0,0,3,2,2,"H","L",78,31,27,23,18,9,15,19,2,23,25,7,11,5,29,77,78,31,27,23,18,9,15,19,2,23,25,7,11,5,29,77,0.25,2.8,35.7,0,71.4,Inf,0,1,0.3,17.4,0,1.8,0,"2023-2024"
"ASM","BOL","26_9","Regular Season","Ognjen  Dobric",4,2,1,1,100,0,0,NA,0,0,NA,0,0,0,0,1,1,0,0,2,0,0,"H","L",78,31,27,23,18,9,15,19,2,23,25,7,11,5,29,77,78,31,27,23,18,9,15,19,2,23,25,7,11,5,29,77,2,1.9,105.3,0,0,0,100,0,0.9,100,52.63,5.1,0,"2023-2024"
"ASM","BOL","26_9","Regular Season","Jordan  Mickey",19,10,2,3,66.7,1,1,100,3,3,100,0,2,2,2,0,1,3,0,2,2,15,"H","L",78,31,27,23,18,9,15,19,2,23,25,7,11,5,29,77,78,31,27,23,18,9,15,19,2,23,25,7,11,5,29,77,1.43,6.1,163.9,0.11,32.8,2,87.5,0.75,10.7,94,16.39,3.4,0,"2023-2024"
"ASM","BOL","26_9","Regular Season","Achille  Polonara",6,5,1,1,100,1,1,100,0,0,NA,0,1,1,0,0,2,0,0,2,0,2,"H","L",78,31,27,23,18,9,15,19,2,23,25,7,11,5,29,77,78,31,27,23,18,9,15,19,2,23,25,7,11,5,29,77,2.5,3.8,131.6,0.02,0,0,125,0,1.9,125,52.63,6.7,0,"2023-2024"
"ASM","BOL","26_9","Regular Season","Ante  Zizic",7,0,0,0,NA,0,0,NA,0,0,NA,0,1,1,0,0,0,0,0,2,1,0,"H","L",78,31,27,23,18,9,15,19,2,23,25,7,11,5,29,77,78,31,27,23,18,9,15,19,2,23,25,7,11,5,29,77,NA,0,NA,-0.01,NA,NA,NA,NA,-0.5,NA,NA,0,0,"2023-2024"
"ASM","BOL","26_9","Regular Season","Awudu  Abass",5,0,0,0,NA,0,1,0,0,0,NA,0,1,1,0,0,0,0,0,1,0,-1,"H","L",78,31,27,23,18,9,15,19,2,23,25,7,11,5,29,77,78,31,27,23,18,9,15,19,2,23,25,7,11,5,29,77,0,1,0,-0.01,0,NA,0,0,-0.8,0,0,2,0,"2023-2024"
"BOL","ASM","26_9","Regular Season","John  Brown III",20,1,0,2,0,0,0,NA,1,2,50,1,3,4,1,1,0,0,1,4,3,2,"A","W",81,36,21,30,19,7,22,6,8,28,36,4,12,1,23,77,81,36,21,30,19,7,22,6,8,28,36,4,12,1,23,77,0.25,1.8,55.6,-0.01,55.6,Inf,0,1,0.9,17.4,0,1.4,6.2,"2023-2024"
"BOL","ASM","26_9","Regular Season","Jordan  Loyd",26,24,3,4,75,4,7,57.1,6,7,85.7,1,2,3,0,0,3,0,0,4,4,19,"A","W",81,36,21,30,19,7,22,6,8,28,36,4,12,1,23,77,81,36,21,30,19,7,22,6,8,28,36,4,12,1,23,77,1.33,15.4,155.8,0.15,0,0,81.8,0.64,15.4,85.2,19.48,6.4,6.2,"2023-2024"
"BOL","ASM","26_9","Regular Season","Alpha  Diallo",30,8,2,4,50,1,2,50,1,4,25,0,5,5,1,0,4,1,0,5,4,4,"A","W",81,36,21,30,19,7,22,6,8,28,36,4,12,1,23,77,81,36,21,30,19,7,22,6,8,28,36,4,12,1,23,77,0.8,11.3,70.8,-0.01,8.8,0.2,58.3,0.67,0.7,51.5,35.4,3.8,0,"2023-2024"
"BOL","ASM","26_9","Regular Season","Donatas  Motiejunas",17,4,2,3,66.7,0,2,0,0,0,NA,1,5,6,2,0,2,0,0,2,0,5,"A","W",81,36,21,30,19,7,22,6,8,28,36,4,12,1,23,77,81,36,21,30,19,7,22,6,8,28,36,4,12,1,23,77,0.8,5.8,69,0.05,34.5,1,40,0,2.1,40,34.48,4,6.2,"2023-2024"
"BOL","ASM","26_9","Regular Season","Mike  James",33,21,6,10,60,1,7,14.3,6,6,100,1,5,6,1,2,3,0,3,1,8,21,"A","W",81,36,21,30,19,7,22,6,8,28,36,4,12,1,23,77,81,36,21,30,19,7,22,6,8,28,36,4,12,1,23,77,0.91,20.8,101,0.16,4.8,0.3,44.1,0.35,13.4,53.5,14.42,6.7,6.2,"2023-2024"
"BOL","ASM","26_9","Regular Season","Elie  Okobo",23,9,2,3,66.7,0,0,NA,5,5,100,0,2,2,1,1,0,0,0,3,5,14,"A","W",81,36,21,30,19,7,22,6,8,28,36,4,12,1,23,77,81,36,21,30,19,7,22,6,8,28,36,4,12,1,23,77,1.12,5,180,0.09,20,Inf,66.7,1.67,8.8,86.5,0,2.2,0,"2023-2024"
"BOL","ASM","26_9","Regular Season","Jaron  Blossomgame",19,5,1,2,50,1,2,50,0,0,NA,1,2,3,0,0,0,0,0,1,0,5,"A","W",81,36,21,30,19,7,22,6,8,28,36,4,12,1,23,77,81,36,21,30,19,7,22,6,8,28,36,4,12,1,23,77,1.25,2.9,172.4,0.05,0,NA,62.5,0,3.9,62.5,0,2,6.2,"2023-2024"
"BOL","ASM","26_9","Regular Season","Mouhammadou  Jaiteh",16,7,2,6,33.3,0,0,NA,3,6,50,3,2,5,0,0,0,0,1,2,4,6,"A","W",81,36,21,30,19,7,22,6,8,28,36,4,12,1,23,77,81,36,21,30,19,7,22,6,8,28,36,4,12,1,23,77,0.58,5.4,129.6,0.02,0,NA,33.3,1,4.3,40.5,0,5.3,18.8,"2023-2024"
"BOL","ASM","26_9","Regular Season","Yakuba  Ouattara",9,0,0,1,0,0,1,0,0,0,NA,0,0,0,0,0,0,0,0,1,0,-3,"A","W",81,36,21,30,19,7,22,6,8,28,36,4,12,1,23,77,81,36,21,30,19,7,22,6,8,28,36,4,12,1,23,77,0,1.9,0,-0.03,0,NA,0,0,-1.8,0,0,2.2,0,"2023-2024"
"BOL","ASM","26_9","Regular Season","Donta  Hall",6,2,1,1,100,0,0,NA,0,0,NA,0,2,2,0,0,0,0,0,0,0,4,"A","W",81,36,21,30,19,7,22,6,8,28,36,4,12,1,23,77,81,36,21,30,19,7,22,6,8,28,36,4,12,1,23,77,2,1,200,0.04,0,NA,100,0,2.3,100,0,1.6,0,"2023-2024"
"BER","MAC","27_1","Regular Season","Lorenzo  Brown",22,10,3,5,60,1,2,50,1,1,100,0,4,4,6,1,1,0,0,2,1,16,"A","W",106,40,25,21,33,9,13,29,6,28,34,11,8,3,15,146,106,40,25,21,33,9,13,29,6,28,34,11,8,3,15,146,1.25,8.1,123.5,0.06,74.1,6,64.3,0.14,11.3,67.2,12.35,3.7,0,"2023-2024"
"BER","MAC","27_1","Regular Season","Wade  Baldwin IV",22,16,3,4,75,2,2,100,4,4,100,0,2,2,5,2,0,0,0,0,4,28,"A","W",106,40,25,21,33,9,13,29,6,28,34,11,8,3,15,146,106,40,25,21,33,9,13,29,6,28,34,11,8,3,15,146,1.6,7.4,216.2,0.1,67.6,Inf,100,0.67,19.9,103.1,0,3.4,0,"2023-2024"
"BER","MAC","27_1","Regular Season","Jake  Cohen",18,4,1,1,100,0,1,0,2,2,100,0,1,1,4,0,0,0,0,4,1,5,"A","W",106,40,25,21,33,9,13,29,6,28,34,11,8,3,15,146,106,40,25,21,33,9,13,29,6,28,34,11,8,3,15,146,1,2.8,142.9,0.02,142.9,Inf,50,1,4.5,69.4,0,1.6,0,"2023-2024"
"BER","MAC","27_1","Regular Season","Josh  Nebo",20,15,7,8,87.5,0,0,NA,1,4,25,1,4,5,0,1,0,0,0,0,3,20,"A","W",106,40,25,21,33,9,13,29,6,28,34,11,8,3,15,146,106,40,25,21,33,9,13,29,6,28,34,11,8,3,15,146,1.25,8.4,178.6,0.07,0,NA,87.5,0.5,13.9,76.8,0,4.7,8.3,"2023-2024"
"BER","MAC","27_1","Regular Season","Bonzie  Colson",18,14,5,6,83.3,1,3,33.3,1,2,50,0,2,2,1,1,0,1,1,1,1,14,"A","W",106,40,25,21,33,9,13,29,6,28,34,11,8,3,15,146,106,40,25,21,33,9,13,29,6,28,34,11,8,3,15,146,1.27,9.5,147.4,0.05,10.5,Inf,72.2,0.22,12.3,70.9,0,5.3,0,"2023-2024"
"BER","MAC","27_1","Regular Season","Antonius  Cleveland",20,8,4,4,100,0,1,0,0,0,NA,3,1,4,4,2,1,0,0,3,0,13,"A","W",106,40,25,21,33,9,13,29,6,28,34,11,8,3,15,146,106,40,25,21,33,9,13,29,6,28,34,11,8,3,15,146,1.6,2.9,275.9,0.05,137.9,4,80,0,11.1,80,34.48,2.9,25,"2023-2024"
"BER","MAC","27_1","Regular Season","James  Webb III",22,17,5,5,100,2,3,66.7,1,2,50,1,5,6,0,0,1,0,0,0,1,21,"A","W",106,40,25,21,33,9,13,29,6,28,34,11,8,3,15,146,106,40,25,21,33,9,13,29,6,28,34,11,8,3,15,146,1.7,8.5,200,0.08,0,0,100,0.25,15,95.7,11.76,4.4,8.3,"2023-2024"
"BER","MAC","27_1","Regular Season","Rafael  Menco",5,0,0,1,0,0,1,0,0,0,NA,0,1,1,0,0,1,0,0,1,0,-3,"A","W",106,40,25,21,33,9,13,29,6,28,34,11,8,3,15,146,106,40,25,21,33,9,13,29,6,28,34,11,8,3,15,146,0,2.9,0,-0.01,0,0,0,0,-2.5,0,34.48,5.8,0,"2023-2024"
"BER","MAC","27_1","Regular Season","John  Dibartolomeo",12,5,1,1,100,1,3,33.3,0,0,NA,1,1,2,3,3,1,0,0,2,0,8,"A","W",106,40,25,21,33,9,13,29,6,28,34,11,8,3,15,146,106,40,25,21,33,9,13,29,6,28,34,11,8,3,15,146,1.25,3.8,131.6,0.03,78.9,3,62.5,0,7.3,62.5,26.32,4.1,8.3,"2023-2024"
"BER","MAC","27_1","Regular Season","Jasiel  Rivero",17,9,3,4,75,0,0,NA,3,6,50,0,4,4,0,0,1,0,0,2,5,11,"A","W",106,40,25,21,33,9,13,29,6,28,34,11,8,3,15,146,106,40,25,21,33,9,13,29,6,28,34,11,8,3,15,146,0.9,7.3,123.3,0.02,0,0,75,1.5,5.6,67.8,13.7,4.4,0,"2023-2024"
"BER","MAC","27_1","Regular Season","Joe  Thomasson",7,0,0,0,NA,0,1,0,0,0,NA,0,2,2,1,0,1,2,0,0,1,4,"A","W",106,40,25,21,33,9,13,29,6,28,34,11,8,3,15,146,106,40,25,21,33,9,13,29,6,28,34,11,8,3,15,146,0,1.9,0,0.01,52.6,1,0,0,1,0,52.63,2.8,0,"2023-2024"
"BER","MAC","27_1","Regular Season","Tamir  Blatt",17,8,1,1,100,2,8,25,0,0,NA,0,1,1,5,1,1,0,0,0,1,9,"A","W",106,40,25,21,33,9,13,29,6,28,34,11,8,3,15,146,106,40,25,21,33,9,13,29,6,28,34,11,8,3,15,146,0.89,9.6,83.3,0.03,52.1,5,44.4,0,6.7,44.4,10.42,5.7,0,"2023-2024"
"MAC","BER","27_1","Regular Season","Martin  Hermannsson",22,3,0,2,0,1,3,33.3,0,0,NA,0,2,2,4,1,3,0,0,2,1,2,"H","L",71,32,37,7,18,10,5,18,8,18,26,6,14,1,18,59,71,32,37,7,18,10,5,18,8,18,26,6,14,1,18,59,0.6,7.7,39,0.01,51.9,1.3,30,0,0.5,30,38.96,3.4,0,"2023-2024"
"MAC","BER","27_1","Regular Season","Sterling  Brown",18,11,4,5,80,1,6,16.7,0,0,NA,0,2,2,1,0,1,0,0,0,1,8,"H","L",71,32,37,7,18,10,5,18,8,18,26,6,14,1,18,59,71,32,37,7,18,10,5,18,8,18,26,6,14,1,18,59,1,11.5,95.7,0.08,8.7,1,50,0,5.6,50,8.7,6.2,0,"2023-2024"
"MAC","BER","27_1","Regular Season","Yannick  Wetzell",21,8,4,7,57.1,0,0,NA,0,2,0,1,3,4,0,0,1,0,0,2,1,5,"H","L",71,32,37,7,18,10,5,18,8,18,26,6,14,1,18,59,71,32,37,7,18,10,5,18,8,18,26,6,14,1,18,59,0.89,7.6,105.3,0.04,0,0,57.1,0.29,3.7,50.8,13.16,3.9,6.2,"2023-2024"
"MAC","BER","27_1","Regular Season","Matt  Thomas",16,6,0,0,NA,2,5,40,0,0,NA,2,2,4,2,0,1,0,0,1,1,8,"H","L",71,32,37,7,18,10,5,18,8,18,26,6,14,1,18,59,71,32,37,7,18,10,5,18,8,18,26,6,14,1,18,59,1.2,3.8,157.9,0.07,52.6,2,60,0,5.3,60,26.32,3.5,12.5,"2023-2024"
"MAC","BER","27_1","Regular Season","Johannes  Thiemann",24,14,5,7,71.4,1,4,25,1,1,100,1,4,5,1,0,0,0,1,0,2,16,"H","L",71,32,37,7,18,10,5,18,8,18,26,6,14,1,18,59,71,32,37,7,18,10,5,18,8,18,26,6,14,1,18,59,1.17,10,140,0.17,10,Inf,59.1,0.09,11.3,61.2,0,4.4,6.2,"2023-2024"
"MAC","BER","27_1","Regular Season","Gabriele  Procida",5,0,0,0,NA,0,1,0,0,0,NA,0,1,1,1,0,1,0,0,0,1,1,"H","L",71,32,37,7,18,10,5,18,8,18,26,6,14,1,18,59,71,32,37,7,18,10,5,18,8,18,26,6,14,1,18,59,0,1.9,0,0,52.6,1,0,0,-0.7,0,52.63,3.7,0,"2023-2024"
"MAC","BER","27_1","Regular Season","Matteo  Spagnolo",13,3,0,2,0,1,2,50,0,0,NA,0,0,0,1,0,1,0,0,5,1,-4,"H","L",71,32,37,7,18,10,5,18,8,18,26,6,14,1,18,59,71,32,37,7,18,10,5,18,8,18,26,6,14,1,18,59,0.75,4.8,62.5,-0.06,20.8,1,37.5,0,-1.7,37.5,20.83,3.6,0,"2023-2024"
"MAC","BER","27_1","Regular Season","Malte  Delow",15,7,2,3,66.7,1,5,20,0,0,NA,3,1,4,2,1,4,0,1,3,1,2,"H","L",71,32,37,7,18,10,5,18,8,18,26,6,14,1,18,59,71,32,37,7,18,10,5,18,8,18,26,6,14,1,18,59,0.88,8.6,81.4,0.01,23.3,0.5,43.8,0,2.2,43.8,46.51,7.4,18.8,"2023-2024"
"MAC","BER","27_1","Regular Season","Jonas  Mattisseck",11,8,0,0,NA,2,3,66.7,2,2,100,0,1,1,1,1,1,0,0,2,1,8,"H","L",71,32,37,7,18,10,5,18,8,18,26,6,14,1,18,59,71,32,37,7,18,10,5,18,8,18,26,6,14,1,18,59,1.6,4.7,170.2,0.08,21.3,1,100,0.67,6.9,103.1,21.28,4.1,0,"2023-2024"
"MAC","BER","27_1","Regular Season","Tim  Schneider",14,3,0,0,NA,1,2,50,0,0,NA,0,0,0,1,0,0,0,0,2,0,1,"H","L",71,32,37,7,18,10,5,18,8,18,26,6,14,1,18,59,71,32,37,7,18,10,5,18,8,18,26,6,14,1,18,59,1.5,1.9,157.9,0.01,52.6,Inf,75,0,1.9,75,0,1.3,0,"2023-2024"
"MAC","BER","27_1","Regular Season","Louis  Olinde",18,4,1,3,33.3,0,4,0,2,2,100,1,0,1,1,2,1,1,1,0,5,6,"H","L",71,32,37,7,18,10,5,18,8,18,26,6,14,1,18,59,71,32,37,7,18,10,5,18,8,18,26,6,14,1,18,59,0.44,7.6,52.6,0.01,13.2,1,14.3,0.29,2.6,25.4,13.16,4.6,6.2,"2023-2024"
"MAC","BER","27_1","Regular Season","Justin  Bean",19,4,2,3,66.7,0,2,0,0,0,NA,0,2,2,3,1,0,0,0,1,0,6,"H","L",71,32,37,7,18,10,5,18,8,18,26,6,14,1,18,59,71,32,37,7,18,10,5,18,8,18,26,6,14,1,18,59,0.8,4.8,83.3,0.07,62.5,Inf,40,0,4.6,40,0,2.4,0,"2023-2024"
"EFE","PAR","27_2","Regular Season","Zach  LeDay",40,21,7,10,70,1,2,50,4,5,80,3,5,8,1,1,1,0,0,2,4,27,"H","W",100,37,24,17,25,12,14,15,8,17,25,5,10,0,18,109,100,37,24,17,25,12,14,15,8,17,25,5,10,0,18,109,1.24,11.7,179.5,0.12,8.5,1,70.8,0.42,18.9,73.9,8.55,3.9,18.8,"2023-2024"
"EFE","PAR","27_2","Regular Season","Kevin  Punter",26,16,3,8,37.5,3,4,75,1,1,100,1,0,1,3,0,1,0,0,2,5,16,"H","W",100,37,24,17,25,12,14,15,8,17,25,5,10,0,18,109,100,37,24,17,25,12,14,15,8,17,25,5,10,0,18,109,1.23,11.9,134.5,0.06,25.2,3,62.5,0.08,11,64.3,8.4,5.3,6.2,"2023-2024"
"EFE","PAR","27_2","Regular Season","P.J.  Dozier",10,5,1,1,100,1,2,50,0,0,NA,0,0,0,0,0,4,0,0,3,0,-3,"H","W",100,37,24,17,25,12,14,15,8,17,25,5,10,0,18,109,100,37,24,17,25,12,14,15,8,17,25,5,10,0,18,109,1.67,6.7,74.6,-0.02,0,0,83.3,0,-1.5,83.3,59.7,7.1,0,"2023-2024"
"EFE","PAR","27_2","Regular Season","Mateusz  Ponitka",26,2,1,2,50,0,1,0,0,1,0,2,4,6,4,2,2,0,0,3,4,10,"H","W",100,37,24,17,25,12,14,15,8,17,25,5,10,0,18,109,100,37,24,17,25,12,14,15,8,17,25,5,10,0,18,109,0.5,3.3,60.6,0.03,121.2,2,33.3,0.33,4.1,29.1,60.61,2.1,12.5,"2023-2024"
"EFE","PAR","27_2","Regular Season","Frank  Kaminsky",17,0,0,0,NA,0,3,0,0,0,NA,0,4,4,2,0,0,0,0,1,0,2,"H","W",100,37,24,17,25,12,14,15,8,17,25,5,10,0,18,109,100,37,24,17,25,12,14,15,8,17,25,5,10,0,18,109,0,2.9,0,0.01,69,Inf,0,0,0.1,0,0,1.8,0,"2023-2024"
"EFE","PAR","27_2","Regular Season","Aleksa  Avramovic",21,30,9,10,90,3,6,50,3,4,75,1,1,2,3,2,1,0,1,1,3,32,"H","W",100,37,24,17,25,12,14,15,8,17,25,5,10,0,18,109,100,37,24,17,25,12,14,15,8,17,25,5,10,0,18,109,1.5,17,176.5,0.17,17.6,3,84.4,0.25,26.9,84.5,5.88,9.1,6.2,"2023-2024"
"EFE","PAR","27_2","Regular Season","Alen  Smailagic",2,0,0,0,NA,0,1,0,0,0,NA,0,0,0,0,0,1,0,0,1,0,-3,"H","W",100,37,24,17,25,12,14,15,8,17,25,5,10,0,18,109,100,37,24,17,25,12,14,15,8,17,25,5,10,0,18,109,0,1.9,0,-0.02,0,0,0,0,-2.1,0,52.63,10.2,0,"2023-2024"
"EFE","PAR","27_2","Regular Season","Uros  Trifunovic",20,5,1,1,100,1,2,50,0,0,NA,1,2,3,1,0,0,0,0,2,0,6,"H","W",100,37,24,17,25,12,14,15,8,17,25,5,10,0,18,109,100,37,24,17,25,12,14,15,8,17,25,5,10,0,18,109,1.67,1.9,263.2,0.03,52.6,Inf,83.3,0,4.9,83.3,0,1.5,6.2,"2023-2024"
"EFE","PAR","27_2","Regular Season","Danilo  Andjusic",21,15,0,2,0,3,3,100,6,6,100,0,0,0,1,0,0,0,1,2,4,15,"H","W",100,37,24,17,25,12,14,15,8,17,25,5,10,0,18,109,100,37,24,17,25,12,14,15,8,17,25,5,10,0,18,109,1.36,7.3,205.5,0.07,13.7,Inf,90,1.2,12.6,98.2,0,3.7,0,"2023-2024"
"EFE","PAR","27_2","Regular Season","Bruno  Caboclo",16,6,3,3,100,0,0,NA,0,0,NA,0,1,1,0,0,0,0,0,1,1,7,"H","W",100,37,24,17,25,12,14,15,8,17,25,5,10,0,18,109,100,37,24,17,25,12,14,15,8,17,25,5,10,0,18,109,2,2.9,206.9,0.03,0,NA,100,0,5,100,0,1.9,0,"2023-2024"
"PAR","EFE","27_2","Regular Season","Shane  Larkin",34,11,3,7,42.9,1,3,33.3,2,2,100,0,5,5,6,0,1,0,0,0,6,21,"A","L",90,43,22,7,30,8,6,17,7,17,24,5,9,2,21,98,90,43,22,7,30,8,6,17,7,17,24,5,9,2,21,98,0.92,11.4,96.5,0.1,52.6,6,45,0.2,10.3,50.6,8.77,3.6,0,"2023-2024"
"PAR","EFE","27_2","Regular Season","Elijah  Bryant",12,8,1,3,33.3,2,3,66.7,0,0,NA,0,1,1,0,1,5,0,0,4,3,1,"A","L",90,43,22,7,30,8,6,17,7,17,24,5,9,2,21,98,90,43,22,7,30,8,6,17,7,17,24,5,9,2,21,98,1.33,10.6,75.5,-0.01,0,0,66.7,0,-0.3,66.7,47.17,9.5,0,"2023-2024"
"PAR","EFE","27_2","Regular Season","Tibor  Pleiss",23,13,5,6,83.3,1,3,33.3,0,0,NA,0,2,2,2,0,1,0,0,2,0,11,"A","L",90,43,22,7,30,8,6,17,7,17,24,5,9,2,21,98,90,43,22,7,30,8,6,17,7,17,24,5,9,2,21,98,1.44,9.6,135.4,0.07,20.8,2,72.2,0,9.3,72.2,10.42,4.5,0,"2023-2024"
"PAR","EFE","27_2","Regular Season","Justus  Hollatz",15,6,3,3,100,0,0,NA,0,0,NA,0,0,0,3,1,0,0,0,2,0,8,"A","L",90,43,22,7,30,8,6,17,7,17,24,5,9,2,21,98,90,43,22,7,30,8,6,17,7,17,24,5,9,2,21,98,2,2.9,206.9,0.05,103.4,Inf,100,0,7.4,100,0,2.1,0,"2023-2024"
"PAR","EFE","27_2","Regular Season","Ercan  Osmani",15,3,0,1,0,1,4,25,0,0,NA,0,3,3,0,1,0,0,0,2,0,1,"A","L",90,43,22,7,30,8,6,17,7,17,24,5,9,2,21,98,90,43,22,7,30,8,6,17,7,17,24,5,9,2,21,98,0.6,4.8,62.5,0.01,0,NA,30,0,1,30,0,3.5,0,"2023-2024"
"PAR","EFE","27_2","Regular Season","Rodrigue  Beaubois",25,9,2,2,100,1,4,25,2,2,100,1,0,1,3,0,1,1,0,4,1,7,"A","L",90,43,22,7,30,8,6,17,7,17,24,5,9,2,21,98,90,43,22,7,30,8,6,17,7,17,24,5,9,2,21,98,1.12,6.6,136.4,0.03,45.5,3,58.3,0.33,6.9,65.4,15.15,3.3,7.1,"2023-2024"
"PAR","EFE","27_2","Regular Season","Will  Clyburn",26,17,6,8,75,1,3,33.3,2,3,66.7,1,3,4,1,2,1,1,0,2,4,21,"A","L",90,43,22,7,30,8,6,17,7,17,24,5,9,2,21,98,90,43,22,7,30,8,6,17,7,17,24,5,9,2,21,98,1.21,11.8,144.1,0.11,8.5,1,68.2,0.27,14.9,69,8.47,5.3,7.1,"2023-2024"
"PAR","EFE","27_2","Regular Season","Darius  Thompson",9,4,2,3,66.7,0,1,0,0,0,NA,0,0,0,1,0,0,0,0,0,1,4,"A","L",90,43,22,7,30,8,6,17,7,17,24,5,9,2,21,98,90,43,22,7,30,8,6,17,7,17,24,5,9,2,21,98,1,3.8,105.3,0.02,26.3,Inf,50,0,2.7,50,0,4.6,0,"2023-2024"
"PAR","EFE","27_2","Regular Season","Daniel  Oturu",4,2,1,1,100,0,0,NA,0,0,NA,0,0,0,0,0,0,0,0,1,2,3,"A","L",90,43,22,7,30,8,6,17,7,17,24,5,9,2,21,98,90,43,22,7,30,8,6,17,7,17,24,5,9,2,21,98,2,1,200,0.01,0,NA,100,0,1.3,100,0,2.6,0,"2023-2024"
"PAR","EFE","27_2","Regular Season","Erkan  Yilmaz",0,0,0,0,NA,0,0,NA,0,0,NA,0,0,0,0,0,0,0,0,0,0,0,"A","L",90,43,22,7,30,8,6,17,7,17,24,5,9,2,21,98,90,43,22,7,30,8,6,17,7,17,24,5,9,2,21,98,NA,0,NA,0,NA,NA,NA,NA,0,NA,NA,NA,0,"2023-2024"
"PAR","EFE","27_2","Regular Season","Derek  Willis",21,7,2,3,66.7,1,1,100,0,0,NA,3,1,4,0,0,0,0,0,1,1,10,"A","L",90,43,22,7,30,8,6,17,7,17,24,5,9,2,21,98,90,43,22,7,30,8,6,17,7,17,24,5,9,2,21,98,1.75,1,700,0.05,0,NA,87.5,0,7.4,87.5,0,2,21.4,"2023-2024"
"PAR","EFE","27_2","Regular Season","Tyrique  Jones",14,10,5,6,83.3,0,0,NA,0,0,NA,2,2,4,1,0,0,0,0,3,0,11,"A","L",90,43,22,7,30,8,6,17,7,17,24,5,9,2,21,98,90,43,22,7,30,8,6,17,7,17,24,5,9,2,21,98,1.67,3.8,263.2,0.07,26.3,Inf,83.3,0,9.3,83.3,0,4.4,14.3,"2023-2024"
"PAN","RMB","27_3","Regular Season","Fabien  Causeur",23,13,2,4,50,3,5,60,0,0,NA,0,1,1,2,1,3,0,0,1,0,9,"H","L",86,38,20,20,20,9,19,14,7,22,29,7,19,4,18,88,86,38,20,20,20,9,19,14,7,22,29,7,19,4,18,88,1.44,11.5,113,0.07,17.4,0.7,72.2,0,8,72.2,26.09,4.9,0,"2023-2024"
"PAN","RMB","27_3","Regular Season","Alberto   Abalde",7,6,0,0,NA,2,2,100,0,0,NA,0,1,1,0,0,0,0,0,2,1,6,"H","L",86,38,20,20,20,9,19,14,7,22,29,7,19,4,18,88,86,38,20,20,20,9,19,14,7,22,29,7,19,4,18,88,3,1.9,315.8,0.04,0,NA,150,0,4.9,150,0,2.7,0,"2023-2024"
"PAN","RMB","27_3","Regular Season","Facundo  Campazzo",27,9,0,3,0,1,3,33.3,6,6,100,0,2,2,7,3,3,0,1,4,6,14,"H","L",86,38,20,20,20,9,19,14,7,22,29,7,19,4,18,88,86,38,20,20,20,9,19,14,7,22,29,7,19,4,18,88,0.75,11.2,80.4,0.07,62.5,2.3,25,1,9.1,52.1,26.79,4,0,"2023-2024"
"PAN","RMB","27_3","Regular Season","Walter  Tavares",22,10,4,5,80,0,0,NA,2,2,100,2,2,4,0,1,4,2,1,4,2,9,"H","L",86,38,20,20,20,9,19,14,7,22,29,7,19,4,18,88,86,38,20,20,20,9,19,14,7,22,29,7,19,4,18,88,1.43,7.6,131.6,0.04,0,0,80,0.4,6.9,85,52.63,4.2,14.3,"2023-2024"
"PAN","RMB","27_3","Regular Season","Guerschon  Yabusele",27,18,5,7,71.4,1,2,50,5,5,100,0,5,5,2,1,2,0,0,0,3,24,"H","L",86,38,20,20,20,9,19,14,7,22,29,7,19,4,18,88,86,38,20,20,20,9,19,14,7,22,29,7,19,4,18,88,1.29,12.7,141.7,0.16,15.7,1,72.2,0.56,16,80.4,15.75,4.6,0,"2023-2024"
"PAN","RMB","27_3","Regular Season","Mario  Hezonja",25,12,4,6,66.7,1,4,25,1,1,100,0,3,3,0,1,2,0,0,3,0,6,"H","L",86,38,20,20,20,9,19,14,7,22,29,7,19,4,18,88,86,38,20,20,20,9,19,14,7,22,29,7,19,4,18,88,1.09,11.9,100.8,0.04,0,0,55,0.1,5.7,57.5,16.81,4.6,0,"2023-2024"
"PAN","RMB","27_3","Regular Season","Sergio  Rodriguez",13,2,1,5,20,0,0,NA,0,0,NA,0,2,2,2,0,1,0,0,2,0,-1,"H","L",86,38,20,20,20,9,19,14,7,22,29,7,19,4,18,88,86,38,20,20,20,9,19,14,7,22,29,7,19,4,18,88,0.4,5.8,34.5,-0.01,34.5,2,20,0,-0.9,20,17.24,4.3,0,"2023-2024"
"PAN","RMB","27_3","Regular Season","Gabriel  Deck",14,0,0,0,NA,0,0,NA,0,0,NA,0,1,1,1,0,0,0,0,1,0,1,"H","L",86,38,20,20,20,9,19,14,7,22,29,7,19,4,18,88,86,38,20,20,20,9,19,14,7,22,29,7,19,4,18,88,NA,0,NA,0.01,Inf,Inf,NA,NA,0.6,NA,NA,0,0,"2023-2024"
"PAN","RMB","27_3","Regular Season","Vincent  Poirier",16,0,0,3,0,0,0,NA,0,0,NA,4,3,7,0,0,0,2,1,1,2,6,"H","L",86,38,20,20,20,9,19,14,7,22,29,7,19,4,18,88,86,38,20,20,20,9,19,14,7,22,29,7,19,4,18,88,0,-1,0,0.01,0,NA,0,0,2.6,0,0,1.7,28.6,"2023-2024"
"PAN","RMB","27_3","Regular Season","Sergio  Llull",7,0,0,1,0,0,1,0,0,0,NA,0,1,1,0,0,1,0,0,0,0,-2,"H","L",86,38,20,20,20,9,19,14,7,22,29,7,19,4,18,88,86,38,20,20,20,9,19,14,7,22,29,7,19,4,18,88,0,2.9,0,-0.01,0,0,0,0,-2.1,0,34.48,4,0,"2023-2024"
"PAN","RMB","27_3","Regular Season","Dzanan  Musa",19,16,4,4,100,1,3,33.3,5,6,83.3,1,1,2,0,0,3,0,0,0,4,16,"H","L",86,38,20,20,20,9,19,14,7,22,29,7,19,4,18,88,86,38,20,20,20,9,19,14,7,22,29,7,19,4,18,88,1.23,11.2,142.9,0.09,0,0,78.6,0.86,10.7,83,26.79,6.2,7.1,"2023-2024"
"RMB","PAN","27_3","Regular Season","Jerian  Grant",20,4,1,4,25,0,1,0,2,2,100,0,0,0,1,0,1,0,0,4,2,-2,"A","W",97,44,23,13,27,10,13,22,5,20,25,9,10,3,18,112,97,44,23,13,27,10,13,22,5,20,25,9,10,3,18,112,0.57,6.6,60.6,-0.02,15.2,1,20,0.4,-1,34,15.15,3.3,0,"2023-2024"
"RMB","PAN","27_3","Regular Season","Kendrick  Nunn",33,17,3,6,50,3,6,50,2,2,100,0,1,1,7,1,2,0,1,5,4,16,"A","W",97,44,23,13,27,10,13,22,5,20,25,9,10,3,18,112,97,44,23,13,27,10,13,22,5,20,25,9,10,3,18,112,1.21,14.3,118.9,0.07,49,3.5,62.5,0.17,13.2,66,13.99,4.4,0,"2023-2024"
"RMB","PAN","27_3","Regular Season","Mathias  Lessort",29,26,12,18,66.7,0,0,NA,2,2,100,3,4,7,4,2,2,1,1,1,3,33,"A","W",97,44,23,13,27,10,13,22,5,20,25,9,10,3,18,112,97,44,23,13,27,10,13,22,5,20,25,9,10,3,18,112,1.3,17.2,151.2,0.15,23.3,2,66.7,0.11,24.6,68.9,11.63,7,30,"2023-2024"
"RMB","PAN","27_3","Regular Season","Marius  Grigonis",19,11,0,1,0,3,5,60,2,2,100,0,2,2,1,2,1,0,1,2,3,12,"A","W",97,44,23,13,27,10,13,22,5,20,25,9,10,3,18,112,97,44,23,13,27,10,13,22,5,20,25,9,10,3,18,112,1.38,7.6,144.7,0.05,13.2,1,75,0.33,9.5,79.9,13.16,4,0,"2023-2024"
"RMB","PAN","27_3","Regular Season","Konstantinos  Mitoglou",27,8,4,6,66.7,0,3,0,0,0,NA,1,8,9,1,2,0,1,1,2,0,13,"A","W",97,44,23,13,27,10,13,22,5,20,25,9,10,3,18,112,97,44,23,13,27,10,13,22,5,20,25,9,10,3,18,112,0.89,7.7,103.9,0.07,13,Inf,44.4,0,9,44.4,0,3.2,10,"2023-2024"
"RMB","PAN","27_3","Regular Season","Aleksander  Balcerowski",6,2,1,1,100,0,0,NA,0,0,NA,0,0,0,1,0,0,1,0,2,0,2,"A","W",97,44,23,13,27,10,13,22,5,20,25,9,10,3,18,112,97,44,23,13,27,10,13,22,5,20,25,9,10,3,18,112,2,1,200,0.01,100,Inf,100,0,2.3,100,0,1.6,0,"2023-2024"
"RMB","PAN","27_3","Regular Season","Kostas  Sloukas",25,16,2,2,100,3,5,60,3,3,100,1,2,3,6,2,3,0,0,0,5,27,"A","W",97,44,23,13,27,10,13,22,5,20,25,9,10,3,18,112,97,44,23,13,27,10,13,22,5,20,25,9,10,3,18,112,1.6,9.9,161.6,0.11,60.6,2,92.9,0.43,17.6,96.2,30.3,4.4,10,"2023-2024"
"RMB","PAN","27_3","Regular Season","Ioannis  Papapetrou",22,7,1,3,33.3,1,3,33.3,2,2,100,0,1,1,0,0,1,0,0,1,1,3,"A","W",97,44,23,13,27,10,13,22,5,20,25,9,10,3,18,112,97,44,23,13,27,10,13,22,5,20,25,9,10,3,18,112,0.88,7.6,92.1,0.01,0,0,41.7,0.33,2.5,50.9,13.16,3.5,0,"2023-2024"
"RMB","PAN","27_3","Regular Season","Juan  Hernangomez",18,6,3,3,100,0,0,NA,0,0,NA,0,2,2,1,0,0,0,0,1,0,8,"A","W",97,44,23,13,27,10,13,22,5,20,25,9,10,3,18,112,97,44,23,13,27,10,13,22,5,20,25,9,10,3,18,112,2,2.9,206.9,0.04,34.5,Inf,100,0,6,100,0,1.6,0,"2023-2024"
"BOL","VAL","27_4","Regular Season","Justin  Anderson",23,4,2,3,66.7,0,0,NA,0,0,NA,1,1,2,0,0,2,1,0,2,3,5,"A","L",74,40,15,22,19,6,18,14,8,22,30,3,15,1,23,66,74,40,15,22,19,6,18,14,8,22,30,3,15,1,23,66,1.33,3.8,105.3,0.01,0,0,66.7,0,1.6,66.7,52.63,2.2,6.2,"2023-2024"
"BOL","VAL","27_4","Regular Season","Chris  Jones",22,20,5,7,71.4,2,2,100,4,4,100,0,2,2,2,1,2,0,1,1,3,22,"A","L",74,40,15,22,19,6,18,14,8,22,30,3,15,1,23,66,74,40,15,22,19,6,18,14,8,22,30,3,15,1,23,66,1.54,12.2,163.9,0.22,16.4,1,88.9,0.44,17.1,92.9,16.39,5.8,0,"2023-2024"
"BOL","VAL","27_4","Regular Season","Damien  Inglis",14,1,0,6,0,0,0,NA,1,2,50,1,3,4,2,1,1,0,0,1,1,0,"A","L",74,40,15,22,19,6,18,14,8,22,30,3,15,1,23,66,74,40,15,22,19,6,18,14,8,22,30,3,15,1,23,66,0.12,6.6,15.2,-0.02,30.3,2,0,0.33,-1,7.3,15.15,5.7,6.2,"2023-2024"
"BOL","VAL","27_4","Regular Season","Brandon  Davies",22,9,2,3,66.7,1,3,33.3,2,2,100,2,1,3,4,0,3,0,0,4,2,8,"A","L",74,40,15,22,19,6,18,14,8,22,30,3,15,1,23,66,74,40,15,22,19,6,18,14,8,22,30,3,15,1,23,66,1.12,7.6,118.4,0.05,52.6,1.3,58.3,0.33,5.9,65.4,39.47,4.5,12.5,"2023-2024"
"BOL","VAL","27_4","Regular Season","Kevin  Pangos",21,6,0,0,NA,2,3,66.7,0,0,NA,0,3,3,5,0,1,0,0,4,2,10,"A","L",74,40,15,22,19,6,18,14,8,22,30,3,15,1,23,66,74,40,15,22,19,6,18,14,8,22,30,3,15,1,23,66,2,3.8,157.9,0.09,131.6,5,100,0,6.5,100,26.32,1.9,0,"2023-2024"
"BOL","VAL","27_4","Regular Season","Jared  Harper",15,5,1,3,33.3,0,2,0,3,4,75,0,1,1,0,0,1,0,1,1,3,1,"A","L",74,40,15,22,19,6,18,14,8,22,30,3,15,1,23,66,74,40,15,22,19,6,18,14,8,22,30,3,15,1,23,66,0.56,7.4,67.6,-0.01,0,0,20,0.8,0.4,37,13.51,5.2,0,"2023-2024"
"BOL","VAL","27_4","Regular Season","Josep  Puerto",6,0,0,0,NA,0,0,NA,0,0,NA,0,2,2,0,0,0,0,0,0,0,2,"A","L",74,40,15,22,19,6,18,14,8,22,30,3,15,1,23,66,74,40,15,22,19,6,18,14,8,22,30,3,15,1,23,66,NA,0,NA,0.02,NA,NA,NA,NA,0.6,NA,NA,0,0,"2023-2024"
"BOL","VAL","27_4","Regular Season","Nate  Reuvers",11,7,1,4,25,1,2,50,2,2,100,0,0,0,0,0,0,0,1,3,1,0,"A","L",74,40,15,22,19,6,18,14,8,22,30,3,15,1,23,66,74,40,15,22,19,6,18,14,8,22,30,3,15,1,23,66,0.88,6.6,106.1,0,0,NA,41.7,0.33,2.4,50.9,0,6.3,0,"2023-2024"
"BOL","VAL","27_4","Regular Season","Jaime  Pradilla",19,8,4,5,80,0,0,NA,0,2,0,1,2,3,0,0,1,0,0,1,1,7,"A","L",74,40,15,22,19,6,18,14,8,22,30,3,15,1,23,66,74,40,15,22,19,6,18,14,8,22,30,3,15,1,23,66,1.14,5.6,142.9,0.06,0,0,80,0.4,5.2,68,17.86,3.6,6.2,"2023-2024"
"BOL","VAL","27_4","Regular Season","Stefan  Jovic",17,5,2,3,66.7,0,0,NA,1,1,100,0,4,4,1,1,3,0,0,0,2,9,"A","L",74,40,15,22,19,6,18,14,8,22,30,3,15,1,23,66,74,40,15,22,19,6,18,14,8,22,30,3,15,1,23,66,1.25,6.2,80.6,0.08,16.1,0.3,66.7,0.33,3.6,72.7,48.39,3.8,0,"2023-2024"
"BOL","VAL","27_4","Regular Season","Kassius  Robertson",8,0,0,0,NA,0,1,0,0,0,NA,0,0,0,0,0,0,0,0,4,0,-5,"A","L",74,40,15,22,19,6,18,14,8,22,30,3,15,1,23,66,74,40,15,22,19,6,18,14,8,22,30,3,15,1,23,66,0,1,0,-0.05,0,NA,0,0,-2.3,0,0,1.3,0,"2023-2024"
"BOL","VAL","27_4","Regular Season","Semi  Ojeleye",22,9,2,6,33.3,0,2,0,5,5,100,3,3,6,0,0,1,0,2,2,3,7,"A","L",74,40,15,22,19,6,18,14,8,22,30,3,15,1,23,66,74,40,15,22,19,6,18,14,8,22,30,3,15,1,23,66,0.69,7.9,113.9,0.05,0,0,25,0.62,5.4,44.1,12.66,5.1,18.8,"2023-2024"
"VAL","BOL","27_4","Regular Season","Isaia  Cordinier",25,12,4,5,80,1,3,33.3,1,2,50,0,3,3,3,1,2,1,0,2,2,14,"H","W",87,37,29,21,21,9,18,23,9,22,31,10,7,5,21,110,87,37,29,21,21,9,18,23,9,22,31,10,7,5,21,110,1.2,10.4,115.4,0.07,28.8,1.5,68.8,0.25,9.9,67.6,19.23,4.2,0,"2023-2024"
"VAL","BOL","27_4","Regular Season","Marco  Belinelli",23,16,2,5,40,2,4,50,6,6,100,0,0,0,2,0,1,0,1,3,5,13,"H","W",87,37,29,21,21,9,18,23,9,22,31,10,7,5,21,110,87,37,29,21,21,9,18,23,9,22,31,10,7,5,21,110,1.07,12.1,132.2,0.05,16.5,2,55.6,0.67,10.5,68.7,8.26,5.3,0,"2023-2024"
"VAL","BOL","27_4","Regular Season","Tornike  Shengelia",6,0,0,1,0,0,2,0,0,0,NA,0,2,2,1,0,0,0,0,0,1,1,"H","W",87,37,29,21,21,9,18,23,9,22,31,10,7,5,21,110,87,37,29,21,21,9,18,23,9,22,31,10,7,5,21,110,0,2.9,0,0,34.5,Inf,0,0,-0.8,0,0,4.9,0,"2023-2024"
"VAL","BOL","27_4","Regular Season","Daniel  Hackett",18,5,0,2,0,1,2,50,2,2,100,2,4,6,3,1,0,0,0,2,2,12,"H","W",87,37,29,21,21,9,18,23,9,22,31,10,7,5,21,110,87,37,29,21,21,9,18,23,9,22,31,10,7,5,21,110,0.83,2.8,178.6,0.05,107.1,Inf,37.5,0.5,7.5,51.2,0,2.6,11.1,"2023-2024"
"VAL","BOL","27_4","Regular Season","Bryant  Dunston",12,8,4,5,80,0,0,NA,0,0,NA,0,1,1,1,2,1,0,0,3,0,7,"H","W",87,37,29,21,21,9,18,23,9,22,31,10,7,5,21,110,87,37,29,21,21,9,18,23,9,22,31,10,7,5,21,110,1.6,5.8,137.9,0.04,17.2,1,80,0,6.9,80,17.24,4.9,0,"2023-2024"
"VAL","BOL","27_4","Regular Season","Gabriel  Lundberg",16,11,3,4,75,1,4,25,2,2,100,1,3,4,2,0,1,0,0,3,2,11,"H","W",87,37,29,21,21,9,18,23,9,22,31,10,7,5,21,110,87,37,29,21,21,9,18,23,9,22,31,10,7,5,21,110,1.1,8.5,129.4,0.05,23.5,2,56.2,0.25,7.8,61.9,11.76,6,5.6,"2023-2024"
"VAL","BOL","27_4","Regular Season","Alessandro  Pajola",22,9,1,2,50,1,4,25,4,4,100,0,1,1,6,2,0,0,0,1,5,18,"H","W",87,37,29,21,21,9,18,23,9,22,31,10,7,5,21,110,87,37,29,21,21,9,18,23,9,22,31,10,7,5,21,110,0.9,7.4,121.6,0.08,81.1,Inf,41.7,0.67,11.7,58,0,3.4,0,"2023-2024"
"VAL","BOL","27_4","Regular Season","Jordan  Mickey",27,14,5,10,50,1,2,50,1,3,33.3,4,3,7,1,3,2,3,0,1,3,20,"H","W",87,37,29,21,21,9,18,23,9,22,31,10,7,5,21,110,87,37,29,21,21,9,18,23,9,22,31,10,7,5,21,110,0.93,10.9,128.4,0.08,9.2,0.5,54.2,0.25,14.3,52.6,18.35,5.5,22.2,"2023-2024"
"VAL","BOL","27_4","Regular Season","Achille  Polonara",25,5,1,1,100,1,5,20,0,0,NA,2,2,4,3,1,0,1,0,3,1,8,"H","W",87,37,29,21,21,9,18,23,9,22,31,10,7,5,21,110,87,37,29,21,21,9,18,23,9,22,31,10,7,5,21,110,0.83,3.8,131.6,0.03,78.9,Inf,41.7,0,6.2,41.7,0,2.3,11.1,"2023-2024"
"VAL","BOL","27_4","Regular Season","Ante  Zizic",8,4,1,2,50,0,0,NA,2,2,100,0,2,2,0,0,0,0,0,0,1,6,"H","W",87,37,29,21,21,9,18,23,9,22,31,10,7,5,21,110,87,37,29,21,21,9,18,23,9,22,31,10,7,5,21,110,1,2.8,142.9,0.03,0,NA,50,1,3.6,69.4,0,3.5,0,"2023-2024"
"VAL","BOL","27_4","Regular Season","Awudu  Abass",16,3,0,0,NA,1,3,33.3,0,0,NA,0,1,1,1,0,0,0,0,3,0,0,"H","W",87,37,29,21,21,9,18,23,9,22,31,10,7,5,21,110,87,37,29,21,21,9,18,23,9,22,31,10,7,5,21,110,1,2.9,103.4,0,34.5,Inf,50,0,1.1,50,0,1.8,0,"2023-2024"
"ASM","BAR","27_5","Regular Season","Jan  Vesely",26,19,7,8,87.5,0,0,NA,5,6,83.3,3,7,10,1,3,0,0,0,4,5,32,"H","L",67,39,27,22,19,4,17,15,9,23,32,6,10,0,21,60,67,39,27,22,19,4,17,15,9,23,32,6,10,0,21,60,1.36,7.3,260.3,0.35,13.7,Inf,87.5,0.75,22.1,89.3,0,3.8,16.7,"2023-2024"
"ASM","BAR","27_5","Regular Season","Nikola  Kalinic",21,2,1,1,100,0,7,0,0,0,NA,0,2,2,3,0,1,0,0,3,1,-3,"H","L",67,39,27,22,19,4,17,15,9,23,32,6,10,0,21,60,67,39,27,22,19,4,17,15,9,23,32,6,10,0,21,60,0.25,8.6,23.3,-0.05,34.9,3,12.5,0,-2.7,12.5,11.63,4,0,"2023-2024"
"ASM","BAR","27_5","Regular Season","Tomas  Satoransky",23,8,1,2,50,2,4,50,0,0,NA,0,2,2,4,1,1,0,1,2,1,9,"H","L",67,39,27,22,19,4,17,15,9,23,32,6,10,0,21,60,67,39,27,22,19,4,17,15,9,23,32,6,10,0,21,60,1.33,6.7,119.4,0.12,59.7,4,66.7,0,7.6,66.7,14.93,2.8,0,"2023-2024"
"ASM","BAR","27_5","Regular Season","Nicolas  Laprovittola",25,13,2,5,40,2,6,33.3,3,3,100,2,1,3,2,0,4,0,0,4,3,6,"H","L",67,39,27,22,19,4,17,15,9,23,32,6,10,0,21,60,67,39,27,22,19,4,17,15,9,23,32,6,10,0,21,60,0.93,13.7,94.9,0.03,14.6,0.5,45.5,0.27,4.4,52.8,29.2,6.1,11.1,"2023-2024"
"ASM","BAR","27_5","Regular Season","Jabari  Parker",30,7,2,8,25,0,3,0,3,4,75,0,2,2,0,0,2,0,0,2,2,-3,"H","L",67,39,27,22,19,4,17,15,9,23,32,6,10,0,21,60,67,39,27,22,19,4,17,15,9,23,32,6,10,0,21,60,0.47,14.2,49.3,-0.07,0,0,18.2,0.36,-2.5,27.4,14.08,4.6,0,"2023-2024"
"ASM","BAR","27_5","Regular Season","Oscar  da Silva",8,2,1,2,50,0,2,0,0,0,NA,0,1,1,0,0,0,0,0,1,0,-1,"H","L",67,39,27,22,19,4,17,15,9,23,32,6,10,0,21,60,67,39,27,22,19,4,17,15,9,23,32,6,10,0,21,60,0.5,3.8,52.6,-0.01,0,NA,25,0,-0.5,25,0,4.7,0,"2023-2024"
"ASM","BAR","27_5","Regular Season","Dario  Brizuela",13,2,1,1,100,0,1,0,0,0,NA,0,0,0,1,0,0,0,0,1,1,2,"H","L",67,39,27,22,19,4,17,15,9,23,32,6,10,0,21,60,67,39,27,22,19,4,17,15,9,23,32,6,10,0,21,60,1,1.9,105.3,0.01,52.6,Inf,50,0,1.3,50,0,1.4,0,"2023-2024"
"ASM","BAR","27_5","Regular Season","Ricard  Rubio",11,5,2,4,50,0,1,0,1,1,100,1,1,2,1,0,0,0,1,1,1,4,"H","L",67,39,27,22,19,4,17,15,9,23,32,6,10,0,21,60,67,39,27,22,19,4,17,15,9,23,32,6,10,0,21,60,0.83,4.3,116.3,0.05,23.3,Inf,40,0.2,3.6,46,0,4.6,5.6,"2023-2024"
"ASM","BAR","27_5","Regular Season","Willy  Hernangomez",14,3,0,4,0,0,0,NA,3,6,50,2,5,7,2,1,0,0,1,0,4,9,"H","L",67,39,27,22,19,4,17,15,9,23,32,6,10,0,21,60,67,39,27,22,19,4,17,15,9,23,32,6,10,0,21,60,0.3,4.5,66.7,0.07,44.4,Inf,0,1.5,4.3,22.6,0,4.4,11.1,"2023-2024"
"ASM","BAR","27_5","Regular Season","Alejandro  Abrines",15,4,1,1,100,0,2,0,2,2,100,1,2,3,0,0,1,0,0,2,2,4,"H","L",67,39,27,22,19,4,17,15,9,23,32,6,10,0,21,60,67,39,27,22,19,4,17,15,9,23,32,6,10,0,21,60,0.8,3.7,108.1,0.02,0,0,33.3,0.67,1.8,51.5,27.03,3,5.6,"2023-2024"
"ASM","BAR","27_5","Regular Season","Rokas  Jokubaitis",12,2,1,3,33.3,0,1,0,0,0,NA,0,0,0,1,1,1,0,0,1,2,1,"H","L",67,39,27,22,19,4,17,15,9,23,32,6,10,0,21,60,67,39,27,22,19,4,17,15,9,23,32,6,10,0,21,60,0.5,4.8,41.7,-0.01,20.8,1,25,0,-0.1,25,20.83,3.9,0,"2023-2024"
"BAR","ASM","27_5","Regular Season","John  Brown III",24,3,1,3,33.3,0,0,NA,1,2,50,2,1,3,1,1,1,0,0,3,1,2,"A","W",77,41,25,17,24,6,11,17,11,31,42,6,10,3,22,92,77,41,25,17,24,6,11,17,11,31,42,6,10,3,22,92,0.6,2.8,107.1,0,35.7,1,33.3,0.67,2.1,38.7,35.71,1.9,9.1,"2023-2024"
"BAR","ASM","27_5","Regular Season","Jaron  Blossomgame",21,10,5,6,83.3,0,2,0,0,0,NA,4,3,7,0,0,1,1,0,1,2,15,"A","W",77,41,25,17,24,6,11,17,11,31,42,6,10,3,22,92,77,41,25,17,24,6,11,17,11,31,42,6,10,3,22,92,1.25,4.8,208.3,0.08,0,0,62.5,0,9.4,62.5,20.83,4.1,18.2,"2023-2024"
"BAR","ASM","27_5","Regular Season","Donatas  Motiejunas",12,12,3,4,75,2,3,66.7,0,0,NA,1,2,3,1,1,0,0,0,4,1,12,"A","W",77,41,25,17,24,6,11,17,11,31,42,6,10,3,22,92,77,41,25,17,24,6,11,17,11,31,42,6,10,3,22,92,1.71,5.8,206.9,0.08,17.2,Inf,85.7,0,10.5,85.7,0,5.6,4.5,"2023-2024"
"BAR","ASM","27_5","Regular Season","Matthew  Strazel",18,13,4,6,66.7,0,1,0,5,5,100,0,1,1,3,1,0,0,0,2,4,17,"A","W",77,41,25,17,24,6,11,17,11,31,42,6,10,3,22,92,77,41,25,17,24,6,11,17,11,31,42,6,10,3,22,92,1.08,8.8,147.7,0.1,34.1,Inf,57.1,0.71,12.3,70.7,0,4.9,0,"2023-2024"
"BAR","ASM","27_5","Regular Season","Mike  James",31,17,4,9,44.4,2,8,25,3,6,50,0,8,8,4,1,2,0,0,2,6,18,"A","W",77,41,25,17,24,6,11,17,11,31,42,6,10,3,22,92,77,41,25,17,24,6,11,17,11,31,42,6,10,3,22,92,0.74,20.8,81.7,0.09,19.2,2,41.2,0.35,9.7,43.3,9.62,6.7,0,"2023-2024"
"BAR","ASM","27_5","Regular Season","Elie  Okobo",25,7,2,4,50,1,6,16.7,0,0,NA,0,5,5,4,1,3,0,0,4,2,5,"A","W",77,41,25,17,24,6,11,17,11,31,42,6,10,3,22,92,77,41,25,17,24,6,11,17,11,31,42,6,10,3,22,92,0.7,12.5,56,0.02,32,1.3,35,0,1.9,35,24,5,0,"2023-2024"
"BAR","ASM","27_5","Regular Season","Alpha  Diallo",28,4,0,1,0,1,3,33.3,1,2,50,1,5,6,1,1,1,0,0,2,2,7,"A","W",77,41,25,17,24,6,11,17,11,31,42,6,10,3,22,92,77,41,25,17,24,6,11,17,11,31,42,6,10,3,22,92,0.67,4.7,85.1,0.04,21.3,1,37.5,0.5,3.3,41,21.28,2,4.5,"2023-2024"
"BAR","ASM","27_5","Regular Season","Petr  Cornelie",11,0,0,0,NA,0,1,0,0,0,NA,0,1,1,1,0,0,0,0,2,0,-1,"A","W",77,41,25,17,24,6,11,17,11,31,42,6,10,3,22,92,77,41,25,17,24,6,11,17,11,31,42,6,10,3,22,92,0,1,0,-0.01,100,Inf,0,0,-0.5,0,0,0.9,0,"2023-2024"
"BAR","ASM","27_5","Regular Season","Mouhammadou  Jaiteh",5,1,0,3,0,0,0,NA,1,2,50,1,0,1,0,0,1,0,0,1,1,-3,"A","W",77,41,25,17,24,6,11,17,11,31,42,6,10,3,22,92,77,41,25,17,24,6,11,17,11,31,42,6,10,3,22,92,0.2,3.7,27,-0.04,0,0,0,0.67,-2.2,12.9,27.03,9.4,4.5,"2023-2024"
"BAR","ASM","27_5","Regular Season","Kemba  Walker",6,0,0,0,NA,0,1,0,0,0,NA,0,0,0,1,0,1,0,0,0,1,0,"A","W",77,41,25,17,24,6,11,17,11,31,42,6,10,3,22,92,77,41,25,17,24,6,11,17,11,31,42,6,10,3,22,92,0,1.9,0,-0.01,52.6,1,0,0,-1,0,52.63,3.2,0,"2023-2024"
"BAR","ASM","27_5","Regular Season","Donta  Hall",18,10,5,5,100,0,0,NA,0,0,NA,2,5,7,1,0,0,2,0,1,1,20,"A","W",77,41,25,17,24,6,11,17,11,31,42,6,10,3,22,92,77,41,25,17,24,6,11,17,11,31,42,6,10,3,22,92,2,2.9,344.8,0.13,34.5,Inf,100,0,13.1,100,0,2.7,9.1,"2023-2024"
"BAY","CRV","27_6","Regular Season","Javonte  Smart",22,13,4,5,80,1,5,20,2,2,100,0,2,2,1,1,1,0,0,2,2,11,"A","L",66,36,30,10,17,8,8,8,11,25,36,5,9,2,19,60,66,36,30,10,17,8,8,8,11,25,36,5,9,2,19,60,1.08,11.4,114,0.11,8.8,1,55,0.2,8.5,59.7,8.77,5.4,0,"2023-2024"
"BAY","CRV","27_6","Regular Season","Luka  Mitrovic",18,9,4,5,80,0,1,0,1,2,50,2,2,4,0,0,0,0,0,3,1,8,"A","L",66,36,30,10,17,8,8,8,11,25,36,5,9,2,19,60,66,36,30,10,17,8,8,8,11,25,36,5,9,2,19,60,1.12,4.7,191.5,0.08,0,NA,66.7,0.33,6.8,65.4,0,3.9,9.1,"2023-2024"
"BAY","CRV","27_6","Regular Season","Joel  Bolomboy",25,11,4,6,66.7,1,2,50,0,0,NA,5,4,9,0,0,1,1,0,0,1,18,"A","L",66,36,30,10,17,8,8,8,11,25,36,5,9,2,19,60,66,36,30,10,17,8,8,8,11,25,36,5,9,2,19,60,1.38,3.8,289.5,0.18,0,0,68.8,0,11.8,68.8,26.32,3.6,22.7,"2023-2024"
"BAY","CRV","27_6","Regular Season","Rokas  Giedraitis",21,4,2,5,40,0,1,0,0,0,NA,0,1,1,0,1,0,0,0,3,0,-1,"A","L",66,36,30,10,17,8,8,8,11,25,36,5,9,2,19,60,66,36,30,10,17,8,8,8,11,25,36,5,9,2,19,60,0.67,5.8,69,-0.01,0,NA,33.3,0,0.7,33.3,0,2.9,0,"2023-2024"
"BAY","CRV","27_6","Regular Season","Yago Mateus dos Santos",22,7,1,5,20,1,4,25,2,2,100,2,6,8,5,1,4,0,1,5,3,7,"A","L",66,36,30,10,17,8,8,8,11,25,36,5,9,2,19,60,66,36,30,10,17,8,8,8,11,25,36,5,9,2,19,60,0.64,11.4,61.4,0.05,43.9,1.2,27.8,0.22,3.2,35.4,35.09,6.4,9.1,"2023-2024"
"BAY","CRV","27_6","Regular Season","Stefan  Lazarevic",3,0,0,0,NA,0,0,NA,0,0,NA,0,0,0,0,0,1,0,0,2,0,-3,"A","L",66,36,30,10,17,8,8,8,11,25,36,5,9,2,19,60,66,36,30,10,17,8,8,8,11,25,36,5,9,2,19,60,NA,1,0,-0.04,0,0,NA,NA,-1.8,NA,100,3.4,0,"2023-2024"
"BAY","CRV","27_6","Regular Season","Adam  Hanga",16,4,0,3,0,1,3,33.3,1,2,50,0,1,1,1,1,1,1,0,0,3,4,"A","L",66,36,30,10,17,8,8,8,11,25,36,5,9,2,19,60,66,36,30,10,17,8,8,8,11,25,36,5,9,2,19,60,0.5,7.6,52.6,0.01,13.2,1,25,0.33,1.5,29.1,13.16,5,0,"2023-2024"
"BAY","CRV","27_6","Regular Season","Dejan  Davidovac",17,3,0,1,0,1,1,100,0,0,NA,1,3,4,0,1,0,0,0,0,1,8,"A","L",66,36,30,10,17,8,8,8,11,25,36,5,9,2,19,60,66,36,30,10,17,8,8,8,11,25,36,5,9,2,19,60,1.5,1,300,0.08,0,NA,75,0,4.6,75,0,1.2,4.5,"2023-2024"
"BAY","CRV","27_6","Regular Season","Branko  Lazic",14,0,0,0,NA,0,2,0,0,0,NA,1,1,2,0,0,0,0,0,2,1,-1,"A","L",66,36,30,10,17,8,8,8,11,25,36,5,9,2,19,60,66,36,30,10,17,8,8,8,11,25,36,5,9,2,19,60,0,1,0,-0.03,0,NA,0,0,-1.2,0,0,1.4,4.5,"2023-2024"
"BAY","CRV","27_6","Regular Season","Mike  Tobey",12,3,0,0,NA,1,4,25,0,0,NA,0,1,1,0,0,0,0,0,0,0,1,"A","L",66,36,30,10,17,8,8,8,11,25,36,5,9,2,19,60,66,36,30,10,17,8,8,8,11,25,36,5,9,2,19,60,0.75,3.8,78.9,0.01,0,NA,37.5,0,0.9,37.5,0,3.4,0,"2023-2024"
"BAY","CRV","27_6","Regular Season","Nemanja  Nedovic",21,10,1,4,25,2,7,28.6,2,2,100,0,3,3,1,0,1,0,1,2,3,5,"A","L",66,36,30,10,17,8,8,8,11,25,36,5,9,2,19,60,66,36,30,10,17,8,8,8,11,25,36,5,9,2,19,60,0.77,12.4,80.6,0.04,8.1,1,36.4,0.18,3.3,42.1,8.06,6.2,0,"2023-2024"
"BAY","CRV","27_6","Regular Season","Freddie  Gillespie",7,2,1,2,50,0,0,NA,0,0,NA,0,1,1,0,0,0,0,0,0,1,3,"A","L",66,36,30,10,17,8,8,8,11,25,36,5,9,2,19,60,66,36,30,10,17,8,8,8,11,25,36,5,9,2,19,60,1,1.9,105.3,0.03,0,NA,50,0,1.3,50,0,2.9,0,"2023-2024"
"CRV","BAY","27_6","Regular Season","Carsen  Edwards",18,4,1,3,33.3,0,2,0,2,2,100,0,0,0,3,1,1,0,0,1,5,7,"H","W",74,33,26,14,17,9,13,18,5,29,34,7,7,2,16,95,74,33,26,14,17,9,13,18,5,29,34,7,7,2,16,95,0.57,6.6,60.6,0.01,45.5,3,20,0.4,2.6,34,15.15,4.2,0,"2023-2024"
"CRV","BAY","27_6","Regular Season","Leandro  Bolmaro",16,7,1,3,33.3,1,1,100,2,2,100,1,1,2,3,0,0,1,1,4,2,8,"H","W",74,33,26,14,17,9,13,18,5,29,34,7,7,2,16,95,74,33,26,14,17,9,13,18,5,29,34,7,7,2,16,95,1.17,3.7,189.2,0.04,81.1,Inf,62.5,0.5,7.2,71.7,0,3.4,10,"2023-2024"
"CRV","BAY","27_6","Regular Season","Vladimir  Lucic",27,5,0,1,0,1,1,100,2,2,100,0,5,5,2,1,2,0,0,0,2,12,"H","W",74,33,26,14,17,9,13,18,5,29,34,7,7,2,16,95,74,33,26,14,17,9,13,18,5,29,34,7,7,2,16,95,1.25,4.7,106.4,0.07,42.6,1,75,1,5.9,86.8,42.55,2,0,"2023-2024"
"CRV","BAY","27_6","Regular Season","Serge  Ibaka",24,12,6,7,85.7,0,0,NA,0,0,NA,2,6,8,3,0,0,0,1,0,1,22,"H","W",74,33,26,14,17,9,13,18,5,29,34,7,7,2,16,95,74,33,26,14,17,9,13,18,5,29,34,7,7,2,16,95,1.71,4.8,250,0.14,62.5,Inf,85.7,0,14.8,85.7,0,3.2,20,"2023-2024"
"CRV","BAY","27_6","Regular Season","Devin   Booker",30,22,7,11,63.6,1,5,20,5,6,83.3,0,6,6,0,2,1,0,0,3,3,20,"H","W",74,33,26,14,17,9,13,18,5,29,34,7,7,2,16,95,74,33,26,14,17,9,13,18,5,29,34,7,7,2,16,95,1,18.9,116.4,0.11,0,0,53.1,0.38,15.2,59,5.29,7.3,0,"2023-2024"
"CRV","BAY","27_6","Regular Season","Nick  Weiler-Babb",25,4,1,1,100,0,4,0,2,2,100,0,2,2,5,1,3,0,0,2,3,6,"H","W",74,33,26,14,17,9,13,18,5,29,34,7,7,2,16,95,74,33,26,14,17,9,13,18,5,29,34,7,7,2,16,95,0.57,8.5,47.1,0.02,58.8,1.7,20,0.4,2.2,34,35.29,3.9,0,"2023-2024"
"CRV","BAY","27_6","Regular Season","Niels  Giffey",11,0,0,1,0,0,2,0,0,0,NA,1,1,2,0,1,0,0,0,0,0,0,"H","W",74,33,26,14,17,9,13,18,5,29,34,7,7,2,16,95,74,33,26,14,17,9,13,18,5,29,34,7,7,2,16,95,0,1.9,0,0,0,NA,0,0,-0.1,0,0,3,10,"2023-2024"
"CRV","BAY","27_6","Regular Season","Isaac  Bonga",15,6,0,1,0,2,2,100,0,0,NA,0,4,4,0,0,0,1,0,3,1,8,"H","W",74,33,26,14,17,9,13,18,5,29,34,7,7,2,16,95,74,33,26,14,17,9,13,18,5,29,34,7,7,2,16,95,2,2.9,206.9,0.04,0,NA,100,0,5.4,100,0,2.2,0,"2023-2024"
"CRV","BAY","27_6","Regular Season","Andreas  Obst",21,9,0,1,0,3,8,37.5,0,0,NA,0,1,1,1,1,0,0,0,2,2,6,"H","W",74,33,26,14,17,9,13,18,5,29,34,7,7,2,16,95,74,33,26,14,17,9,13,18,5,29,34,7,7,2,16,95,1,8.6,104.7,0.03,11.6,Inf,50,0,5.1,50,0,4.8,0,"2023-2024"
"CRV","BAY","27_6","Regular Season","Danko   Brankovic",11,5,1,4,25,1,1,100,0,0,NA,1,3,4,1,0,0,0,0,1,0,6,"H","W",74,33,26,14,17,9,13,18,5,29,34,7,7,2,16,95,74,33,26,14,17,9,13,18,5,29,34,7,7,2,16,95,1,3.8,131.6,0.04,26.3,Inf,50,0,4.2,50,0,5,10,"2023-2024"
"BAS","FEN","27_7","Regular Season","Amine  Noua",16,7,2,2,100,1,3,33.3,0,0,NA,1,3,4,2,0,0,0,0,0,2,13,"H","W",111,34,34,12,23,19,8,32,5,16,21,9,6,5,16,139,111,34,34,12,23,19,8,32,5,16,21,9,6,5,16,139,1.4,3.8,184.2,0.04,52.6,Inf,70,0,7.7,70,0,3.2,10,"2023-2024"
"BAS","FEN","27_7","Regular Season","Sertac  Sanli",8,8,1,2,50,2,2,100,0,0,NA,1,1,2,0,0,0,0,1,1,1,8,"H","W",111,34,34,12,23,19,8,32,5,16,21,9,6,5,16,139,111,34,34,12,23,19,8,32,5,16,21,9,6,5,16,139,2,2.9,275.9,0.03,0,NA,100,0,7,100,0,5,10,"2023-2024"
"BAS","FEN","27_7","Regular Season","Nigel  Hayes-Davis",26,19,3,6,50,4,6,66.7,1,1,100,1,1,2,4,2,1,0,1,1,2,21,"H","W",111,34,34,12,23,19,8,32,5,16,21,9,6,5,16,139,111,34,34,12,23,19,8,32,5,16,21,9,6,5,16,139,1.46,11.9,159.7,0.08,33.6,4,75,0.08,17.8,76.4,8.4,5.2,10,"2023-2024"
"BAS","FEN","27_7","Regular Season","Tyler  Dorsey",14,4,2,3,66.7,0,0,NA,0,0,NA,0,1,1,1,0,0,0,0,1,1,5,"H","W",111,34,34,12,23,19,8,32,5,16,21,9,6,5,16,139,111,34,34,12,23,19,8,32,5,16,21,9,6,5,16,139,1.33,2.9,137.9,0.02,34.5,Inf,66.7,0,3.3,66.7,0,2.2,0,"2023-2024"
"BAS","FEN","27_7","Regular Season","Nick  Calathes",30,11,4,4,100,0,1,0,3,4,75,0,3,3,12,2,2,1,0,4,4,25,"H","W",111,34,34,12,23,19,8,32,5,16,21,9,6,5,16,139,111,34,34,12,23,19,8,32,5,16,21,9,6,5,16,139,1.22,8.4,131,0.08,142.9,6,80,0.8,17.1,81.4,23.81,2.9,0,"2023-2024"
"BAS","FEN","27_7","Regular Season","Johnathan  Motley",25,11,4,7,57.1,0,0,NA,3,5,60,1,4,5,2,0,1,1,0,1,4,16,"H","W",111,34,34,12,23,19,8,32,5,16,21,9,6,5,16,139,111,34,34,12,23,19,8,32,5,16,21,9,6,5,16,139,0.92,8.8,125,0.05,22.7,2,57.1,0.71,9.5,59.8,11.36,4.1,10,"2023-2024"
"BAS","FEN","27_7","Regular Season","Scottie  Wilbekin",16,1,0,1,0,0,5,0,1,2,50,0,1,1,2,3,0,0,0,1,1,0,"H","W",111,34,34,12,23,19,8,32,5,16,21,9,6,5,16,139,111,34,34,12,23,19,8,32,5,16,21,9,6,5,16,139,0.12,6.6,15.2,0,30.3,Inf,0,0.33,0.7,7.3,0,4.3,0,"2023-2024"
"BAS","FEN","27_7","Regular Season","Georgios  Papagiannis",6,6,3,3,100,0,0,NA,0,0,NA,1,0,1,1,0,0,2,0,1,0,9,"H","W",111,34,34,12,23,19,8,32,5,16,21,9,6,5,16,139,111,34,34,12,23,19,8,32,5,16,21,9,6,5,16,139,2,1.9,315.8,0.03,52.6,Inf,100,0,7.5,100,0,5,10,"2023-2024"
"BAS","FEN","27_7","Regular Season","Tarik  Biberovic",24,17,1,2,50,5,6,83.3,0,0,NA,0,2,2,1,0,1,0,0,1,0,16,"H","W",111,34,34,12,23,19,8,32,5,16,21,9,6,5,16,139,111,34,34,12,23,19,8,32,5,16,21,9,6,5,16,139,2.12,8.6,197.7,0.07,11.6,1,106.2,0,13.7,106.2,11.63,3.8,0,"2023-2024"
"BAS","FEN","27_7","Regular Season","Marko  Guduric",20,13,2,3,66.7,3,5,60,0,0,NA,0,0,0,6,1,1,0,0,2,0,14,"H","W",111,34,34,12,23,19,8,32,5,16,21,9,6,5,16,139,111,34,34,12,23,19,8,32,5,16,21,9,6,5,16,139,1.62,8.6,151.2,0.06,69.8,6,81.2,0,12.8,81.2,11.63,4.5,0,"2023-2024"
"BAS","FEN","27_7","Regular Season","Nathan  Sestina",14,14,1,1,100,4,6,66.7,0,0,NA,0,0,0,1,1,0,1,0,3,0,12,"H","W",111,34,34,12,23,19,8,32,5,16,21,9,6,5,16,139,111,34,34,12,23,19,8,32,5,16,21,9,6,5,16,139,2,6.7,209,0.05,14.9,Inf,100,0,12.3,100,0,5,0,"2023-2024"
"FEN","BAS","27_7","Regular Season","Vanja  Marinkovic",31,18,5,6,83.3,2,4,50,2,2,100,1,1,2,0,0,3,0,0,2,4,16,"A","L",96,32,26,12,21,14,12,20,3,23,26,4,15,2,15,106,96,32,26,12,21,14,12,20,3,23,26,4,15,2,15,106,1.5,12.4,145.2,0.06,0,0,80,0.2,11,82.7,24.19,4.6,16.7,"2023-2024"
"FEN","BAS","27_7","Regular Season","Codi  Miller-McIntyre",29,8,3,6,50,0,1,0,2,2,100,0,4,4,10,0,1,0,1,2,6,20,"A","L",96,32,26,12,21,14,12,20,3,23,26,4,15,2,15,106,96,32,26,12,21,14,12,20,3,23,26,4,15,2,15,106,0.89,8.5,94.1,0.08,117.6,10,42.9,0.29,10.7,50.8,11.76,3.1,0,"2023-2024"
"FEN","BAS","27_7","Regular Season","Daniel  Diez",21,15,0,0,NA,5,5,100,0,0,NA,0,6,6,1,1,0,0,0,0,0,23,"A","L",96,32,26,12,21,14,12,20,3,23,26,4,15,2,15,106,96,32,26,12,21,14,12,20,3,23,26,4,15,2,15,106,3,4.8,312.5,0.12,20.8,Inf,150,0,17,150,0,2.4,0,"2023-2024"
"FEN","BAS","27_7","Regular Season","Matthew  Costello",25,9,3,5,60,1,4,25,0,0,NA,1,3,4,2,0,2,1,1,1,2,9,"A","L",96,32,26,12,21,14,12,20,3,23,26,4,15,2,15,106,96,32,26,12,21,14,12,20,3,23,26,4,15,2,15,106,1,9.6,93.8,0.04,20.8,1,50,0,5.6,50,20.83,4.5,16.7,"2023-2024"
"FEN","BAS","27_7","Regular Season","Chima  Moneke",27,14,3,4,75,2,4,50,2,2,100,0,3,3,2,2,3,0,0,0,1,16,"A","L",96,32,26,12,21,14,12,20,3,23,26,4,15,2,15,106,96,32,26,12,21,14,12,20,3,23,26,4,15,2,15,106,1.4,11.4,122.8,0.08,17.5,0.7,75,0.25,11.7,78.8,26.32,4.5,0,"2023-2024"
"FEN","BAS","27_7","Regular Season","Markus  Howard",9,4,2,2,100,0,1,0,0,0,NA,0,0,0,0,0,0,0,1,4,0,-2,"A","L",96,32,26,12,21,14,12,20,3,23,26,4,15,2,15,106,96,32,26,12,21,14,12,20,3,23,26,4,15,2,15,106,1.33,2.9,137.9,-0.01,0,NA,66.7,0,1.1,66.7,0,3.4,0,"2023-2024"
"FEN","BAS","27_7","Regular Season","Tadas  Sedekerskis",26,9,2,4,50,1,3,33.3,2,2,100,0,3,3,3,1,3,1,2,0,1,9,"A","L",96,32,26,12,21,14,12,20,3,23,26,4,15,2,15,106,96,32,26,12,21,14,12,20,3,23,26,4,15,2,15,106,1,10.4,86.5,0.05,28.8,1,50,0.29,7,57.1,28.85,4.3,0,"2023-2024"
"FEN","BAS","27_7","Regular Season","Nikos  Rogkavopoulos",7,6,0,0,NA,2,3,66.7,0,0,NA,0,1,1,1,0,0,0,0,2,0,5,"A","L",96,32,26,12,21,14,12,20,3,23,26,4,15,2,15,106,96,32,26,12,21,14,12,20,3,23,26,4,15,2,15,106,2,2.9,206.9,0.03,34.5,Inf,100,0,4.9,100,0,4.4,0,"2023-2024"
"FEN","BAS","27_7","Regular Season","Maik  Kotsar",10,2,1,2,50,0,0,NA,0,0,NA,0,1,1,0,0,0,0,0,3,0,-1,"A","L",96,32,26,12,21,14,12,20,3,23,26,4,15,2,15,106,96,32,26,12,21,14,12,20,3,23,26,4,15,2,15,106,1,1.9,105.3,-0.01,0,NA,50,0,0.1,50,0,2,0,"2023-2024"
"FEN","BAS","27_7","Regular Season","Jordan  Theodore",15,11,2,3,66.7,1,1,100,4,4,100,1,1,2,1,0,3,0,0,1,2,11,"A","L",96,32,26,12,21,14,12,20,3,23,26,4,15,2,15,106,96,32,26,12,21,14,12,20,3,23,26,4,15,2,15,106,1.38,7.4,148.6,0.05,13.5,0.3,87.5,1,7.7,95.5,40.54,6,16.7,"2023-2024"
"MIL","VIL","27_8","Regular Season","Paris  Lee",16,5,1,1,100,1,3,33.3,0,0,NA,0,2,2,2,1,2,0,0,3,1,4,"H","W",81,35,22,16,21,9,12,18,4,25,29,8,8,1,22,96,81,35,22,16,21,9,12,18,4,25,29,8,8,1,22,96,1.25,5.8,86.2,0.02,34.5,1,62.5,0,2.8,62.5,34.48,4.2,0,"2023-2024"
"MIL","VIL","27_8","Regular Season","Joffrey  Lauvergne",20,17,7,8,87.5,0,1,0,3,4,75,0,4,4,1,1,1,0,0,1,2,20,"H","W",81,35,22,16,21,9,12,18,4,25,29,8,8,1,22,96,81,35,22,16,21,9,12,18,4,25,29,8,8,1,22,96,1.31,11.3,150.4,0.12,8.8,1,77.8,0.44,14.6,79,8.85,6.5,0,"2023-2024"
"MIL","VIL","27_8","Regular Season","Edwin  Jackson",18,2,1,2,50,0,2,0,0,0,NA,0,1,1,2,0,1,0,0,1,1,1,"H","W",81,35,22,16,21,9,12,18,4,25,29,8,8,1,22,96,81,35,22,16,21,9,12,18,4,25,29,8,8,1,22,96,0.5,4.8,41.7,0,41.7,2,25,0,-0.1,25,20.83,3.1,0,"2023-2024"
"MIL","VIL","27_8","Regular Season","David  Lighty",12,3,0,1,0,1,1,100,0,0,NA,0,0,0,2,1,0,0,0,3,1,3,"H","W",81,35,22,16,21,9,12,18,4,25,29,8,8,1,22,96,81,35,22,16,21,9,12,18,4,25,29,8,8,1,22,96,1.5,1.9,157.9,0.01,105.3,Inf,75,0,3.2,75,0,1.9,0,"2023-2024"
"MIL","VIL","27_8","Regular Season","Mbaye  Ndiaye",15,9,4,4,100,0,1,0,1,2,50,1,5,6,0,0,1,1,0,0,1,14,"H","W",81,35,22,16,21,9,12,18,4,25,29,8,8,1,22,96,81,35,22,16,21,9,12,18,4,25,29,8,8,1,22,96,1.29,5.6,160.7,0.08,0,0,80,0.4,8.6,76.5,17.86,5.1,12.5,"2023-2024"
"MIL","VIL","27_8","Regular Season","Mike  Scott",23,12,3,4,75,2,3,66.7,0,0,NA,0,5,5,0,0,0,0,1,4,3,13,"H","W",81,35,22,16,21,9,12,18,4,25,29,8,8,1,22,96,81,35,22,16,21,9,12,18,4,25,29,8,8,1,22,96,1.71,6.7,179.1,0.07,0,NA,85.7,0,9,85.7,0,3.4,0,"2023-2024"
"MIL","VIL","27_8","Regular Season","Charles Lombahe Kahudi",22,4,1,3,33.3,0,0,NA,2,2,100,1,1,2,4,0,0,0,0,1,1,8,"H","W",81,35,22,16,21,9,12,18,4,25,29,8,8,1,22,96,81,35,22,16,21,9,12,18,4,25,29,8,8,1,22,96,0.8,2.8,142.9,0.04,142.9,Inf,33.3,0.67,5.7,51.5,0,2,12.5,"2023-2024"
"MIL","VIL","27_8","Regular Season","Timothe  Luwawu-Cabarrot",28,7,1,6,16.7,1,2,50,2,2,100,0,5,5,1,0,0,0,0,3,2,6,"H","W",81,35,22,16,21,9,12,18,4,25,29,8,8,1,22,96,81,35,22,16,21,9,12,18,4,25,29,8,8,1,22,96,0.7,8.5,82.4,0.03,11.8,Inf,31.2,0.25,3.2,39.4,0,3.5,0,"2023-2024"
"MIL","VIL","27_8","Regular Season","Nando  de Colo",27,13,1,4,25,3,8,37.5,2,4,50,0,2,2,4,4,3,0,1,2,9,16,"H","W",81,35,22,16,21,9,12,18,4,25,29,8,8,1,22,96,81,35,22,16,21,9,12,18,4,25,29,8,8,1,22,96,0.81,16.1,80.7,0.05,24.8,1.3,45.8,0.33,9,47.2,18.63,6.9,0,"2023-2024"
"MIL","VIL","27_8","Regular Season","Noam  Yaacov",18,9,2,2,100,1,1,100,2,2,100,2,0,2,2,1,0,0,0,4,1,11,"H","W",81,35,22,16,21,9,12,18,4,25,29,8,8,1,22,96,81,35,22,16,21,9,12,18,4,25,29,8,8,1,22,96,1.8,1.8,500,0.06,111.1,Inf,116.7,0.67,10.3,116,0,2.4,25,"2023-2024"
"VIL","MIL","27_8","Regular Season","Maodo  Lo",27,15,3,6,50,3,7,42.9,0,2,0,0,0,0,2,0,1,0,1,1,3,8,"A","L",77,32,34,16,17,10,13,12,10,23,33,4,10,2,22,75,77,32,34,16,17,10,13,12,10,23,33,4,10,2,22,75,1,14.3,104.9,0.06,14,2,57.7,0.15,7.5,54,6.99,5.3,0,"2023-2024"
"VIL","MIL","27_8","Regular Season","Rodney  McGruder",24,9,3,4,75,0,3,0,3,3,100,1,1,2,3,1,1,0,0,3,3,10,"A","L",77,32,34,16,17,10,13,12,10,23,33,4,10,2,22,75,77,32,34,16,17,10,13,12,10,23,33,4,10,2,22,75,0.9,8,112.5,0.07,37.5,3,42.9,0.43,7.2,54.1,12.5,3.7,5,"2023-2024"
"VIL","MIL","27_8","Regular Season","Nicolo  Melli",25,4,1,4,25,0,2,0,2,2,100,1,2,3,0,0,0,1,0,2,2,3,"A","L",77,32,34,16,17,10,13,12,10,23,33,4,10,2,22,75,77,32,34,16,17,10,13,12,10,23,33,4,10,2,22,75,0.5,5.6,71.4,0,0,NA,16.7,0.33,1.4,29.1,0,2.7,5,"2023-2024"
"VIL","MIL","27_8","Regular Season","Shavon  Shields",36,9,1,4,25,2,6,33.3,1,1,100,2,7,9,1,1,2,0,0,1,5,15,"A","L",77,32,34,16,17,10,13,12,10,23,33,4,10,2,22,75,77,32,34,16,17,10,13,12,10,23,33,4,10,2,22,75,0.82,10,90,0.09,10,0.5,40,0.1,6,43.1,20,3.3,10,"2023-2024"
"VIL","MIL","27_8","Regular Season","Johannes  Voigtmann",21,6,3,4,75,0,2,0,0,0,NA,1,4,5,3,0,1,0,0,0,0,10,"A","L",77,32,34,16,17,10,13,12,10,23,33,4,10,2,22,75,77,32,34,16,17,10,13,12,10,23,33,4,10,2,22,75,1,5.8,103.4,0.1,51.7,3,50,0,6,50,17.24,3.2,5,"2023-2024"
"VIL","MIL","27_8","Regular Season","Alex  Poythress",6,0,0,1,0,0,1,0,0,0,NA,0,4,4,0,0,2,0,0,1,1,0,"A","L",77,32,34,16,17,10,13,12,10,23,33,4,10,2,22,75,77,32,34,16,17,10,13,12,10,23,33,4,10,2,22,75,0,3.8,0,-0.01,0,0,0,0,-2.6,0,52.63,6.4,0,"2023-2024"
"VIL","MIL","27_8","Regular Season","Giordano  Bortolani",7,0,0,0,NA,0,2,0,0,0,NA,0,1,1,0,0,1,0,0,1,1,-2,"A","L",77,32,34,16,17,10,13,12,10,23,33,4,10,2,22,75,77,32,34,16,17,10,13,12,10,23,33,4,10,2,22,75,0,2.9,0,-0.03,0,0,0,0,-2.5,0,34.48,4.1,0,"2023-2024"
"VIL","MIL","27_8","Regular Season","Giampaolo  Ricci",14,4,2,3,66.7,0,2,0,0,0,NA,4,0,4,0,1,0,0,0,5,0,1,"A","L",77,32,34,16,17,10,13,12,10,23,33,4,10,2,22,75,77,32,34,16,17,10,13,12,10,23,33,4,10,2,22,75,0.8,1,400,-0.01,0,NA,40,0,3.1,40,0,3.4,20,"2023-2024"
"VIL","MIL","27_8","Regular Season","Devon  Hall",27,19,0,2,0,5,9,55.6,4,4,100,0,4,4,3,1,1,1,0,3,2,20,"A","L",77,32,34,16,17,10,13,12,10,23,33,4,10,2,22,75,77,32,34,16,17,10,13,12,10,23,33,4,10,2,22,75,1.27,13.2,143.9,0.18,22.7,3,68.2,0.36,16.1,74.5,7.58,4.9,0,"2023-2024"
"VIL","MIL","27_8","Regular Season","Kyle  Hines",13,11,4,4,100,0,0,NA,3,4,75,1,0,1,0,0,1,0,0,5,5,10,"A","L",77,32,34,16,17,10,13,12,10,23,33,4,10,2,22,75,77,32,34,16,17,10,13,12,10,23,33,4,10,2,22,75,1.38,5.5,200,0.05,0,0,100,1,7.1,95.5,18.18,5,5,"2023-2024"
"OLY","ZAL","27_9","Regular Season","Keenan  Evans",25,18,4,7,57.1,1,4,25,7,7,100,1,1,2,1,0,3,0,0,3,7,16,"H","L",76,38,25,14,21,7,13,12,14,15,29,6,12,1,20,69,76,38,25,14,21,7,13,12,14,15,29,6,12,1,20,69,1,15.4,116.9,0.09,6.5,0.3,50,0.64,9.8,63.9,19.48,6.7,3.6,"2023-2024"
"OLY","ZAL","27_9","Regular Season","Laurynas  Birutis",16,5,2,5,40,0,0,NA,1,1,100,2,3,5,0,0,1,0,1,3,1,3,"H","L",76,38,25,14,21,7,13,12,14,15,29,6,12,1,20,69,76,38,25,14,21,7,13,12,14,15,29,6,12,1,20,69,0.83,4.3,116.3,0.02,0,0,40,0.2,2.4,46,23.26,4,7.1,"2023-2024"
"OLY","ZAL","27_9","Regular Season","Edmond  Sumner",13,3,0,1,0,1,1,100,0,0,NA,0,1,1,2,0,1,1,0,1,0,4,"H","L",76,38,25,14,21,7,13,12,14,15,29,6,12,1,20,69,76,38,25,14,21,7,13,12,14,15,29,6,12,1,20,69,1.5,2.9,103.4,0.04,69,2,75,0,3,75,34.48,2.3,0,"2023-2024"
"OLY","ZAL","27_9","Regular Season","Brady   Manek",15,4,2,4,50,0,4,0,0,0,NA,1,4,5,2,0,0,0,1,2,0,2,"H","L",76,38,25,14,21,7,13,12,14,15,29,6,12,1,20,69,76,38,25,14,21,7,13,12,14,15,29,6,12,1,20,69,0.5,6.7,59.7,0.03,29.9,Inf,25,0,1.7,25,0,5.3,3.6,"2023-2024"
"OLY","ZAL","27_9","Regular Season","Edgaras  Ulanovas",25,4,2,3,66.7,0,0,NA,0,0,NA,4,1,5,2,1,0,0,0,2,2,11,"H","L",76,38,25,14,21,7,13,12,14,15,29,6,12,1,20,69,76,38,25,14,21,7,13,12,14,15,29,6,12,1,20,69,1.33,-1,-400,0.07,-200,Inf,66.7,0,7.4,66.7,0,1.2,14.3,"2023-2024"
"OLY","ZAL","27_9","Regular Season","Lukas  Lekavicius",20,10,1,2,50,2,3,66.7,2,2,100,0,1,1,0,1,3,0,0,0,2,9,"H","L",76,38,25,14,21,7,13,12,14,15,29,6,12,1,20,69,76,38,25,14,21,7,13,12,14,15,29,6,12,1,20,69,1.43,8.5,117.6,0.07,0,0,80,0.4,6,85,35.29,4.4,0,"2023-2024"
"OLY","ZAL","27_9","Regular Season","Kevarrius  Hayes",13,3,1,1,100,0,0,NA,1,2,50,1,2,3,0,0,2,0,0,1,1,3,"H","L",76,38,25,14,21,7,13,12,14,15,29,6,12,1,20,69,76,38,25,14,21,7,13,12,14,15,29,6,12,1,20,69,1,2.8,107.1,0.02,0,0,100,2,1.2,79.8,71.43,2.9,3.6,"2023-2024"
"OLY","ZAL","27_9","Regular Season","Rolands  Smits",18,17,6,9,66.7,1,4,25,2,2,100,4,0,4,0,1,2,0,1,3,1,11,"H","L",76,38,25,14,21,7,13,12,14,15,29,6,12,1,20,69,76,38,25,14,21,7,13,12,14,15,29,6,12,1,20,69,1.13,11.4,149.1,0.09,0,0,57.7,0.15,11.3,61.2,17.54,8.7,14.3,"2023-2024"
"OLY","ZAL","27_9","Regular Season","Karolis  Lukosiunas",12,6,0,0,NA,2,6,33.3,0,0,NA,0,0,0,0,0,0,0,0,4,0,-2,"H","L",76,38,25,14,21,7,13,12,14,15,29,6,12,1,20,69,76,38,25,14,21,7,13,12,14,15,29,6,12,1,20,69,1,5.8,103.4,-0.02,0,NA,50,0,1,50,0,4.9,0,"2023-2024"
"OLY","ZAL","27_9","Regular Season","Tomas  Dimsa",24,6,3,6,50,0,2,0,0,0,NA,1,0,1,5,2,0,0,0,0,0,9,"H","L",76,38,25,14,21,7,13,12,14,15,29,6,12,1,20,69,76,38,25,14,21,7,13,12,14,15,29,6,12,1,20,69,0.75,6.7,89.6,0.09,74.6,Inf,37.5,0,7.8,37.5,0,3.3,3.6,"2023-2024"
"OLY","ZAL","27_9","Regular Season","Arnas  Butkevicius",19,0,0,0,NA,0,1,0,0,0,NA,0,2,2,0,1,0,0,0,1,2,3,"H","L",76,38,25,14,21,7,13,12,14,15,29,6,12,1,20,69,76,38,25,14,21,7,13,12,14,15,29,6,12,1,20,69,0,1,0,0.01,0,NA,0,0,0.5,0,0,0.5,0,"2023-2024"
"ZAL","OLY","27_9","Regular Season","Thomas  Walkup",29,22,5,5,100,4,8,50,0,0,NA,1,3,4,7,2,2,0,1,3,0,25,"A","W",95,32,22,23,25,9,18,23,6,20,26,7,7,3,16,125,95,32,22,23,25,9,18,23,6,20,26,7,7,3,16,125,1.69,13.4,164.2,0.13,52.2,3.5,84.6,0,21.8,84.6,14.93,5.8,8.3,"2023-2024"
"ZAL","OLY","27_9","Regular Season","Isaiah  Canaan",20,5,1,1,100,0,2,0,3,3,100,0,1,1,3,0,0,0,0,2,2,7,"A","W",95,32,22,23,25,9,18,23,6,20,26,7,7,3,16,125,95,32,22,23,25,9,18,23,6,20,26,7,7,3,16,125,0.83,4.1,122,0.02,73.2,Inf,33.3,1,4.9,57.9,0,2.4,0,"2023-2024"
"ZAL","OLY","27_9","Regular Season","Moustapha  Fall",21,4,2,2,100,0,0,NA,0,0,NA,3,3,6,3,0,2,2,0,3,1,11,"A","W",95,32,22,23,25,9,18,23,6,20,26,7,7,3,16,125,95,32,22,23,25,9,18,23,6,20,26,7,7,3,16,125,2,1,400,0.04,300,1.5,100,0,6.7,100,200,2.1,25,"2023-2024"
"ZAL","OLY","27_9","Regular Season","Kostas  Papanikolaou",28,7,1,1,100,1,4,25,2,2,100,0,2,2,3,1,1,0,0,0,1,10,"A","W",95,32,22,23,25,9,18,23,6,20,26,7,7,3,16,125,95,32,22,23,25,9,18,23,6,20,26,7,7,3,16,125,1,6.6,106.1,0.04,45.5,3,50,0.4,7,59.5,15.15,2.8,0,"2023-2024"
"ZAL","OLY","27_9","Regular Season","Alec  Peters",27,16,3,6,50,2,2,100,4,4,100,1,2,3,3,0,0,0,0,1,5,23,"A","W",95,32,22,23,25,9,18,23,6,20,26,7,7,3,16,125,95,32,22,23,25,9,18,23,6,20,26,7,7,3,16,125,1.33,8.4,190.5,0.09,35.7,Inf,75,0.5,15.4,82,0,4.1,8.3,"2023-2024"
"ZAL","OLY","27_9","Regular Season","Moses  Wright",13,11,5,5,100,0,0,NA,1,4,25,1,0,1,0,1,1,0,0,2,3,10,"A","W",95,32,22,23,25,9,18,23,6,20,26,7,7,3,16,125,95,32,22,23,25,9,18,23,6,20,26,7,7,3,16,125,1.22,6.5,169.2,0.03,0,0,100,0.8,8.2,81.4,15.38,6.7,8.3,"2023-2024"
"ZAL","OLY","27_9","Regular Season","Michalis  Lountzis",7,2,1,1,100,0,0,NA,0,0,NA,0,1,1,0,0,0,0,0,1,0,2,"A","W",95,32,22,23,25,9,18,23,6,20,26,7,7,3,16,125,95,32,22,23,25,9,18,23,6,20,26,7,7,3,16,125,2,1,200,0.01,0,NA,100,0,1.6,100,0,1.6,0,"2023-2024"
"ZAL","OLY","27_9","Regular Season","Ignas  Brazdeikis",10,2,1,3,33.3,0,0,NA,0,1,0,0,2,2,0,1,0,0,0,2,2,2,"A","W",95,32,22,23,25,9,18,23,6,20,26,7,7,3,16,125,95,32,22,23,25,9,18,23,6,20,26,7,7,3,16,125,0.5,3.3,60.6,0,0,NA,33.3,0.33,0.7,29.1,0,3.9,0,"2023-2024"
"ZAL","OLY","27_9","Regular Season","Filip  Petrusev",20,6,1,3,33.3,0,1,0,4,4,100,0,3,3,1,0,1,1,0,1,3,9,"A","W",95,32,22,23,25,9,18,23,6,20,26,7,7,3,16,125,95,32,22,23,25,9,18,23,6,20,26,7,7,3,16,125,0.75,6.5,92.3,0.03,15.4,1,25,1,4.5,52.1,15.38,3.8,0,"2023-2024"
"ZAL","OLY","27_9","Regular Season","Shaquielle  McKissic",24,20,5,5,100,2,5,40,4,5,80,0,3,3,3,2,0,0,0,1,3,26,"A","W",95,32,22,23,25,9,18,23,6,20,26,7,7,3,16,125,95,32,22,23,25,9,18,23,6,20,26,7,7,3,16,125,1.33,11.7,170.9,0.11,25.6,Inf,80,0.5,20,82,0,5.7,0,"2023-2024"
"BAY","EFE","28_1","Regular Season","Shane  Larkin",26,28,3,3,100,6,9,66.7,4,5,80,0,3,3,4,0,1,0,0,1,4,33,"H","W",109,28,35,20,20,17,18,20,5,20,25,8,8,3,19,130,109,28,35,20,20,17,18,20,5,20,25,8,8,3,19,130,1.65,14.6,191.8,0.14,27.4,4,100,0.42,25.1,98.6,6.85,5.9,0,"2023-2024"
"BAY","EFE","28_1","Regular Season","Will  Clyburn",29,21,2,3,66.7,3,7,42.9,8,9,88.9,0,2,2,3,1,1,0,0,0,5,25,"H","W",109,28,35,20,20,17,18,20,5,20,25,8,8,3,19,130,109,28,35,20,20,17,18,20,5,20,25,8,8,3,19,130,1.11,14.4,145.8,0.09,20.8,3,65,0.9,18.3,75.2,6.94,5.2,0,"2023-2024"
"BAY","EFE","28_1","Regular Season","Tibor  Pleiss",6,2,1,1,100,0,0,NA,0,0,NA,0,0,0,0,0,0,0,0,1,0,1,"H","W",109,28,35,20,20,17,18,20,5,20,25,8,8,3,19,130,109,28,35,20,20,17,18,20,5,20,25,8,8,3,19,130,2,1,200,0,0,NA,100,0,1.3,100,0,1.7,0,"2023-2024"
"BAY","EFE","28_1","Regular Season","Justus  Hollatz",13,6,3,3,100,0,1,0,0,0,NA,0,0,0,2,3,0,0,0,2,0,8,"H","W",109,28,35,20,20,17,18,20,5,20,25,8,8,3,19,130,109,28,35,20,20,17,18,20,5,20,25,8,8,3,19,130,1.5,3.8,157.9,0.04,52.6,Inf,75,0,8,75,0,3.1,0,"2023-2024"
"BAY","EFE","28_1","Regular Season","Ercan  Osmani",14,11,1,1,100,3,4,75,0,0,NA,1,2,3,1,1,1,0,0,4,1,11,"H","W",109,28,35,20,20,17,18,20,5,20,25,8,8,3,19,130,109,28,35,20,20,17,18,20,5,20,25,8,8,3,19,130,2.2,4.8,229.2,0.04,20.8,1,110,0,9.5,110,20.83,4.3,10,"2023-2024"
"BAY","EFE","28_1","Regular Season","Rodrigue  Beaubois",20,6,2,4,50,0,3,0,2,2,100,1,2,3,1,1,1,0,0,1,2,6,"H","W",109,28,35,20,20,17,18,20,5,20,25,8,8,3,19,130,109,28,35,20,20,17,18,20,5,20,25,8,8,3,19,130,0.67,7.6,78.9,0.02,13.2,1,28.6,0.29,3.5,38.1,13.16,4.5,10,"2023-2024"
"BAY","EFE","28_1","Regular Season","Elijah  Bryant",19,10,1,3,33.3,2,5,40,2,2,100,0,2,2,4,1,2,2,0,2,2,12,"H","W",109,28,35,20,20,17,18,20,5,20,25,8,8,3,19,130,109,28,35,20,20,17,18,20,5,20,25,8,8,3,19,130,1,10.4,96.2,0.04,38.5,2,50,0.25,8.6,56.3,19.23,5.7,0,"2023-2024"
"BAY","EFE","28_1","Regular Season","Darius  Thompson",20,10,2,3,66.7,2,2,100,0,0,NA,0,1,1,3,1,2,1,0,2,1,12,"H","W",109,28,35,20,20,17,18,20,5,20,25,8,8,3,19,130,109,28,35,20,20,17,18,20,5,20,25,8,8,3,19,130,2,6.7,149.3,0.05,44.8,1.5,100,0,9.4,100,29.85,3.5,0,"2023-2024"
"BAY","EFE","28_1","Regular Season","Daniel  Oturu",14,2,1,2,50,0,0,NA,0,0,NA,0,1,1,0,0,0,0,0,3,0,-1,"H","W",109,28,35,20,20,17,18,20,5,20,25,8,8,3,19,130,109,28,35,20,20,17,18,20,5,20,25,8,8,3,19,130,1,1.9,105.3,0,0,NA,50,0,0.1,50,0,1.4,0,"2023-2024"
"BAY","EFE","28_1","Regular Season","Derek  Willis",17,9,2,2,100,1,4,25,2,2,100,2,3,5,0,0,0,0,0,1,3,13,"H","W",109,28,35,20,20,17,18,20,5,20,25,8,8,3,19,130,109,28,35,20,20,17,18,20,5,20,25,8,8,3,19,130,1.12,4.7,191.5,0.04,0,NA,58.3,0.33,7.9,65.4,0,4.1,20,"2023-2024"
"BAY","EFE","28_1","Regular Season","Tyrique  Jones",20,4,2,3,66.7,0,0,NA,0,0,NA,1,4,5,2,0,0,0,0,2,2,10,"H","W",109,28,35,20,20,17,18,20,5,20,25,8,8,3,19,130,109,28,35,20,20,17,18,20,5,20,25,8,8,3,19,130,1.33,1.9,210.5,0.04,105.3,Inf,66.7,0,5.2,66.7,0,1.5,10,"2023-2024"
"EFE","BAY","28_1","Regular Season","Carsen  Edwards",17,19,3,3,100,3,8,37.5,4,4,100,0,1,1,0,0,2,0,1,1,2,13,"A","L",86,28,28,21,17,11,19,17,5,19,24,7,16,0,20,84,86,28,28,21,17,11,19,17,5,19,24,7,16,0,20,84,1.27,14.2,133.8,0.09,0,0,68.2,0.36,11.6,74.5,14.08,8.5,0,"2023-2024"
"EFE","BAY","28_1","Regular Season","Leandro  Bolmaro",23,10,5,6,83.3,0,0,NA,0,0,NA,0,1,1,4,2,4,0,1,4,1,8,"A","L",86,28,28,21,17,11,19,17,5,19,24,7,16,0,20,84,86,28,28,21,17,11,19,17,5,19,24,7,16,0,20,84,1.67,9.6,104.2,0.06,41.7,1,83.3,0,7.3,83.3,41.67,4.3,0,"2023-2024"
"EFE","BAY","28_1","Regular Season","Vladimir  Lucic",29,18,1,3,33.3,5,5,100,1,1,100,0,3,3,4,1,2,0,0,3,1,20,"A","L",86,28,28,21,17,11,19,17,5,19,24,7,16,0,20,84,86,28,28,21,17,11,19,17,5,19,24,7,16,0,20,84,2,10,180,0.15,40,2,106.2,0.12,16.3,106.6,20,3.5,0,"2023-2024"
"EFE","BAY","28_1","Regular Season","Serge  Ibaka",26,15,4,6,66.7,1,1,100,4,4,100,1,5,6,3,0,1,0,0,1,3,23,"A","L",86,28,28,21,17,11,19,17,5,19,24,7,16,0,20,84,86,28,28,21,17,11,19,17,5,19,24,7,16,0,20,84,1.36,8.4,178.6,0.15,35.7,3,78.6,0.57,15,85.6,11.9,3.7,10,"2023-2024"
"EFE","BAY","28_1","Regular Season","Devin   Booker",27,8,1,2,50,0,2,0,6,6,100,1,4,5,1,2,3,0,0,1,4,13,"A","L",86,28,28,21,17,11,19,17,5,19,24,7,16,0,20,84,86,28,28,21,17,11,19,17,5,19,24,7,16,0,20,84,0.8,8.3,96.4,0.06,12,0.3,25,1.5,6.8,60.2,36.14,3.5,10,"2023-2024"
"EFE","BAY","28_1","Regular Season","Nick  Weiler-Babb",12,0,0,1,0,0,0,NA,0,0,NA,1,0,1,2,1,1,0,1,2,0,-1,"A","L",86,28,28,21,17,11,19,17,5,19,24,7,16,0,20,84,86,28,28,21,17,11,19,17,5,19,24,7,16,0,20,84,0,1,0,0,200,2,0,0,0.6,0,100,1.6,10,"2023-2024"
"EFE","BAY","28_1","Regular Season","Sylvain  Francisco",21,9,1,1,100,1,5,20,4,6,66.7,1,1,2,1,0,0,0,0,2,6,10,"A","L",86,28,28,21,17,11,19,17,5,19,24,7,16,0,20,84,86,28,28,21,17,11,19,17,5,19,24,7,16,0,20,84,0.75,7.3,123.3,0.03,13.7,Inf,41.7,1,5.7,52.1,0,4.1,10,"2023-2024"
"EFE","BAY","28_1","Regular Season","Niels  Giffey",8,0,0,1,0,0,2,0,0,0,NA,0,0,0,1,1,2,0,0,1,0,-4,"A","L",86,28,28,21,17,11,19,17,5,19,24,7,16,0,20,84,86,28,28,21,17,11,19,17,5,19,24,7,16,0,20,84,0,4.8,0,-0.03,20.8,0.5,0,0,-2.8,0,41.67,6.2,0,"2023-2024"
"EFE","BAY","28_1","Regular Season","Isaac  Bonga",11,0,0,1,0,0,1,0,0,0,NA,1,1,2,0,0,1,0,0,4,1,-4,"A","L",86,28,28,21,17,11,19,17,5,19,24,7,16,0,20,84,86,28,28,21,17,11,19,17,5,19,24,7,16,0,20,84,0,1.9,0,-0.04,0,0,0,0,-3,0,52.63,2.7,10,"2023-2024"
"EFE","BAY","28_1","Regular Season","Andreas  Obst",15,3,0,0,NA,1,3,33.3,0,0,NA,0,1,1,1,0,0,0,0,0,0,3,"A","L",86,28,28,21,17,11,19,17,5,19,24,7,16,0,20,84,86,28,28,21,17,11,19,17,5,19,24,7,16,0,20,84,1,2.9,103.4,0.02,34.5,Inf,50,0,2.3,50,0,2,0,"2023-2024"
"EFE","BAY","28_1","Regular Season","Jan Niklas  Wimberg",6,2,1,1,100,0,1,0,0,0,NA,0,2,2,0,0,0,0,0,0,1,4,"A","L",86,28,28,21,17,11,19,17,5,19,24,7,16,0,20,84,86,28,28,21,17,11,19,17,5,19,24,7,16,0,20,84,1,1.9,105.3,0.02,0,NA,50,0,1.6,50,0,3.3,0,"2023-2024"
"EFE","BAY","28_1","Regular Season","Danko   Brankovic",5,2,1,3,33.3,0,0,NA,0,0,NA,0,0,0,0,0,0,0,0,1,0,-1,"A","L",86,28,28,21,17,11,19,17,5,19,24,7,16,0,20,84,86,28,28,21,17,11,19,17,5,19,24,7,16,0,20,84,0.67,2.9,69,-0.01,0,NA,33.3,0,-0.1,33.3,0,5.9,0,"2023-2024"
"MAC","ZAL","28_2","Regular Season","Keenan  Evans",27,18,5,6,83.3,1,3,33.3,5,6,83.3,0,4,4,4,1,0,0,0,1,6,28,"A","L",76,32,24,16,18,9,13,16,3,22,25,8,15,2,20,72,76,32,24,16,18,9,13,16,3,22,25,8,15,2,20,72,1.2,11.2,160.7,0.19,35.7,Inf,72.2,0.67,18.3,77.3,0,4.4,0,"2023-2024"
"MAC","ZAL","28_2","Regular Season","Rolands  Smits",19,5,1,3,33.3,1,3,33.3,0,0,NA,0,3,3,1,1,2,0,0,5,1,0,"A","L",76,32,24,16,18,9,13,16,3,22,25,8,15,2,20,72,76,32,24,16,18,9,13,16,3,22,25,8,15,2,20,72,0.83,7.7,64.9,-0.01,13,0.5,41.7,0,0.2,41.7,25.97,4.3,0,"2023-2024"
"MAC","ZAL","28_2","Regular Season","Laurynas  Birutis",13,2,1,4,25,0,0,NA,0,0,NA,0,2,2,1,0,0,0,0,1,0,1,"A","L",76,32,24,16,18,9,13,16,3,22,25,8,15,2,20,72,76,32,24,16,18,9,13,16,3,22,25,8,15,2,20,72,0.5,3.8,52.6,0.01,26.3,Inf,25,0,0.5,25,0,3.2,0,"2023-2024"
"MAC","ZAL","28_2","Regular Season","Edmond  Sumner",15,14,2,2,100,2,4,50,4,5,80,1,0,1,3,2,2,0,0,3,2,14,"A","L",76,32,24,16,18,9,13,16,3,22,25,8,15,2,20,72,76,32,24,16,18,9,13,16,3,22,25,8,15,2,20,72,1.27,8.8,159.1,0.1,34.1,1.5,83.3,0.83,12.6,85.4,22.73,7,16.7,"2023-2024"
"MAC","ZAL","28_2","Regular Season","Edgaras  Ulanovas",30,10,4,5,80,0,1,0,2,2,100,0,3,3,4,1,1,0,1,2,3,15,"A","L",76,32,24,16,18,9,13,16,3,22,25,8,15,2,20,72,76,32,24,16,18,9,13,16,3,22,25,8,15,2,20,72,1.25,7.6,131.6,0.11,52.6,4,66.7,0.33,10.3,72.7,13.16,2.7,0,"2023-2024"
"MAC","ZAL","28_2","Regular Season","Lukas  Lekavicius",17,5,1,4,25,1,2,50,0,1,0,0,0,0,2,1,0,0,2,0,0,1,"A","L",76,32,24,16,18,9,13,16,3,22,25,8,15,2,20,72,76,32,24,16,18,9,13,16,3,22,25,8,15,2,20,72,0.71,6.2,80.6,0.03,32.3,Inf,41.7,0.17,3.6,38.8,0,3.9,0,"2023-2024"
"MAC","ZAL","28_2","Regular Season","Kevarrius  Hayes",22,2,1,2,50,0,0,NA,0,0,NA,1,1,2,1,1,3,1,1,3,2,1,"A","L",76,32,24,16,18,9,13,16,3,22,25,8,15,2,20,72,76,32,24,16,18,9,13,16,3,22,25,8,15,2,20,72,1,3.8,52.6,-0.01,26.3,0.3,50,0,0.2,50,78.95,2.3,16.7,"2023-2024"
"MAC","ZAL","28_2","Regular Season","Tomas  Dimsa",15,3,0,2,0,1,2,50,0,0,NA,1,0,1,0,0,4,1,0,2,1,-3,"A","L",76,32,24,16,18,9,13,16,3,22,25,8,15,2,20,72,76,32,24,16,18,9,13,16,3,22,25,8,15,2,20,72,0.75,6.7,44.8,-0.04,0,0,37.5,0,-2.8,37.5,59.7,5.5,16.7,"2023-2024"
"MAC","ZAL","28_2","Regular Season","Brady   Manek",19,8,1,2,50,2,5,40,0,0,NA,0,6,6,0,0,1,0,0,1,1,9,"A","L",76,32,24,16,18,9,13,16,3,22,25,8,15,2,20,72,76,32,24,16,18,9,13,16,3,22,25,8,15,2,20,72,1.14,7.7,103.9,0.07,0,0,57.1,0,4.7,57.1,12.99,4.3,0,"2023-2024"
"MAC","ZAL","28_2","Regular Season","Arnas  Butkevicius",21,9,2,2,100,1,4,25,2,2,100,0,3,3,0,1,2,0,1,2,1,6,"A","L",76,32,24,16,18,9,13,16,3,22,25,8,15,2,20,72,76,32,24,16,18,9,13,16,3,22,25,8,15,2,20,72,1.12,8.5,105.9,0.05,0,0,58.3,0.33,5.1,65.4,23.53,4.3,0,"2023-2024"
"ZAL","MAC","28_2","Regular Season","Lorenzo  Brown",24,9,3,4,75,1,4,25,0,0,NA,0,0,0,10,0,3,0,0,2,2,12,"H","W",83,48,21,15,25,7,12,21,13,24,37,10,11,5,18,105,83,48,21,15,25,7,12,21,13,24,37,10,11,5,18,105,1.12,10.6,84.9,0.06,94.3,3.3,56.2,0,8.2,56.2,28.3,4.2,0,"2023-2024"
"ZAL","MAC","28_2","Regular Season","Wade  Baldwin IV",23,16,5,11,45.5,0,1,0,6,7,85.7,0,2,2,2,0,2,0,0,3,5,12,"H","W",83,48,21,15,25,7,12,21,13,24,37,10,11,5,18,105,83,48,21,15,25,7,12,21,13,24,37,10,11,5,18,105,0.84,16.4,97.6,0.04,12.2,1,41.7,0.58,8,53.1,12.2,6.9,0,"2023-2024"
"ZAL","MAC","28_2","Regular Season","Jake  Cohen",12,3,0,1,0,1,2,50,0,0,NA,0,3,3,2,2,1,0,0,3,1,5,"H","W",83,48,21,15,25,7,12,21,13,24,37,10,11,5,18,105,83,48,21,15,25,7,12,21,13,24,37,10,11,5,18,105,1,3.8,78.9,0.03,52.6,2,50,0,3.4,50,26.32,3.1,0,"2023-2024"
"ZAL","MAC","28_2","Regular Season","Josh  Nebo",23,10,3,7,42.9,0,0,NA,4,4,100,5,4,9,0,0,2,3,0,3,2,15,"H","W",83,48,21,15,25,7,12,21,13,24,37,10,11,5,18,105,83,48,21,15,25,7,12,21,13,24,37,10,11,5,18,105,0.91,5.5,181.8,0.06,0,0,42.9,0.57,9.9,57.1,36.36,4.3,19.2,"2023-2024"
"ZAL","MAC","28_2","Regular Season","Bonzie  Colson",26,10,3,7,42.9,1,1,100,1,2,50,3,3,6,0,3,0,1,0,0,4,19,"H","W",83,48,21,15,25,7,12,21,13,24,37,10,11,5,18,105,83,48,21,15,25,7,12,21,13,24,37,10,11,5,18,105,1,5.6,178.6,0.08,0,NA,56.2,0.25,12.3,56.3,0,3.2,11.5,"2023-2024"
"ZAL","MAC","28_2","Regular Season","Antonius  Cleveland",19,4,2,2,100,0,0,NA,0,0,NA,2,2,4,1,2,2,1,0,3,1,8,"H","W",83,48,21,15,25,7,12,21,13,24,37,10,11,5,18,105,83,48,21,15,25,7,12,21,13,24,37,10,11,5,18,105,2,1.9,210.5,0.04,52.6,0.5,100,0,5.6,100,105.26,1.9,7.7,"2023-2024"
"ZAL","MAC","28_2","Regular Season","James  Webb III",17,10,5,8,62.5,0,3,0,0,0,NA,2,3,5,0,1,0,0,1,2,1,8,"H","W",83,48,21,15,25,7,12,21,13,24,37,10,11,5,18,105,83,48,21,15,25,7,12,21,13,24,37,10,11,5,18,105,0.91,8.6,116.3,0.04,0,NA,45.5,0,6.8,45.5,0,6,7.7,"2023-2024"
"ZAL","MAC","28_2","Regular Season","John  Dibartolomeo",14,3,0,0,NA,1,4,25,0,0,NA,0,4,4,1,0,0,0,0,1,1,5,"H","W",83,48,21,15,25,7,12,21,13,24,37,10,11,5,18,105,83,48,21,15,25,7,12,21,13,24,37,10,11,5,18,105,0.75,3.8,78.9,0.03,26.3,Inf,37.5,0,2.1,37.5,0,2.6,0,"2023-2024"
"ZAL","MAC","28_2","Regular Season","Jasiel  Rivero",22,7,3,6,50,0,0,NA,1,2,50,1,3,4,2,2,0,0,0,1,3,13,"H","W",83,48,21,15,25,7,12,21,13,24,37,10,11,5,18,105,83,48,21,15,25,7,12,21,13,24,37,10,11,5,18,105,0.88,5.6,125,0.06,35.7,Inf,50,0.33,8.2,50.9,0,2.9,3.8,"2023-2024"
"ZAL","MAC","28_2","Regular Season","Tamir  Blatt",19,11,1,2,50,3,6,50,0,0,NA,0,0,0,3,0,1,0,1,0,0,8,"H","W",83,48,21,15,25,7,12,21,13,24,37,10,11,5,18,105,83,48,21,15,25,7,12,21,13,24,37,10,11,5,18,105,1.38,8.6,127.9,0.06,34.9,3,68.8,0,8.1,68.8,11.63,4.4,0,"2023-2024"
"ASM","CRV","28_3","Regular Season","Luka  Mitrovic",28,18,9,11,81.8,0,0,NA,0,1,0,3,7,10,2,0,2,0,1,4,1,21,"A","L",80,41,16,20,26,5,13,20,8,21,29,2,11,3,29,78,80,41,16,20,26,5,13,20,8,21,29,2,11,3,29,78,1.5,10,180,0.18,20,1,81.8,0.09,15.5,78.7,20,5,18.8,"2023-2024"
"ASM","CRV","28_3","Regular Season","Branko  Lazic",14,2,0,2,0,0,1,0,2,2,100,0,1,1,2,0,0,0,0,3,1,0,"A","L",80,41,16,20,26,5,13,20,8,21,29,2,11,3,29,78,80,41,16,20,26,5,13,20,8,21,29,2,11,3,29,78,0.4,3.7,54.1,-0.01,54.1,Inf,0,0.67,0.4,25.8,0,2.9,0,"2023-2024"
"ASM","CRV","28_3","Regular Season","Joel  Bolomboy",27,12,4,6,66.7,0,0,NA,4,7,57.1,2,6,8,3,0,0,1,0,3,5,21,"A","L",80,41,16,20,26,5,13,20,8,21,29,2,11,3,29,78,80,41,16,20,26,5,13,20,8,21,29,2,11,3,29,78,0.92,6.8,176.5,0.13,44.1,Inf,66.7,1.17,13,66.1,0,3.5,12.5,"2023-2024"
"ASM","CRV","28_3","Regular Season","Rokas  Giedraitis",28,13,2,5,40,2,5,40,3,4,75,0,2,2,3,0,1,0,0,1,4,13,"A","L",80,41,16,20,26,5,13,20,8,21,29,2,11,3,29,78,80,41,16,20,26,5,13,20,8,21,29,2,11,3,29,78,0.93,12.2,106.6,0.08,24.6,3,50,0.4,8.5,55.3,8.2,4.7,0,"2023-2024"
"ASM","CRV","28_3","Regular Season","Yago Mateus dos Santos",20,16,5,5,100,1,3,33.3,3,4,75,0,1,1,5,1,3,0,0,5,6,18,"A","L",80,41,16,20,26,5,13,20,8,21,29,2,11,3,29,78,80,41,16,20,26,5,13,20,8,21,29,2,11,3,29,78,1.33,12.2,131.1,0.11,41,1.7,81.2,0.5,12.2,82,24.59,6.6,0,"2023-2024"
"ASM","CRV","28_3","Regular Season","Javonte  Smart",10,0,0,1,0,0,2,0,0,0,NA,0,0,0,0,0,1,1,0,0,0,-3,"A","L",80,41,16,20,26,5,13,20,8,21,29,2,11,3,29,78,80,41,16,20,26,5,13,20,8,21,29,2,11,3,29,78,0,3.8,0,-0.03,0,0,0,0,-2.4,0,26.32,4.2,0,"2023-2024"
"ASM","CRV","28_3","Regular Season","Stefan  Lazarevic",17,7,2,3,66.7,1,2,50,0,0,NA,0,2,2,1,1,1,0,1,4,0,3,"A","L",80,41,16,20,26,5,13,20,8,21,29,2,11,3,29,78,80,41,16,20,26,5,13,20,8,21,29,2,11,3,29,78,1.4,5.8,120.7,0.04,17.2,1,70,0,4.4,70,17.24,3.7,0,"2023-2024"
"ASM","CRV","28_3","Regular Season","Adam  Hanga",14,5,1,3,33.3,1,1,100,0,0,NA,1,1,2,3,0,1,0,0,1,1,7,"A","L",80,41,16,20,26,5,13,20,8,21,29,2,11,3,29,78,80,41,16,20,26,5,13,20,8,21,29,2,11,3,29,78,1.25,3.8,131.6,0.05,78.9,3,62.5,0,4.7,62.5,26.32,3.7,6.2,"2023-2024"
"ASM","CRV","28_3","Regular Season","Mike  Tobey",11,0,0,1,0,0,0,NA,0,0,NA,0,0,0,0,0,0,0,0,0,0,-1,"A","L",80,41,16,20,26,5,13,20,8,21,29,2,11,3,29,78,80,41,16,20,26,5,13,20,8,21,29,2,11,3,29,78,0,1,0,-0.01,0,NA,0,0,-0.7,0,0,0.9,0,"2023-2024"
"ASM","CRV","28_3","Regular Season","Nemanja  Nedovic",19,2,1,2,50,0,2,0,0,0,NA,0,1,1,0,0,1,0,0,4,0,-5,"A","L",80,41,16,20,26,5,13,20,8,21,29,2,11,3,29,78,80,41,16,20,26,5,13,20,8,21,29,2,11,3,29,78,0.5,4.8,41.7,-0.05,0,0,25,0,-2.7,25,20.83,2.7,0,"2023-2024"
"ASM","CRV","28_3","Regular Season","Freddie  Gillespie",11,5,2,2,100,0,0,NA,1,2,50,2,0,2,1,0,1,1,0,4,1,4,"A","L",80,41,16,20,26,5,13,20,8,21,29,2,11,3,29,78,80,41,16,20,26,5,13,20,8,21,29,2,11,3,29,78,1.25,1.8,277.8,0.01,55.6,1,100,1,4.2,86.8,55.56,3.7,12.5,"2023-2024"
"CRV","ASM","28_3","Regular Season","John  Brown III",24,7,3,8,37.5,0,0,NA,1,2,50,4,0,4,3,0,0,0,0,2,3,9,"H","W",98,46,20,32,24,8,26,21,11,20,31,5,5,2,19,118,98,46,20,32,24,8,26,21,11,20,31,5,5,2,19,118,0.7,4.7,148.9,0.02,63.8,Inf,37.5,0.25,6.3,39.4,0,3.5,18.2,"2023-2024"
"CRV","ASM","28_3","Regular Season","Jaron  Blossomgame",23,12,3,4,75,2,4,50,0,0,NA,0,3,3,1,0,0,0,0,3,0,10,"H","W",98,46,20,32,24,8,26,21,11,20,31,5,5,2,19,118,98,46,20,32,24,8,26,21,11,20,31,5,5,2,19,118,1.5,7.7,155.8,0.06,13,Inf,75,0,8.8,75,0,3.3,0,"2023-2024"
"CRV","ASM","28_3","Regular Season","Donatas  Motiejunas",21,14,3,5,60,1,1,100,5,8,62.5,2,4,6,2,0,1,0,0,3,5,18,"H","W",98,46,20,32,24,8,26,21,11,20,31,5,5,2,19,118,98,46,20,32,24,8,26,21,11,20,31,5,5,2,19,118,1,8.2,170.7,0.07,24.4,2,75,1.33,12,73.5,12.2,4.7,9.1,"2023-2024"
"CRV","ASM","28_3","Regular Season","Matthew  Strazel",18,5,1,4,25,0,1,0,3,3,100,0,0,0,4,1,0,0,0,2,2,6,"H","W",98,46,20,32,24,8,26,21,11,20,31,5,5,2,19,118,98,46,20,32,24,8,26,21,11,20,31,5,5,2,19,118,0.62,6.1,82,0.02,65.6,Inf,20,0.6,4.9,39.6,0,3.3,0,"2023-2024"
"CRV","ASM","28_3","Regular Season","Mike  James",30,20,5,9,55.6,1,7,14.3,7,7,100,0,1,1,3,1,2,0,0,2,6,17,"H","W",98,46,20,32,24,8,26,21,11,20,31,5,5,2,19,118,98,46,20,32,24,8,26,21,11,20,31,5,5,2,19,118,0.87,20.2,99,0.06,14.9,1.5,40.6,0.44,11.8,52.4,9.9,6.6,0,"2023-2024"
"CRV","ASM","28_3","Regular Season","Elie  Okobo",22,14,1,5,20,2,3,66.7,6,7,85.7,0,4,4,7,1,2,1,2,1,4,20,"H","W",98,46,20,32,24,8,26,21,11,20,31,5,5,2,19,118,98,46,20,32,24,8,26,21,11,20,31,5,5,2,19,118,0.93,12.6,111.1,0.1,55.6,3.5,50,0.88,14.6,63.2,15.87,5.6,0,"2023-2024"
"CRV","ASM","28_3","Regular Season","Alpha  Diallo",25,7,2,4,50,0,0,NA,3,4,75,1,2,3,0,1,0,0,1,2,4,9,"H","W",98,46,20,32,24,8,26,21,11,20,31,5,5,2,19,118,98,46,20,32,24,8,26,21,11,20,31,5,5,2,19,118,0.88,4.6,152.2,0.03,0,NA,50,1,6.1,60.8,0,2.2,4.5,"2023-2024"
"CRV","ASM","28_3","Regular Season","Petr  Cornelie",4,0,0,1,0,0,2,0,0,0,NA,1,1,2,0,1,0,0,0,0,0,0,"H","W",98,46,20,32,24,8,26,21,11,20,31,5,5,2,19,118,98,46,20,32,24,8,26,21,11,20,31,5,5,2,19,118,0,1.9,0,0,0,NA,0,0,-0.1,0,0,7.1,4.5,"2023-2024"
"CRV","ASM","28_3","Regular Season","Mouhammadou  Jaiteh",5,0,0,0,NA,0,0,NA,0,0,NA,0,1,1,0,0,0,0,0,0,0,1,"H","W",98,46,20,32,24,8,26,21,11,20,31,5,5,2,19,118,98,46,20,32,24,8,26,21,11,20,31,5,5,2,19,118,NA,0,NA,0.01,NA,NA,NA,NA,0.3,NA,NA,0,0,"2023-2024"
"CRV","ASM","28_3","Regular Season","Kemba  Walker",5,6,1,1,100,1,1,100,1,1,100,0,1,1,0,0,0,0,0,1,2,8,"H","W",98,46,20,32,24,8,26,21,11,20,31,5,5,2,19,118,98,46,20,32,24,8,26,21,11,20,31,5,5,2,19,118,2,2.3,260.9,0.03,0,NA,125,0.5,5.3,123,0,4.6,0,"2023-2024"
"CRV","ASM","28_3","Regular Season","Yakuba  Ouattara",7,3,0,0,NA,1,1,100,0,0,NA,1,1,2,0,0,0,0,0,0,0,5,"H","W",98,46,20,32,24,8,26,21,11,20,31,5,5,2,19,118,98,46,20,32,24,8,26,21,11,20,31,5,5,2,19,118,3,0,Inf,0.03,NA,NA,150,0,3.7,150,NA,1.3,4.5,"2023-2024"
"CRV","ASM","28_3","Regular Season","Donta  Hall",14,10,5,5,100,0,0,NA,0,0,NA,2,2,4,1,0,0,1,0,3,2,15,"H","W",98,46,20,32,24,8,26,21,11,20,31,5,5,2,19,118,98,46,20,32,24,8,26,21,11,20,31,5,5,2,19,118,2,2.9,344.8,0.07,34.5,Inf,100,0,10.7,100,0,3.4,9.1,"2023-2024"
"BOL","OLY","28_4","Regular Season","Isaiah  Canaan",23,12,1,1,100,3,7,42.9,1,1,100,0,2,2,3,2,1,0,0,3,3,14,"H","W",74,31,20,29,17,8,16,15,8,29,37,7,14,4,21,86,74,31,20,29,17,8,16,15,8,29,37,7,14,4,21,86,1.33,9.1,131.9,0.1,33,3,68.8,0.12,10.5,71.1,10.99,4.2,0,"2023-2024"
"BOL","OLY","28_4","Regular Season","Michalis  Lountzis",10,0,0,1,0,0,1,0,0,0,NA,0,3,3,0,0,1,0,0,1,1,0,"H","W",74,31,20,29,17,8,16,15,8,29,37,7,14,4,21,86,74,31,20,29,17,8,16,15,8,29,37,7,14,4,21,86,0,2.9,0,-0.01,0,0,0,0,-1.9,0,34.48,3.1,0,"2023-2024"
"BOL","OLY","28_4","Regular Season","Moustapha  Fall",26,11,5,6,83.3,0,0,NA,1,6,16.7,3,3,6,3,0,1,2,0,1,3,17,"H","W",74,31,20,29,17,8,16,15,8,29,37,7,14,4,21,86,74,31,20,29,17,8,16,15,8,29,37,7,14,4,21,86,0.92,6.4,171.9,0.1,46.9,3,83.3,1,11.9,63.7,15.62,3.8,18.8,"2023-2024"
"BOL","OLY","28_4","Regular Season","Kostas  Papanikolaou",32,16,2,2,100,3,5,60,3,6,50,1,7,8,2,1,4,0,0,0,4,22,"H","W",74,31,20,29,17,8,16,15,8,29,37,7,14,4,21,86,74,31,20,29,17,8,16,15,8,29,37,7,14,4,21,86,1.23,12.1,132.2,0.15,16.5,0.5,92.9,0.86,13.1,83,33.06,4.4,6.2,"2023-2024"
"BOL","OLY","28_4","Regular Season","Alec  Peters",23,8,2,5,40,1,3,33.3,1,1,100,0,4,4,0,0,2,0,1,2,3,5,"H","W",74,31,20,29,17,8,16,15,8,29,37,7,14,4,21,86,74,31,20,29,17,8,16,15,8,29,37,7,14,4,21,86,0.89,10,80,0.03,0,0,43.8,0.12,2,47.4,20,4.7,0,"2023-2024"
"BOL","OLY","28_4","Regular Season","Nigel  Williams-Goss",20,6,2,5,40,0,0,NA,2,2,100,0,2,2,4,2,1,1,0,3,1,9,"H","W",74,31,20,29,17,8,16,15,8,29,37,7,14,4,21,86,74,31,20,29,17,8,16,15,8,29,37,7,14,4,21,86,0.86,6.6,90.9,0.07,60.6,4,40,0.4,7.2,51,15.15,3.5,0,"2023-2024"
"BOL","OLY","28_4","Regular Season","Moses  Wright",10,4,1,3,33.3,0,0,NA,2,4,50,1,0,1,0,1,0,0,1,3,4,2,"H","W",74,31,20,29,17,8,16,15,8,29,37,7,14,4,21,86,74,31,20,29,17,8,16,15,8,29,37,7,14,4,21,86,0.57,3.6,111.1,-0.01,0,NA,33.3,1.33,2,42,0,4.9,6.2,"2023-2024"
"BOL","OLY","28_4","Regular Season","Naz  Mitrou-Long",4,0,0,0,NA,0,0,NA,0,0,NA,0,0,0,0,0,1,0,0,0,0,-1,"H","W",74,31,20,29,17,8,16,15,8,29,37,7,14,4,21,86,74,31,20,29,17,8,16,15,8,29,37,7,14,4,21,86,NA,1,0,-0.01,0,0,NA,NA,-1,NA,100,2.6,0,"2023-2024"
"BOL","OLY","28_4","Regular Season","Ignas  Brazdeikis",6,2,0,0,NA,0,1,0,2,2,100,0,0,0,0,0,1,0,0,2,1,-1,"H","W",74,31,20,29,17,8,16,15,8,29,37,7,14,4,21,86,74,31,20,29,17,8,16,15,8,29,37,7,14,4,21,86,0.67,2.8,71.4,-0.02,0,0,0,2,-0.5,53.2,35.71,4.9,0,"2023-2024"
"BOL","OLY","28_4","Regular Season","Filip  Petrusev",21,7,2,5,40,0,0,NA,3,5,60,1,6,7,1,1,0,1,0,3,3,12,"H","W",74,31,20,29,17,8,16,15,8,29,37,7,14,4,21,86,74,31,20,29,17,8,16,15,8,29,37,7,14,4,21,86,0.7,6,116.7,0.07,16.7,Inf,40,1,7.2,48.6,0,3.5,6.2,"2023-2024"
"BOL","OLY","28_4","Regular Season","Shaquielle  McKissic",25,8,2,3,66.7,1,3,33.3,1,2,50,2,2,4,2,0,2,0,0,3,2,7,"H","W",74,31,20,29,17,8,16,15,8,29,37,7,14,4,21,86,74,31,20,29,17,8,16,15,8,29,37,7,14,4,21,86,1,6.6,121.2,0.04,30.3,1,58.3,0.33,4.8,58.1,30.3,3.7,12.5,"2023-2024"
"OLY","BOL","28_4","Regular Season","Isaia  Cordinier",17,0,0,1,0,0,2,0,0,0,NA,0,3,3,4,1,3,0,0,3,1,0,"A","L",69,39,24,15,18,7,12,16,5,23,28,11,11,2,25,66,69,39,24,15,18,7,12,16,5,23,28,11,11,2,25,66,0,5.8,0,-0.01,69,1.3,0,0,-1.6,0,51.72,3.5,0,"2023-2024"
"OLY","BOL","28_4","Regular Season","Marco  Belinelli",18,10,1,4,25,2,8,25,2,3,66.7,1,2,3,1,0,0,0,1,1,2,4,"A","L",69,39,24,15,18,7,12,16,5,23,28,11,11,2,25,66,69,39,24,15,18,7,12,16,5,23,28,11,11,2,25,66,0.67,11.8,84.7,0.03,8.5,Inf,33.3,0.25,4,37.5,0,7.3,10,"2023-2024"
"OLY","BOL","28_4","Regular Season","Daniel  Hackett",22,10,1,4,25,2,5,40,2,2,100,0,2,2,1,1,1,0,1,2,3,7,"A","L",69,39,24,15,18,7,12,16,5,23,28,11,11,2,25,66,69,39,24,15,18,7,12,16,5,23,28,11,11,2,25,66,0.91,10.4,96.2,0.05,9.6,1,44.4,0.22,5.4,50.6,9.62,4.9,0,"2023-2024"
"OLY","BOL","28_4","Regular Season","Jordan  Mickey",23,7,3,7,42.9,0,2,0,1,1,100,3,3,6,1,3,1,2,2,2,2,10,"A","L",69,39,24,15,18,7,12,16,5,23,28,11,11,2,25,66,69,39,24,15,18,7,12,16,5,23,28,11,11,2,25,66,0.7,7.1,98.6,0.08,14.1,1,33.3,0.11,8.2,37.1,14.08,4.5,30,"2023-2024"
"OLY","BOL","28_4","Regular Season","Bryant  Dunston",15,2,0,2,0,0,0,NA,2,2,100,1,1,2,0,1,0,0,0,1,1,3,"A","L",69,39,24,15,18,7,12,16,5,23,28,11,11,2,25,66,69,39,24,15,18,7,12,16,5,23,28,11,11,2,25,66,0.5,1.8,111.1,0.02,0,NA,0,1,2.2,34.7,0,1.9,10,"2023-2024"
"OLY","BOL","28_4","Regular Season","Gabriel  Lundberg",20,6,2,5,40,0,2,0,2,3,66.7,0,0,0,1,0,0,0,0,4,2,-1,"A","L",69,39,24,15,18,7,12,16,5,23,28,11,11,2,25,66,69,39,24,15,18,7,12,16,5,23,28,11,11,2,25,66,0.6,8,75,-0.03,12.5,Inf,28.6,0.43,0.6,36.1,0,4.1,0,"2023-2024"
"OLY","BOL","28_4","Regular Season","Alessandro  Pajola",21,6,0,1,0,2,2,100,0,0,NA,0,2,2,1,1,1,0,0,2,1,7,"A","L",69,39,24,15,18,7,12,16,5,23,28,11,11,2,25,66,69,39,24,15,18,7,12,16,5,23,28,11,11,2,25,66,2,3.8,157.9,0.07,26.3,1,100,0,5.2,100,26.32,1.9,0,"2023-2024"
"OLY","BOL","28_4","Regular Season","Ognjen  Dobric",15,5,1,1,100,1,1,100,0,0,NA,0,2,2,1,0,1,0,0,1,1,7,"A","L",69,39,24,15,18,7,12,16,5,23,28,11,11,2,25,66,69,39,24,15,18,7,12,16,5,23,28,11,11,2,25,66,2.5,2.9,172.4,0.07,34.5,1,125,0,4.3,125,34.48,2,0,"2023-2024"
"OLY","BOL","28_4","Regular Season","Tornike  Shengelia",28,15,6,10,60,0,1,0,3,4,75,0,6,6,4,4,3,0,0,4,6,22,"A","L",69,39,24,15,18,7,12,16,5,23,28,11,11,2,25,66,69,39,24,15,18,7,12,16,5,23,28,11,11,2,25,66,1,15.1,99.3,0.18,26.5,1.3,54.5,0.36,13.3,58.8,19.87,5.6,0,"2023-2024"
"OLY","BOL","28_4","Regular Season","Ante  Zizic",14,4,2,2,100,0,0,NA,0,0,NA,0,2,2,0,0,1,0,0,4,2,3,"A","L",69,39,24,15,18,7,12,16,5,23,28,11,11,2,25,66,69,39,24,15,18,7,12,16,5,23,28,11,11,2,25,66,2,2.9,137.9,0.01,0,0,100,0,1.4,100,34.48,2.1,0,"2023-2024"
"OLY","BOL","28_4","Regular Season","Awudu  Abass",7,4,2,2,100,0,1,0,0,0,NA,0,0,0,2,0,0,0,0,1,0,4,"A","L",69,39,24,15,18,7,12,16,5,23,28,11,11,2,25,66,69,39,24,15,18,7,12,16,5,23,28,11,11,2,25,66,1.33,2.9,137.9,0.04,69,Inf,66.7,0,3.7,66.7,0,4.3,0,"2023-2024"
"FEN","RMB","28_5","Regular Season","Facundo  Campazzo",23,6,2,5,40,0,2,0,2,2,100,1,0,1,5,1,2,0,0,2,3,7,"H","L",79,47,14,28,25,2,23,14,8,21,29,6,12,3,21,83,79,47,14,28,25,2,23,14,8,21,29,6,12,3,21,83,0.67,8.5,70.6,0.03,58.8,2.5,28.6,0.29,4.3,38.1,23.53,4,6.2,"2023-2024"
"FEN","RMB","28_5","Regular Season","Mario  Hezonja",30,13,5,8,62.5,0,2,0,3,3,100,0,4,4,1,0,0,0,0,3,3,13,"H","L",79,47,14,28,25,2,23,14,8,21,29,6,12,3,21,83,79,47,14,28,25,2,23,14,8,21,29,6,12,3,21,83,1,10.9,119.3,0.09,9.2,Inf,50,0.3,8.7,57.4,0,3.5,0,"2023-2024"
"FEN","RMB","28_5","Regular Season","Walter  Tavares",26,14,5,8,62.5,0,0,NA,4,5,80,2,4,6,0,2,2,0,0,4,4,16,"H","L",79,47,14,28,25,2,23,14,8,21,29,6,12,3,21,83,79,47,14,28,25,2,23,14,8,21,29,6,12,3,21,83,1.08,9.8,142.9,0.1,0,0,62.5,0.62,11,68.6,20.41,4.4,12.5,"2023-2024"
"FEN","RMB","28_5","Regular Season","Sergio  Llull",26,17,2,7,28.6,2,7,28.6,7,8,87.5,1,1,2,2,2,2,0,1,3,4,10,"H","L",79,47,14,28,25,2,23,14,8,21,29,6,12,3,21,83,79,47,14,28,25,2,23,14,8,21,29,6,12,3,21,83,0.77,17.8,95.5,0.06,11.2,1,35.7,0.57,9.6,48.5,11.24,7,6.2,"2023-2024"
"FEN","RMB","28_5","Regular Season","Guerschon  Yabusele",29,6,2,4,50,0,1,0,2,2,100,0,6,6,2,0,2,1,0,2,1,9,"H","L",79,47,14,28,25,2,23,14,8,21,29,6,12,3,21,83,79,47,14,28,25,2,23,14,8,21,29,6,12,3,21,83,0.86,7.6,78.9,0.07,26.3,1,40,0.4,4.4,51,26.32,2.5,0,"2023-2024"
"FEN","RMB","28_5","Regular Season","Fabien  Causeur",7,0,0,1,0,0,0,NA,0,0,NA,0,0,0,0,0,0,0,0,0,1,0,"H","L",79,47,14,28,25,2,23,14,8,21,29,6,12,3,21,83,79,47,14,28,25,2,23,14,8,21,29,6,12,3,21,83,0,1,0,-0.01,0,NA,0,0,-0.7,0,0,1.3,0,"2023-2024"
"FEN","RMB","28_5","Regular Season","Sergio  Rodriguez",12,0,0,0,NA,0,0,NA,0,0,NA,0,0,0,2,0,1,0,0,2,0,-1,"H","L",79,47,14,28,25,2,23,14,8,21,29,6,12,3,21,83,79,47,14,28,25,2,23,14,8,21,29,6,12,3,21,83,NA,1,0,-0.01,200,2,NA,NA,-0.4,NA,100,0.8,0,"2023-2024"
"FEN","RMB","28_5","Regular Season","Gabriel  Deck",17,2,1,2,50,0,1,0,0,0,NA,0,3,3,0,0,2,0,0,2,0,-1,"H","L",79,47,14,28,25,2,23,14,8,21,29,6,12,3,21,83,79,47,14,28,25,2,23,14,8,21,29,6,12,3,21,83,0.67,4.8,41.7,-0.01,0,0,33.3,0,-1.6,33.3,41.67,2.8,0,"2023-2024"
"FEN","RMB","28_5","Regular Season","Vincent  Poirier",12,8,4,7,57.1,0,0,NA,0,2,0,3,2,5,0,1,0,2,0,2,1,10,"H","L",79,47,14,28,25,2,23,14,8,21,29,6,12,3,21,83,79,47,14,28,25,2,23,14,8,21,29,6,12,3,21,83,0.89,4.7,170.2,0.06,0,NA,57.1,0.29,8.2,50.8,0,6.2,18.8,"2023-2024"
"FEN","RMB","28_5","Regular Season","Dzanan  Musa",18,13,4,5,80,0,1,0,5,6,83.3,1,1,2,2,0,1,0,0,1,8,20,"H","L",79,47,14,28,25,2,23,14,8,21,29,6,12,3,21,83,79,47,14,28,25,2,23,14,8,21,29,6,12,3,21,83,1.08,8.3,156.6,0.11,24.1,2,66.7,1,11,75.2,12.05,5,6.2,"2023-2024"
"RMB","FEN","28_5","Regular Season","Amine  Noua",11,2,1,1,100,0,1,0,0,0,NA,0,1,1,0,0,0,0,0,1,0,1,"A","W",89,41,30,18,24,8,17,16,15,26,41,5,13,1,26,90,89,41,30,18,24,8,17,16,15,26,41,5,13,1,26,90,1,1.9,105.3,0.01,0,NA,50,0,0.9,50,0,1.6,0,"2023-2024"
"RMB","FEN","28_5","Regular Season","Sertac  Sanli",18,7,2,3,66.7,1,1,100,0,0,NA,0,2,2,0,0,1,1,0,4,1,5,"A","W",89,41,30,18,24,8,17,16,15,26,41,5,13,1,26,90,89,41,30,18,24,8,17,16,15,26,41,5,13,1,26,90,1.75,4.8,145.8,0.03,0,0,87.5,0,4.1,87.5,20.83,2.4,0,"2023-2024"
"RMB","FEN","28_5","Regular Season","Nigel  Hayes-Davis",32,17,2,4,50,3,6,50,4,4,100,6,6,12,2,1,1,0,0,2,2,26,"A","W",89,41,30,18,24,8,17,16,15,26,41,5,13,1,26,90,89,41,30,18,24,8,17,16,15,26,41,5,13,1,26,90,1.21,6.5,261.5,0.16,30.8,2,65,0.4,18.6,72.3,15.38,3.5,20,"2023-2024"
"RMB","FEN","28_5","Regular Season","Tyler  Dorsey",9,5,0,2,0,1,1,100,2,2,100,0,1,1,0,0,2,0,0,2,3,3,"A","W",89,41,30,18,24,8,17,16,15,26,41,5,13,1,26,90,89,41,30,18,24,8,17,16,15,26,41,5,13,1,26,90,1,5.6,89.3,0,0,0,50,0.67,0.8,64.4,35.71,5.7,0,"2023-2024"
"RMB","FEN","28_5","Regular Season","Nick  Calathes",26,12,4,6,66.7,1,4,25,1,2,50,0,6,6,6,0,4,0,0,4,1,11,"A","W",89,41,30,18,24,8,17,16,15,26,41,5,13,1,26,90,89,41,30,18,24,8,17,16,15,26,41,5,13,1,26,90,1,14.3,83.9,0.08,42,1.5,55,0.2,7,55.1,27.97,5,0,"2023-2024"
"RMB","FEN","28_5","Regular Season","Johnathan  Motley",11,10,5,6,83.3,0,0,NA,0,0,NA,3,2,5,2,0,2,0,0,4,0,10,"A","W",89,41,30,18,24,8,17,16,15,26,41,5,13,1,26,90,89,41,30,18,24,8,17,16,15,26,41,5,13,1,26,90,1.67,4.8,208.3,0.07,41.7,1,83.3,0,8.3,83.3,41.67,6.3,10,"2023-2024"
"RMB","FEN","28_5","Regular Season","Scottie  Wilbekin",23,12,3,4,75,1,5,20,3,3,100,0,2,2,1,1,0,0,0,4,3,10,"A","W",89,41,30,18,24,8,17,16,15,26,41,5,13,1,26,90,89,41,30,18,24,8,17,16,15,26,41,5,13,1,26,90,1,9.9,121.2,0.05,10.1,Inf,50,0.33,8,58.1,0,3.9,0,"2023-2024"
"RMB","FEN","28_5","Regular Season","Georgios  Papagiannis",11,4,2,3,66.7,0,1,0,0,0,NA,1,2,3,1,1,1,0,0,1,0,5,"A","W",89,41,30,18,24,8,17,16,15,26,41,5,13,1,26,90,89,41,30,18,24,8,17,16,15,26,41,5,13,1,26,90,1,3.8,105.3,0.03,26.3,1,50,0,3.6,50,26.32,4,3.3,"2023-2024"
"RMB","FEN","28_5","Regular Season","Tarik  Biberovic",27,10,3,7,42.9,1,4,25,1,1,100,3,1,4,1,0,2,0,2,2,4,6,"A","W",89,41,30,18,24,8,17,16,15,26,41,5,13,1,26,90,89,41,30,18,24,8,17,16,15,26,41,5,13,1,26,90,0.83,10,100,0.02,10,0.5,40.9,0.09,4.2,43.7,20,4.3,10,"2023-2024"
"RMB","FEN","28_5","Regular Season","Marko  Guduric",18,8,1,3,33.3,0,6,0,6,6,100,0,3,3,2,2,0,0,1,1,5,10,"A","W",89,41,30,18,24,8,17,16,15,26,41,5,13,1,26,90,89,41,30,18,24,8,17,16,15,26,41,5,13,1,26,90,0.53,11.2,71.4,0.05,17.9,Inf,11.1,0.67,6,34.4,0,5.6,0,"2023-2024"
"RMB","FEN","28_5","Regular Season","Yam  Madar",5,0,0,0,NA,0,0,NA,0,0,NA,0,0,0,1,0,0,0,0,1,1,1,"A","W",89,41,30,18,24,8,17,16,15,26,41,5,13,1,26,90,89,41,30,18,24,8,17,16,15,26,41,5,13,1,26,90,NA,0,NA,0,Inf,Inf,NA,NA,0.3,NA,NA,0,0,"2023-2024"
"RMB","FEN","28_5","Regular Season","Nathan  Sestina",8,2,1,2,50,0,1,0,0,0,NA,2,0,2,0,0,0,0,0,0,0,2,"A","W",89,41,30,18,24,8,17,16,15,26,41,5,13,1,26,90,89,41,30,18,24,8,17,16,15,26,41,5,13,1,26,90,0.67,1,200,0.01,0,NA,33.3,0,1.7,33.3,0,3.3,6.7,"2023-2024"
"BAR","VAL","28_6","Regular Season","Josep  Puerto",14,2,1,1,100,0,2,0,0,0,NA,2,2,4,0,0,1,0,0,1,1,3,"H","L",78,39,28,13,25,6,10,17,8,16,24,12,10,2,17,81,78,39,28,13,25,6,10,17,8,16,24,12,10,2,17,81,0.67,1.9,105.3,0.01,0,0,33.3,0,0.9,33.3,52.63,2.8,12.5,"2023-2024"
"BAR","VAL","28_6","Regular Season","Justin  Anderson",20,6,3,4,75,0,8,0,0,0,NA,0,3,3,0,1,0,0,0,2,0,-1,"H","L",78,39,28,13,25,6,10,17,8,16,24,12,10,2,17,81,78,39,28,13,25,6,10,17,8,16,24,12,10,2,17,81,0.5,11.5,52.2,-0.01,0,NA,25,0,-0.1,25,0,5.8,0,"2023-2024"
"BAR","VAL","28_6","Regular Season","Chris  Jones",29,15,3,4,75,3,6,50,0,1,0,0,2,2,2,1,0,0,1,1,6,19,"H","L",78,39,28,13,25,6,10,17,8,16,24,12,10,2,17,81,78,39,28,13,25,6,10,17,8,16,24,12,10,2,17,81,1.36,10,150,0.11,20,Inf,75,0.1,12.6,71.8,0,3.5,0,"2023-2024"
"BAR","VAL","28_6","Regular Season","Damien  Inglis",29,13,5,11,45.5,0,1,0,3,4,75,4,2,6,2,3,3,0,3,2,3,11,"H","L",78,39,28,13,25,6,10,17,8,16,24,12,10,2,17,81,78,39,28,13,25,6,10,17,8,16,24,12,10,2,17,81,0.81,12.2,106.6,0.07,16.4,0.7,41.7,0.33,10.2,47.2,24.59,5.6,25,"2023-2024"
"BAR","VAL","28_6","Regular Season","Brandon  Davies",23,7,3,4,75,0,1,0,1,2,50,0,1,1,3,1,1,1,0,1,1,9,"H","L",78,39,28,13,25,6,10,17,8,16,24,12,10,2,17,81,78,39,28,13,25,6,10,17,8,16,24,12,10,2,17,81,1,6.6,106.1,0.06,45.5,3,60,0.4,7,59.5,15.15,2.9,0,"2023-2024"
"BAR","VAL","28_6","Regular Season","Jared  Harper",8,0,0,0,NA,0,1,0,0,0,NA,0,0,0,4,2,1,0,0,4,1,1,"H","L",78,39,28,13,25,6,10,17,8,16,24,12,10,2,17,81,78,39,28,13,25,6,10,17,8,16,24,12,10,2,17,81,0,1.9,0,0,210.5,4,0,0,1.5,0,52.63,2.4,0,"2023-2024"
"BAR","VAL","28_6","Regular Season","Victor  Claver",11,10,2,2,100,2,3,66.7,0,0,NA,1,0,1,0,0,0,0,0,1,0,9,"H","L",78,39,28,13,25,6,10,17,8,16,24,12,10,2,17,81,78,39,28,13,25,6,10,17,8,16,24,12,10,2,17,81,2,3.8,263.2,0.07,0,NA,100,0,8.4,100,0,4.4,6.2,"2023-2024"
"BAR","VAL","28_6","Regular Season","Jaime  Pradilla",14,2,1,2,50,0,0,NA,0,0,NA,0,1,1,2,2,0,1,0,0,0,7,"H","L",78,39,28,13,25,6,10,17,8,16,24,12,10,2,17,81,78,39,28,13,25,6,10,17,8,16,24,12,10,2,17,81,1,1.9,105.3,0.05,105.3,Inf,50,0,5.4,50,0,1.4,0,"2023-2024"
"BAR","VAL","28_6","Regular Season","Xabi  Lopez-Arostegui",17,4,2,2,100,0,3,0,0,0,NA,0,2,2,1,0,1,0,0,1,1,3,"H","L",78,39,28,13,25,6,10,17,8,16,24,12,10,2,17,81,78,39,28,13,25,6,10,17,8,16,24,12,10,2,17,81,0.8,5.8,69,0.02,17.2,1,40,0,1.2,40,17.24,3.4,0,"2023-2024"
"BAR","VAL","28_6","Regular Season","Kassius  Robertson",1,0,0,0,NA,0,0,NA,0,0,NA,0,0,0,0,1,0,0,0,0,0,1,"H","L",78,39,28,13,25,6,10,17,8,16,24,12,10,2,17,81,78,39,28,13,25,6,10,17,8,16,24,12,10,2,17,81,NA,0,NA,0.01,NA,NA,NA,NA,1,NA,NA,0,0,"2023-2024"
"BAR","VAL","28_6","Regular Season","Semi  Ojeleye",17,19,5,8,62.5,1,3,33.3,6,6,100,1,2,3,0,0,2,0,0,2,4,17,"H","L",78,39,28,13,25,6,10,17,8,16,24,12,10,2,17,81,78,39,28,13,25,6,10,17,8,16,24,12,10,2,17,81,1.12,14.1,134.8,0.1,0,0,59.1,0.55,12.2,69.6,14.18,8.9,6.2,"2023-2024"
"BAR","VAL","28_6","Regular Season","Kevin  Pangos",15,0,0,1,0,0,0,NA,0,0,NA,0,1,1,3,1,1,0,0,2,1,2,"H","L",78,39,28,13,25,6,10,17,8,16,24,12,10,2,17,81,78,39,28,13,25,6,10,17,8,16,24,12,10,2,17,81,0,1.9,0,0.01,157.9,3,0,0,0.9,0,52.63,1.3,0,"2023-2024"
"VAL","BAR","28_6","Regular Season","Jan  Vesely",27,21,10,10,100,0,0,NA,1,1,100,0,3,3,1,1,2,0,0,2,3,25,"A","W",88,41,24,6,27,10,4,26,9,25,34,6,18,4,19,106,88,41,24,6,27,10,4,26,9,25,34,6,18,4,19,106,1.91,11.9,176.5,0.13,8.4,0.5,100,0.1,17.8,100.6,16.81,4.3,0,"2023-2024"
"VAL","BAR","28_6","Regular Season","Nikola  Kalinic",33,13,5,7,71.4,1,1,100,0,0,NA,2,3,5,4,1,2,0,0,1,1,19,"A","W",88,41,24,6,27,10,4,26,9,25,34,6,18,4,19,106,88,41,24,6,27,10,4,26,9,25,34,6,18,4,19,106,1.62,7.7,168.8,0.1,51.9,2,81.2,0,13.5,81.2,25.97,2.8,11.1,"2023-2024"
"VAL","BAR","28_6","Regular Season","Tomas  Satoransky",25,6,0,3,0,2,3,66.7,0,0,NA,3,5,8,2,1,1,0,0,3,1,10,"A","W",88,41,24,6,27,10,4,26,9,25,34,6,18,4,19,106,88,41,24,6,27,10,4,26,9,25,34,6,18,4,19,106,1,3.8,157.9,0.04,52.6,2,50,0,6.4,50,26.32,2.6,16.7,"2023-2024"
"VAL","BAR","28_6","Regular Season","Jabari  Parker",29,12,2,5,40,2,5,40,2,2,100,1,3,4,1,0,3,2,1,2,1,8,"A","W",88,41,24,6,27,10,4,26,9,25,34,6,18,4,19,106,88,41,24,6,27,10,4,26,9,25,34,6,18,4,19,106,1,12.4,96.8,0.04,8.1,0.3,50,0.2,6.5,55.1,24.19,4.5,5.6,"2023-2024"
"VAL","BAR","28_6","Regular Season","Rokas  Jokubaitis",13,2,1,1,100,0,1,0,0,0,NA,1,1,2,6,2,3,0,0,3,1,6,"A","W",88,41,24,6,27,10,4,26,9,25,34,6,18,4,19,106,88,41,24,6,27,10,4,26,9,25,34,6,18,4,19,106,1,3.8,52.6,0.03,157.9,2,50,0,4,50,78.95,3.6,5.6,"2023-2024"
"VAL","BAR","28_6","Regular Season","Dario  Brizuela",7,2,1,3,33.3,0,2,0,0,0,NA,0,1,1,0,0,0,0,0,0,1,0,"A","W",88,41,24,6,27,10,4,26,9,25,34,6,18,4,19,106,88,41,24,6,27,10,4,26,9,25,34,6,18,4,19,106,0.4,4.8,41.7,-0.01,0,NA,20,0,-0.8,20,0,6.7,0,"2023-2024"
"VAL","BAR","28_6","Regular Season","Ricard  Rubio",14,3,1,1,100,0,0,NA,1,1,100,0,2,2,4,1,4,0,0,1,2,7,"A","W",88,41,24,6,27,10,4,26,9,25,34,6,18,4,19,106,88,41,24,6,27,10,4,26,9,25,34,6,18,4,19,106,1.5,5.2,57.7,0.03,76.9,1,100,1,2.7,104.2,76.92,3.6,0,"2023-2024"
"VAL","BAR","28_6","Regular Season","Willy  Hernangomez",13,8,4,4,100,0,0,NA,0,0,NA,1,3,4,1,0,2,1,0,3,3,12,"A","W",88,41,24,6,27,10,4,26,9,25,34,6,18,4,19,106,88,41,24,6,27,10,4,26,9,25,34,6,18,4,19,106,2,4.8,166.7,0.05,20.8,0.5,100,0,6.6,100,41.67,4.3,5.6,"2023-2024"
"VAL","BAR","28_6","Regular Season","Nicolas  Laprovittola",21,13,2,4,50,3,8,37.5,0,2,0,0,2,2,7,0,1,0,1,2,4,13,"A","W",88,41,24,6,27,10,4,26,9,25,34,6,18,4,19,106,88,41,24,6,27,10,4,26,9,25,34,6,18,4,19,106,0.93,13.3,97.7,0.06,52.6,7,54.2,0.17,9.5,50.5,7.52,6.2,0,"2023-2024"
"VAL","BAR","28_6","Regular Season","Alejandro  Abrines",5,0,0,0,NA,0,0,NA,0,0,NA,0,2,2,0,0,0,1,0,1,0,2,"A","W",88,41,24,6,27,10,4,26,9,25,34,6,18,4,19,106,88,41,24,6,27,10,4,26,9,25,34,6,18,4,19,106,NA,0,NA,0.01,NA,NA,NA,NA,0.9,NA,NA,0,0,"2023-2024"
"VAL","BAR","28_6","Regular Season","Joel  Parra",13,8,1,3,33.3,2,4,50,0,0,NA,1,0,1,0,0,0,0,0,1,0,4,"A","W",88,41,24,6,27,10,4,26,9,25,34,6,18,4,19,106,88,41,24,6,27,10,4,26,9,25,34,6,18,4,19,106,1.14,5.8,137.9,0.02,0,NA,57.1,0,4.6,57.1,0,5,5.6,"2023-2024"
"MIL","PAR","28_7","Regular Season","Kevin  Punter",19,9,2,2,100,1,3,33.3,2,2,100,0,1,1,2,1,3,0,0,4,1,5,"A","L",83,35,24,13,21,10,11,14,9,9,18,12,13,0,17,85,83,35,24,13,21,10,11,14,9,9,18,12,13,0,17,85,1.29,8.5,105.9,0.03,23.5,0.7,70,0.4,4.8,76.5,35.29,4.8,0,"2023-2024"
"MIL","PAR","28_7","Regular Season","Alen  Smailagic",13,5,1,1,100,1,1,100,0,0,NA,2,0,2,0,1,2,0,0,1,0,5,"A","L",83,35,24,13,21,10,11,14,9,9,18,12,13,0,17,85,83,35,24,13,21,10,11,14,9,9,18,12,13,0,17,85,2.5,1.9,263.2,0.03,0,0,125,0,4.4,125,105.26,3.2,11.1,"2023-2024"
"MIL","PAR","28_7","Regular Season","P.J.  Dozier",13,2,1,3,33.3,0,1,0,0,0,NA,0,1,1,2,3,1,0,0,3,3,4,"A","L",83,35,24,13,21,10,11,14,9,9,18,12,13,0,17,85,83,35,24,13,21,10,11,14,9,9,18,12,13,0,17,85,0.5,4.8,41.7,0.01,41.7,2,25,0,2.1,25,20.83,4,0,"2023-2024"
"MIL","PAR","28_7","Regular Season","Mateusz  Ponitka",24,5,1,2,50,1,2,50,0,0,NA,1,1,2,1,1,0,0,0,2,1,6,"A","L",83,35,24,13,21,10,11,14,9,9,18,12,13,0,17,85,83,35,24,13,21,10,11,14,9,9,18,12,13,0,17,85,1.25,2.9,172.4,0.04,34.5,Inf,62.5,0,4.9,62.5,0,1.7,5.6,"2023-2024"
"MIL","PAR","28_7","Regular Season","Frank  Kaminsky",14,7,2,4,50,1,1,100,0,0,NA,0,0,0,1,1,0,0,1,0,1,7,"A","L",83,35,24,13,21,10,11,14,9,9,18,12,13,0,17,85,83,35,24,13,21,10,11,14,9,9,18,12,13,0,17,85,1.4,4.8,145.8,0.06,20.8,Inf,70,0,6.4,70,0,3.7,0,"2023-2024"
"MIL","PAR","28_7","Regular Season","Zach  LeDay",33,12,3,8,37.5,1,3,33.3,3,4,75,2,2,4,2,1,1,0,1,2,5,12,"A","L",83,35,24,13,21,10,11,14,9,9,18,12,13,0,17,85,83,35,24,13,21,10,11,14,9,9,18,12,13,0,17,85,0.8,11.3,106.2,0.06,17.7,2,40.9,0.36,8.1,47,8.85,4.3,11.1,"2023-2024"
"MIL","PAR","28_7","Regular Season","Aleksa  Avramovic",33,19,6,7,85.7,2,7,28.6,1,2,50,0,1,1,3,1,2,0,0,0,3,18,"A","L",83,35,24,13,21,10,11,14,9,9,18,12,13,0,17,85,83,35,24,13,21,10,11,14,9,9,18,12,13,0,17,85,1.19,16.2,117.3,0.12,18.5,1.5,64.3,0.14,13.4,63.8,12.35,5.3,0,"2023-2024"
"MIL","PAR","28_7","Regular Season","Uros  Trifunovic",11,0,0,0,NA,0,1,0,0,0,NA,0,0,0,1,1,0,0,0,1,1,1,"A","L",83,35,24,13,21,10,11,14,9,9,18,12,13,0,17,85,83,35,24,13,21,10,11,14,9,9,18,12,13,0,17,85,0,1,0,0,100,Inf,0,0,0.6,0,0,0.9,0,"2023-2024"
"MIL","PAR","28_7","Regular Season","Danilo  Andjusic",21,11,3,5,60,1,3,33.3,2,2,100,2,0,2,2,2,2,0,0,2,3,12,"A","L",83,35,24,13,21,10,11,14,9,9,18,12,13,0,17,85,83,35,24,13,21,10,11,14,9,9,18,12,13,0,17,85,1.1,8.5,129.4,0.06,23.5,1,56.2,0.25,9,61.9,23.53,5.3,11.1,"2023-2024"
"MIL","PAR","28_7","Regular Season","Bruno  Caboclo",20,13,2,3,66.7,2,2,100,3,3,100,2,3,5,0,0,2,0,0,2,2,15,"A","L",83,35,24,13,21,10,11,14,9,9,18,12,13,0,17,85,83,35,24,13,21,10,11,14,9,9,18,12,13,0,17,85,1.62,6.1,213.1,0.1,0,0,100,0.6,10.6,102.8,32.79,4.3,11.1,"2023-2024"
"PAR","MIL","28_7","Regular Season","Nicolo  Melli",28,3,0,1,0,1,4,25,0,0,NA,0,0,0,1,0,2,1,0,2,0,-3,"H","W",85,15,31,15,12,16,13,20,5,16,21,9,18,2,20,95,85,15,31,15,12,16,13,20,5,16,21,9,18,2,20,95,0.6,6.7,44.8,-0.02,14.9,0.5,30,0,-1.5,30,29.85,2.8,0,"2023-2024"
"PAR","MIL","28_7","Regular Season","Shabazz  Napier",28,15,1,2,50,3,4,75,4,4,100,2,2,4,5,3,4,0,0,2,5,24,"H","W",85,15,31,15,12,16,13,20,5,16,21,9,18,2,20,95,85,15,31,15,12,16,13,20,5,16,21,9,18,2,20,95,1.5,9.4,159.6,0.12,53.2,1.2,91.7,0.67,16.1,96.6,42.55,4.8,20,"2023-2024"
"PAR","MIL","28_7","Regular Season","Devon  Hall",29,18,3,3,100,4,7,57.1,0,0,NA,1,4,5,3,2,1,0,0,2,1,23,"H","W",85,15,31,15,12,16,13,20,5,16,21,9,18,2,20,95,85,15,31,15,12,16,13,20,5,16,21,9,18,2,20,95,1.8,9.6,187.5,0.14,31.2,3,90,0,18,90,10.42,4.3,10,"2023-2024"
"PAR","MIL","28_7","Regular Season","Shavon  Shields",33,19,6,6,100,2,5,40,1,2,50,0,3,3,6,2,3,0,0,1,5,27,"H","W",85,15,31,15,12,16,13,20,5,16,21,9,18,2,20,95,85,15,31,15,12,16,13,20,5,16,21,9,18,2,20,95,1.46,14.3,132.9,0.15,42,2,81.8,0.18,17.8,80,20.98,5.1,0,"2023-2024"
"PAR","MIL","28_7","Regular Season","Johannes  Voigtmann",20,6,1,2,50,1,2,50,1,2,50,1,6,7,3,0,3,1,0,2,2,11,"H","W",85,15,31,15,12,16,13,20,5,16,21,9,18,2,20,95,85,15,31,15,12,16,13,20,5,16,21,9,18,2,20,95,1,6.6,90.9,0.05,45.5,1,62.5,0.5,5.1,61.5,45.45,4.5,10,"2023-2024"
"PAR","MIL","28_7","Regular Season","Maodo  Lo",14,3,0,0,NA,1,2,50,0,0,NA,0,0,0,2,0,0,0,0,0,0,4,"H","W",85,15,31,15,12,16,13,20,5,16,21,9,18,2,20,95,85,15,31,15,12,16,13,20,5,16,21,9,18,2,20,95,1.5,1.9,157.9,0.03,105.3,Inf,75,0,3.4,75,0,1.6,0,"2023-2024"
"PAR","MIL","28_7","Regular Season","Rodney  McGruder",7,0,0,0,NA,0,0,NA,0,0,NA,0,1,1,0,0,1,0,0,3,0,-3,"H","W",85,15,31,15,12,16,13,20,5,16,21,9,18,2,20,95,85,15,31,15,12,16,13,20,5,16,21,9,18,2,20,95,NA,1,0,-0.02,0,0,NA,NA,-1.9,NA,100,1.6,0,"2023-2024"
"PAR","MIL","28_7","Regular Season","Giampaolo  Ricci",8,0,0,0,NA,0,0,NA,0,0,NA,0,0,0,0,1,0,0,0,4,0,-3,"H","W",85,15,31,15,12,16,13,20,5,16,21,9,18,2,20,95,85,15,31,15,12,16,13,20,5,16,21,9,18,2,20,95,NA,0,NA,-0.02,NA,NA,NA,NA,-0.6,NA,NA,0,0,"2023-2024"
"PAR","MIL","28_7","Regular Season","Nikola  Mirotic",21,19,0,0,NA,4,7,57.1,7,7,100,1,0,1,0,1,3,0,0,3,3,15,"H","W",85,15,31,15,12,16,13,20,5,16,21,9,18,2,20,95,85,15,31,15,12,16,13,20,5,16,21,9,18,2,20,95,1.36,11.6,163.8,0.08,0,0,85.7,1,13.2,94.2,25.86,7.1,10,"2023-2024"
"PAR","MIL","28_7","Regular Season","Kyle  Hines",11,2,1,1,100,0,0,NA,0,0,NA,0,0,0,0,0,1,0,0,1,0,0,"H","W",85,15,31,15,12,16,13,20,5,16,21,9,18,2,20,95,85,15,31,15,12,16,13,20,5,16,21,9,18,2,20,95,2,1.9,105.3,0,0,0,100,0,0.3,100,52.63,2.1,0,"2023-2024"
"PAN","VIL","28_8","Regular Season","Deshaun  Thomas",20,7,2,4,50,0,1,0,3,3,100,2,3,5,0,0,0,0,1,1,3,10,"A","L",67,48,11,7,25,4,5,13,8,15,23,7,12,2,18,58,67,48,11,7,25,4,5,13,8,15,23,7,12,2,18,58,0.88,4.1,170.7,0.08,0,NA,40,0.6,6.2,55.4,0,3.4,12.5,"2023-2024"
"PAN","VIL","28_8","Regular Season","Edwin  Jackson",19,4,2,2,100,0,1,0,0,0,NA,0,2,2,1,0,3,0,0,1,0,2,"A","L",67,48,11,7,25,4,5,13,8,15,23,7,12,2,18,58,67,48,11,7,25,4,5,13,8,15,23,7,12,2,18,58,1.33,5.8,69,0.02,17.2,0.3,66.7,0,0.6,66.7,51.72,3.4,0,"2023-2024"
"PAN","VIL","28_8","Regular Season","Youssoupha  Fall",18,8,4,7,57.1,0,0,NA,0,0,NA,1,2,3,0,0,2,1,1,3,2,5,"A","L",67,48,11,7,25,4,5,13,8,15,23,7,12,2,18,58,67,48,11,7,25,4,5,13,8,15,23,7,12,2,18,58,1.14,7.7,103.9,0.03,0,0,57.1,0,3.5,57.1,25.97,5.4,6.2,"2023-2024"
"PAN","VIL","28_8","Regular Season","David  Lighty",16,3,0,1,0,1,1,100,0,0,NA,0,2,2,2,1,0,0,0,2,0,5,"A","L",67,48,11,7,25,4,5,13,8,15,23,7,12,2,18,58,67,48,11,7,25,4,5,13,8,15,23,7,12,2,18,58,1.5,1.9,157.9,0.06,105.3,Inf,75,0,4.2,75,0,1.3,0,"2023-2024"
"PAN","VIL","28_8","Regular Season","Noam  Yaacov",22,10,5,7,71.4,0,0,NA,0,2,0,0,0,0,2,1,0,0,0,2,1,8,"A","L",67,48,11,7,25,4,5,13,8,15,23,7,12,2,18,58,67,48,11,7,25,4,5,13,8,15,23,7,12,2,18,58,1.11,7.6,131.6,0.08,26.3,Inf,71.4,0.29,7.9,63.5,0,3.9,0,"2023-2024"
"PAN","VIL","28_8","Regular Season","Charles Lombahe Kahudi",18,0,0,2,0,0,1,0,0,0,NA,0,1,1,2,0,0,0,0,3,1,-2,"A","L",67,48,11,7,25,4,5,13,8,15,23,7,12,2,18,58,67,48,11,7,25,4,5,13,8,15,23,7,12,2,18,58,0,2.9,0,-0.03,69,Inf,0,0,-1.6,0,0,1.8,0,"2023-2024"
"PAN","VIL","28_8","Regular Season","Joffrey  Lauvergne",22,11,4,11,36.4,1,2,50,0,0,NA,2,2,4,0,0,2,0,2,1,1,3,"A","L",67,48,11,7,25,4,5,13,8,15,23,7,12,2,18,58,67,48,11,7,25,4,5,13,8,15,23,7,12,2,18,58,0.85,12.5,88,0.03,0,0,42.3,0,3.5,42.3,16,7.4,12.5,"2023-2024"
"PAN","VIL","28_8","Regular Season","Timothe  Luwawu-Cabarrot",19,3,0,2,0,1,2,50,0,0,NA,0,1,1,1,0,3,0,1,2,0,-4,"A","L",67,48,11,7,25,4,5,13,8,15,23,7,12,2,18,58,67,48,11,7,25,4,5,13,8,15,23,7,12,2,18,58,0.75,6.7,44.8,-0.03,14.9,0.3,37.5,0,-2.2,37.5,44.78,4,0,"2023-2024"
"PAN","VIL","28_8","Regular Season","Nando  de Colo",23,15,5,8,62.5,1,3,33.3,2,2,100,2,1,3,5,4,2,0,0,0,5,25,"A","L",67,48,11,7,25,4,5,13,8,15,23,7,12,2,18,58,67,48,11,7,25,4,5,13,8,15,23,7,12,2,18,58,1.15,11.4,131.6,0.21,43.9,2.5,59.1,0.18,16.9,63.1,17.54,6.5,12.5,"2023-2024"
"PAN","VIL","28_8","Regular Season","Mbaye  Ndiaye",22,6,3,4,75,0,0,NA,0,0,NA,1,1,2,0,1,0,1,0,3,0,6,"A","L",67,48,11,7,25,4,5,13,8,15,23,7,12,2,18,58,67,48,11,7,25,4,5,13,8,15,23,7,12,2,18,58,1.5,2.9,206.9,0.06,0,NA,75,0,5.9,75,0,2,6.2,"2023-2024"
"VIL","PAN","28_8","Regular Season","Aleksander  Balcerowski",5,1,0,1,0,0,1,0,1,2,50,0,0,0,0,0,1,1,0,1,1,-2,"H","W",85,34,29,19,19,11,14,19,13,21,34,7,13,5,13,102,85,34,29,19,19,11,14,19,13,21,34,7,13,5,13,102,0.25,3.7,27,-0.02,0,0,0,1,-1.5,17.4,27.03,7.4,0,"2023-2024"
"VIL","PAN","28_8","Regular Season","Kostas  Sloukas",27,14,2,4,50,3,6,50,1,1,100,0,5,5,8,0,1,0,1,1,3,22,"H","W",85,34,29,19,19,11,14,19,13,21,34,7,13,5,13,102,85,34,29,19,19,11,14,19,13,21,34,7,13,5,13,102,1.27,11,127.3,0.13,72.7,8,65,0.1,14.7,67,9.09,4,0,"2023-2024"
"VIL","PAN","28_8","Regular Season","Jerian  Grant",30,21,4,5,80,3,5,60,4,5,80,0,3,3,2,3,2,0,0,2,4,25,"H","W",85,34,29,19,19,11,14,19,13,21,34,7,13,5,13,102,85,34,29,19,19,11,14,19,13,21,34,7,13,5,13,102,1.4,13.6,154.4,0.14,14.7,1,85,0.5,18.9,86.1,14.71,4.5,0,"2023-2024"
"VIL","PAN","28_8","Regular Season","Marius  Grigonis",28,14,4,4,100,2,6,33.3,0,0,NA,2,5,7,1,0,1,0,0,2,2,17,"H","W",85,34,29,19,19,11,14,19,13,21,34,7,13,5,13,102,85,34,29,19,19,11,14,19,13,21,34,7,13,5,13,102,1.4,8.6,162.8,0.09,11.6,1,70,0,11.2,70,11.63,3.7,7.7,"2023-2024"
"VIL","PAN","28_8","Regular Season","Konstantinos  Mitoglou",22,3,1,6,16.7,0,1,0,1,2,50,4,3,7,1,0,2,0,1,1,1,1,"H","W",85,34,29,19,19,11,14,19,13,21,34,7,13,5,13,102,85,34,29,19,19,11,14,19,13,21,34,7,13,5,13,102,0.33,5.6,53.6,-0.01,17.9,0.5,14.3,0.29,0.1,19,35.71,4.3,15.4,"2023-2024"
"VIL","PAN","28_8","Regular Season","Panagiotis  Kalaitzakis",5,2,1,2,50,0,0,NA,0,0,NA,0,0,0,0,0,0,0,0,1,1,1,"H","W",85,34,29,19,19,11,14,19,13,21,34,7,13,5,13,102,85,34,29,19,19,11,14,19,13,21,34,7,13,5,13,102,1,1.9,105.3,0,0,NA,50,0,0.6,50,0,3.8,0,"2023-2024"
"VIL","PAN","28_8","Regular Season","Dimitris  Moraitis",1,0,0,0,NA,0,0,NA,0,0,NA,0,0,0,0,0,0,0,0,0,0,0,"H","W",85,34,29,19,19,11,14,19,13,21,34,7,13,5,13,102,85,34,29,19,19,11,14,19,13,21,34,7,13,5,13,102,NA,0,NA,0,NA,NA,NA,NA,0,NA,NA,0,0,"2023-2024"
"VIL","PAN","28_8","Regular Season","Ioannis  Papapetrou",7,0,0,0,NA,0,0,NA,0,0,NA,1,0,1,1,0,0,0,0,0,0,2,"H","W",85,34,29,19,19,11,14,19,13,21,34,7,13,5,13,102,85,34,29,19,19,11,14,19,13,21,34,7,13,5,13,102,NA,-1,0,0.01,-100,Inf,NA,NA,1.4,NA,0,0,3.8,"2023-2024"
"VIL","PAN","28_8","Regular Season","Kendrick  Nunn",22,10,2,3,66.7,2,7,28.6,0,0,NA,0,1,1,4,0,3,0,0,1,1,6,"H","W",85,34,29,19,19,11,14,19,13,21,34,7,13,5,13,102,85,34,29,19,19,11,14,19,13,21,34,7,13,5,13,102,1,12.5,80,0.03,32,1.3,50,0,4.3,50,24,5.6,0,"2023-2024"
"VIL","PAN","28_8","Regular Season","Mathias  Lessort",30,17,5,8,62.5,0,0,NA,7,9,77.8,3,2,5,2,3,2,2,0,2,5,25,"H","W",85,34,29,19,19,11,14,19,13,21,34,7,13,5,13,102,85,34,29,19,19,11,14,19,13,21,34,7,13,5,13,102,1,10.5,161.9,0.11,19,1,62.5,1.12,18.3,71.1,19.05,4.4,11.5,"2023-2024"
"VIL","PAN","28_8","Regular Season","Juan  Hernangomez",21,3,0,1,0,1,3,33.3,0,0,NA,3,1,4,0,1,1,2,0,2,0,4,"H","W",85,34,29,19,19,11,14,19,13,21,34,7,13,5,13,102,85,34,29,19,19,11,14,19,13,21,34,7,13,5,13,102,0.75,1.9,157.9,0.01,0,0,37.5,0,3.6,37.5,52.63,2.3,11.5,"2023-2024"
"VIL","PAN","28_8","Regular Season","Eleftherios  Mantzoukas",1,0,0,0,NA,0,0,NA,0,0,NA,0,1,1,0,0,0,0,0,0,0,1,"H","W",85,34,29,19,19,11,14,19,13,21,34,7,13,5,13,102,85,34,29,19,19,11,14,19,13,21,34,7,13,5,13,102,NA,0,NA,0.01,NA,NA,NA,NA,0.3,NA,NA,0,0,"2023-2024"
"BAS","BER","28_9","Regular Season","Martin  Hermannsson",24,3,0,1,0,1,3,33.3,0,0,NA,0,3,3,8,3,2,0,0,2,3,13,"A","L",71,40,26,13,19,7,12,23,13,18,31,9,11,4,18,83,71,40,26,13,19,7,12,23,13,18,31,9,11,4,18,83,0.75,5.8,51.7,0.08,137.9,4,37.5,0,7.3,37.5,34.48,2.4,0,"2023-2024"
"BAS","BER","28_9","Regular Season","Yannick  Wetzell",16,10,5,9,55.6,0,0,NA,0,0,NA,2,0,2,1,1,3,0,2,2,1,4,"A","L",71,40,26,13,19,7,12,23,13,18,31,9,11,4,18,83,71,40,26,13,19,7,12,23,13,18,31,9,11,4,18,83,1.11,9.6,104.2,0.03,10.4,0.3,55.6,0,5,55.6,31.25,7.3,7.7,"2023-2024"
"BAS","BER","28_9","Regular Season","Malte  Delow",19,3,0,1,0,0,3,0,3,4,75,1,2,3,4,1,1,1,0,1,3,8,"A","L",71,40,26,13,19,7,12,23,13,18,31,9,11,4,18,83,71,40,26,13,19,7,12,23,13,18,31,9,11,4,18,83,0.38,5.5,54.5,0.03,72.7,4,0,1,4.2,26,18.18,3.4,3.8,"2023-2024"
"BAS","BER","28_9","Regular Season","Tim  Schneider",10,0,0,2,0,0,1,0,0,0,NA,1,0,1,0,0,1,0,1,3,0,-7,"A","L",71,40,26,13,19,7,12,23,13,18,31,9,11,4,18,83,71,40,26,13,19,7,12,23,13,18,31,9,11,4,18,83,0,2.9,0,-0.05,0,0,0,0,-3.6,0,34.48,3.9,3.8,"2023-2024"
"BAS","BER","28_9","Regular Season","Matt  Thomas",22,12,1,3,33.3,2,5,40,4,4,100,0,1,1,1,1,0,0,0,1,3,12,"A","L",71,40,26,13,19,7,12,23,13,18,31,9,11,4,18,83,71,40,26,13,19,7,12,23,13,18,31,9,11,4,18,83,1,9.4,127.7,0.08,10.6,Inf,50,0.5,9.2,61.5,0,4.3,0,"2023-2024"
"BAS","BER","28_9","Regular Season","Sterling  Brown",22,7,2,4,50,1,3,33.3,0,0,NA,1,1,2,2,0,0,0,0,1,0,6,"A","L",71,40,26,13,19,7,12,23,13,18,31,9,11,4,18,83,71,40,26,13,19,7,12,23,13,18,31,9,11,4,18,83,1,5.8,120.7,0.05,34.5,Inf,50,0,5.3,50,0,3.1,3.8,"2023-2024"
"BAS","BER","28_9","Regular Season","Ziga  Samar",16,3,0,3,0,1,5,20,0,0,NA,2,4,6,2,0,2,0,1,3,1,-1,"A","L",71,40,26,13,19,7,12,23,13,18,31,9,11,4,18,83,71,40,26,13,19,7,12,23,13,18,31,9,11,4,18,83,0.38,7.7,39,-0.02,26,1,18.8,0,-1.4,18.8,25.97,6,7.7,"2023-2024"
"BAS","BER","28_9","Regular Season","Jonas  Mattisseck",16,2,1,3,33.3,0,2,0,0,0,NA,0,2,2,0,1,0,0,0,1,2,2,"A","L",71,40,26,13,19,7,12,23,13,18,31,9,11,4,18,83,71,40,26,13,19,7,12,23,13,18,31,9,11,4,18,83,0.4,4.8,41.7,0,0,NA,20,0,0.1,20,0,3,0,"2023-2024"
"BAS","BER","28_9","Regular Season","Louis  Olinde",25,8,4,5,80,0,1,0,0,0,NA,2,4,6,4,1,1,0,0,2,1,15,"A","L",71,40,26,13,19,7,12,23,13,18,31,9,11,4,18,83,71,40,26,13,19,7,12,23,13,18,31,9,11,4,18,83,1.33,4.8,166.7,0.11,83.3,4,66.7,0,10,66.7,20.83,2.7,7.7,"2023-2024"
"BAS","BER","28_9","Regular Season","Christ  Koumadje",24,12,5,7,71.4,0,0,NA,2,2,100,2,1,3,1,1,1,3,0,2,3,18,"A","L",71,40,26,13,19,7,12,23,13,18,31,9,11,4,18,83,71,40,26,13,19,7,12,23,13,18,31,9,11,4,18,83,1.33,6.6,181.8,0.11,15.2,1,71.4,0.29,12.8,76.1,15.15,3.6,7.7,"2023-2024"
"BAS","BER","28_9","Regular Season","Elias  Rapieque",5,11,1,2,50,2,3,66.7,3,3,100,2,0,2,0,0,0,0,0,0,2,13,"A","L",71,40,26,13,19,7,12,23,13,18,31,9,11,4,18,83,71,40,26,13,19,7,12,23,13,18,31,9,11,4,18,83,1.38,4.1,268.3,0.08,0,NA,80,0.6,10.1,87,0,12.2,7.7,"2023-2024"
"BER","BAS","28_9","Regular Season","Markus  Howard",20,8,1,2,50,2,8,25,0,0,NA,0,2,2,2,0,2,0,1,3,1,0,"H","W",88,35,27,16,27,7,13,23,5,24,29,5,11,4,19,102,88,35,27,16,27,7,13,23,5,24,29,5,11,4,19,102,0.8,11.5,69.6,0,17.4,1,40,0,1,40,17.39,6,0,"2023-2024"
"BER","BAS","28_9","Regular Season","Tadas  Sedekerskis",26,9,2,3,66.7,0,0,NA,5,5,100,0,3,3,2,1,0,0,1,1,2,14,"H","W",88,35,27,16,27,7,13,23,5,24,29,5,11,4,19,102,88,35,27,16,27,7,13,23,5,24,29,5,11,4,19,102,1.12,5,180,0.08,40,Inf,66.7,1.67,10.6,86.5,0,2,0,"2023-2024"
"BER","BAS","28_9","Regular Season","Vanja  Marinkovic",26,15,3,4,75,3,6,50,0,0,NA,1,2,3,3,0,2,0,1,3,1,12,"H","W",88,35,27,16,27,7,13,23,5,24,29,5,11,4,19,102,88,35,27,16,27,7,13,23,5,24,29,5,11,4,19,102,1.5,10.6,141.5,0.07,28.3,1.5,75,0,10.6,75,18.87,4.6,10,"2023-2024"
"BER","BAS","28_9","Regular Season","Codi  Miller-McIntyre",31,14,5,6,83.3,1,1,100,1,1,100,0,4,4,10,3,4,0,1,2,2,25,"H","W",88,35,27,16,27,7,13,23,5,24,29,5,11,4,19,102,88,35,27,16,27,7,13,23,5,24,29,5,11,4,19,102,1.75,11,127.3,0.14,90.9,2.5,92.9,0.14,17.9,94.1,36.36,3.7,0,"2023-2024"
"BER","BAS","28_9","Regular Season","Maik  Kotsar",20,9,4,5,80,0,0,NA,1,2,50,0,4,4,0,0,1,0,0,1,3,12,"H","W",88,35,27,16,27,7,13,23,5,24,29,5,11,4,19,102,88,35,27,16,27,7,13,23,5,24,29,5,11,4,19,102,1.29,6.6,136.4,0.05,0,0,80,0.4,6.5,76.5,15.15,3.4,0,"2023-2024"
"BER","BAS","28_9","Regular Season","Sander  Raieste",10,0,0,0,NA,0,0,NA,0,0,NA,0,0,0,1,0,0,0,0,2,1,0,"H","W",88,35,27,16,27,7,13,23,5,24,29,5,11,4,19,102,88,35,27,16,27,7,13,23,5,24,29,5,11,4,19,102,NA,0,NA,-0.01,Inf,Inf,NA,NA,-0.1,NA,NA,0,0,"2023-2024"
"BER","BAS","28_9","Regular Season","Nikos  Rogkavopoulos",15,7,2,2,100,1,3,33.3,0,0,NA,1,1,2,0,0,1,0,0,2,0,4,"H","W",88,35,27,16,27,7,13,23,5,24,29,5,11,4,19,102,88,35,27,16,27,7,13,23,5,24,29,5,11,4,19,102,1.4,4.8,145.8,0.02,0,0,70,0,3.9,70,20.83,4,10,"2023-2024"
"BER","BAS","28_9","Regular Season","Matthew  Costello",20,8,4,6,66.7,0,5,0,0,1,0,3,6,9,3,1,0,4,0,4,2,15,"H","W",88,35,27,16,27,7,13,23,5,24,29,5,11,4,19,102,88,35,27,16,27,7,13,23,5,24,29,5,11,4,19,102,0.67,8.1,98.8,0.06,37,Inf,36.4,0.09,9.7,35,0,5.7,30,"2023-2024"
"BER","BAS","28_9","Regular Season","Jordan  Theodore",9,2,1,2,50,0,0,NA,0,0,NA,0,1,1,0,0,0,0,0,1,0,1,"H","W",88,35,27,16,27,7,13,23,5,24,29,5,11,4,19,102,88,35,27,16,27,7,13,23,5,24,29,5,11,4,19,102,1,1.9,105.3,0.01,0,NA,50,0,0.9,50,0,2.2,0,"2023-2024"
"BER","BAS","28_9","Regular Season","Chima  Moneke",22,16,5,5,100,0,4,0,6,7,85.7,0,1,1,2,0,1,0,0,0,6,19,"H","W",88,35,27,16,27,7,13,23,5,24,29,5,11,4,19,102,88,35,27,16,27,7,13,23,5,24,29,5,11,4,19,102,1,12.6,127,0.08,15.9,2,55.6,0.78,12,66.2,7.94,5.9,0,"2023-2024"
"ASM","BER","29_1","Regular Season","Yannick  Wetzell",20,10,4,7,57.1,0,0,NA,2,6,33.3,0,4,4,1,1,5,0,1,4,7,6,"H","L",82,36,18,27,21,7,19,18,5,24,29,8,21,2,22,82,82,36,18,27,21,7,19,18,5,24,29,8,21,2,22,82,0.77,14.1,70.9,0,7.1,0.2,57.1,0.86,1.4,51.9,35.46,6.7,0,"2023-2024"
"ASM","BER","29_1","Regular Season","Malte  Delow",24,9,4,5,80,0,1,0,1,2,50,0,4,4,3,1,4,0,1,4,2,7,"H","L",82,36,18,27,21,7,19,18,5,24,29,8,21,2,22,82,82,36,18,27,21,7,19,18,5,24,29,8,21,2,22,82,1.12,10.4,86.5,0.05,28.8,0.8,66.7,0.33,4.7,65.4,38.46,4.2,0,"2023-2024"
"ASM","BER","29_1","Regular Season","Tim  Schneider",14,3,0,0,NA,1,2,50,0,0,NA,0,2,2,0,0,3,0,0,1,0,0,"H","L",82,36,18,27,21,7,19,18,5,24,29,8,21,2,22,82,82,36,18,27,21,7,19,18,5,24,29,8,21,2,22,82,1.5,4.8,62.5,0,0,0,75,0,-0.8,75,62.5,3.3,0,"2023-2024"
"ASM","BER","29_1","Regular Season","Matt  Thomas",26,14,3,5,60,1,3,33.3,5,6,83.3,0,1,1,4,0,0,0,0,0,4,18,"H","L",82,36,18,27,21,7,19,18,5,24,29,8,21,2,22,82,82,36,18,27,21,7,19,18,5,24,29,8,21,2,22,82,1,10.2,137.3,0.12,39.2,Inf,56.2,0.75,12.7,65.8,0,3.8,0,"2023-2024"
"ASM","BER","29_1","Regular Season","Louis  Olinde",20,5,0,0,NA,1,4,25,2,2,100,0,1,1,3,3,1,0,0,2,2,8,"H","L",82,36,18,27,21,7,19,18,5,24,29,8,21,2,22,82,82,36,18,27,21,7,19,18,5,24,29,8,21,2,22,82,0.83,5.6,89.3,0.05,53.6,3,37.5,0.5,6.2,51.2,17.86,2.7,0,"2023-2024"
"ASM","BER","29_1","Regular Season","Sterling  Brown",28,10,0,2,0,3,6,50,1,1,100,1,1,2,4,1,0,0,1,2,0,9,"H","L",82,36,18,27,21,7,19,18,5,24,29,8,21,2,22,82,82,36,18,27,21,7,19,18,5,24,29,8,21,2,22,82,1.11,7.1,140.8,0.08,56.3,Inf,56.2,0.12,9.6,59.2,0,2.8,10,"2023-2024"
"ASM","BER","29_1","Regular Season","Ziga  Samar",16,7,2,5,40,0,0,NA,3,3,100,0,2,2,3,2,4,0,0,1,3,9,"H","L",82,36,18,27,21,7,19,18,5,24,29,8,21,2,22,82,82,36,18,27,21,7,19,18,5,24,29,8,21,2,22,82,0.88,9.9,70.7,0.05,30.3,0.8,40,0.6,4.6,55.4,40.4,5.9,0,"2023-2024"
"ASM","BER","29_1","Regular Season","Jonas  Mattisseck",12,3,0,0,NA,1,1,100,0,0,NA,0,1,1,0,0,1,0,0,2,0,1,"H","L",82,36,18,27,21,7,19,18,5,24,29,8,21,2,22,82,82,36,18,27,21,7,19,18,5,24,29,8,21,2,22,82,3,1.9,157.9,0.01,0,0,150,0,1.2,150,52.63,1.5,0,"2023-2024"
"ASM","BER","29_1","Regular Season","Christ  Koumadje",17,10,5,6,83.3,0,0,NA,0,0,NA,2,3,5,0,0,1,1,0,3,0,11,"H","L",82,36,18,27,21,7,19,18,5,24,29,8,21,2,22,82,82,36,18,27,21,7,19,18,5,24,29,8,21,2,22,82,1.67,4.8,208.3,0.08,0,0,83.3,0,8.6,83.3,20.83,3.8,20,"2023-2024"
"ASM","BER","29_1","Regular Season","Elias  Rapieque",0,0,0,0,NA,0,0,NA,0,0,NA,0,0,0,0,0,0,0,0,0,0,0,"H","L",82,36,18,27,21,7,19,18,5,24,29,8,21,2,22,82,82,36,18,27,21,7,19,18,5,24,29,8,21,2,22,82,NA,0,NA,0,NA,NA,NA,NA,0,NA,NA,NA,0,"2023-2024"
"ASM","BER","29_1","Regular Season","Johannes  Thiemann",22,11,3,6,50,0,1,0,5,7,71.4,2,5,7,0,0,2,1,1,3,6,13,"H","L",82,36,18,27,21,7,19,18,5,24,29,8,21,2,22,82,82,36,18,27,21,7,19,18,5,24,29,8,21,2,22,82,0.79,9.7,113.4,0.06,0,0,42.9,1,6.9,54.6,20.62,5.1,20,"2023-2024"
"BER","ASM","29_1","Regular Season","John  Brown III",18,2,1,1,100,0,0,NA,0,0,NA,0,1,1,0,2,0,0,0,2,2,5,"A","W",90,48,26,21,24,10,12,19,13,22,35,11,12,4,25,93,90,48,26,21,24,10,12,19,13,22,35,11,12,4,25,93,2,1,200,0.02,0,NA,100,0,3.2,100,0,0.5,0,"2023-2024"
"BER","ASM","29_1","Regular Season","Jaron  Blossomgame",20,13,5,7,71.4,1,2,50,0,0,NA,2,1,3,1,1,1,0,0,3,2,13,"A","W",90,48,26,21,24,10,12,19,13,22,35,11,12,4,25,93,90,48,26,21,24,10,12,19,13,22,35,11,12,4,25,93,1.44,7.7,168.8,0.08,13,1,72.2,0,10.3,72.2,12.99,4.2,7.7,"2023-2024"
"BER","ASM","29_1","Regular Season","Donatas  Motiejunas",13,7,3,4,75,0,1,0,1,1,100,0,4,4,3,0,1,2,0,3,3,13,"A","W",90,48,26,21,24,10,12,19,13,22,35,11,12,4,25,93,90,48,26,21,24,10,12,19,13,22,35,11,12,4,25,93,1.17,6.2,112.9,0.07,48.4,3,60,0.2,7.2,64.3,16.13,4.2,0,"2023-2024"
"BER","ASM","29_1","Regular Season","Matthew  Strazel",12,7,2,4,50,1,1,100,0,0,NA,0,2,2,3,0,1,0,0,1,1,9,"A","W",90,48,26,21,24,10,12,19,13,22,35,11,12,4,25,93,90,48,26,21,24,10,12,19,13,22,35,11,12,4,25,93,1.4,5.8,120.7,0.06,51.7,3,70,0,6,70,17.24,4.2,0,"2023-2024"
"BER","ASM","29_1","Regular Season","Mike  James",29,20,3,11,27.3,4,11,36.4,2,3,66.7,2,2,4,4,0,4,0,1,2,4,9,"A","W",90,48,26,21,24,10,12,19,13,22,35,11,12,4,25,93,90,48,26,21,24,10,12,19,13,22,35,11,12,4,25,93,0.8,24.3,82.3,0.04,16.5,1,40.9,0.14,7,42.9,16.46,7.9,7.7,"2023-2024"
"BER","ASM","29_1","Regular Season","Elie  Okobo",26,21,4,9,44.4,2,5,40,7,11,63.6,1,4,5,3,2,0,0,1,0,6,24,"A","W",90,48,26,21,24,10,12,19,13,22,35,11,12,4,25,93,90,48,26,21,24,10,12,19,13,22,35,11,12,4,25,93,0.84,17.1,122.8,0.14,17.5,Inf,50,0.79,18,55.7,0,6.1,3.8,"2023-2024"
"BER","ASM","29_1","Regular Season","Petr  Cornelie",13,4,2,3,66.7,0,1,0,0,0,NA,1,2,3,0,0,2,0,0,3,0,0,"A","W",90,48,26,21,24,10,12,19,13,22,35,11,12,4,25,93,90,48,26,21,24,10,12,19,13,22,35,11,12,4,25,93,1,4.8,83.3,0,0,0,50,0,0.1,50,41.67,3.9,3.8,"2023-2024"
"BER","ASM","29_1","Regular Season","Mouhammadou  Jaiteh",5,0,0,0,NA,0,0,NA,0,2,0,1,0,1,0,0,0,0,0,0,1,0,"A","W",90,48,26,21,24,10,12,19,13,22,35,11,12,4,25,93,90,48,26,21,24,10,12,19,13,22,35,11,12,4,25,93,0,-0.1,0,-0.01,0,NA,NA,Inf,-0.1,0,0,1.5,3.8,"2023-2024"
"BER","ASM","29_1","Regular Season","Kemba  Walker",13,3,0,0,NA,1,4,25,0,0,NA,0,2,2,2,1,2,0,0,2,1,2,"A","W",90,48,26,21,24,10,12,19,13,22,35,11,12,4,25,93,90,48,26,21,24,10,12,19,13,22,35,11,12,4,25,93,0.75,5.8,51.7,0.01,34.5,1,37.5,0,0.8,37.5,34.48,3.9,0,"2023-2024"
"BER","ASM","29_1","Regular Season","Terry  Tarpey",23,2,1,3,33.3,0,0,NA,0,0,NA,2,1,3,2,1,1,1,0,5,0,1,"A","W",90,48,26,21,24,10,12,19,13,22,35,11,12,4,25,93,90,48,26,21,24,10,12,19,13,22,35,11,12,4,25,93,0.67,1.9,105.3,0,105.3,2,33.3,0,2.1,33.3,52.63,1.5,7.7,"2023-2024"
"BER","ASM","29_1","Regular Season","Yakuba  Ouattara",5,3,0,0,NA,1,1,100,0,0,NA,0,1,1,0,0,0,0,0,2,0,2,"A","W",90,48,26,21,24,10,12,19,13,22,35,11,12,4,25,93,90,48,26,21,24,10,12,19,13,22,35,11,12,4,25,93,3,1,300,0.02,0,NA,150,0,2.2,150,0,1.7,0,"2023-2024"
"BER","ASM","29_1","Regular Season","Donta  Hall",22,8,3,6,50,0,0,NA,2,4,50,4,2,6,1,4,0,1,0,2,2,15,"A","W",90,48,26,21,24,10,12,19,13,22,35,11,12,4,25,93,90,48,26,21,24,10,12,19,13,22,35,11,12,4,25,93,0.8,3.6,222.2,0.08,27.8,Inf,50,0.67,12.2,51.5,0,3,15.4,"2023-2024"
"BAR","PAR","29_2","Regular Season","Zach  LeDay",33,16,6,10,60,0,1,0,4,4,100,2,4,6,0,1,2,0,0,2,5,19,"A","L",76,40,18,20,21,6,16,12,6,15,21,8,11,0,18,74,76,40,18,20,21,6,16,12,6,15,21,8,11,0,18,74,1.07,12.2,131.1,0.13,0,0,54.5,0.36,11.5,62.7,16.39,4.6,16.7,"2023-2024"
"BAR","PAR","29_2","Regular Season","Aleksa  Avramovic",30,27,6,8,75,4,8,50,3,4,75,0,3,3,3,2,2,0,0,3,2,25,"A","L",76,40,18,20,21,6,16,12,6,15,21,8,11,0,18,74,76,40,18,20,21,6,16,12,6,15,21,8,11,0,18,74,1.35,19,142.1,0.23,15.8,1.5,75,0.25,21.2,76,10.53,6.8,0,"2023-2024"
"BAR","PAR","29_2","Regular Season","Kevin  Punter",25,6,2,5,40,0,2,0,2,2,100,0,0,0,3,1,2,0,0,0,5,8,"A","L",76,40,18,20,21,6,16,12,6,15,21,8,11,0,18,74,76,40,18,20,21,6,16,12,6,15,21,8,11,0,18,74,0.67,9.5,63.2,0.03,31.6,1.5,28.6,0.29,3,38.1,21.05,4.1,0,"2023-2024"
"BAR","PAR","29_2","Regular Season","Mateusz  Ponitka",14,0,0,1,0,0,0,NA,0,0,NA,0,0,0,2,0,0,0,0,1,2,2,"A","L",76,40,18,20,21,6,16,12,6,15,21,8,11,0,18,74,76,40,18,20,21,6,16,12,6,15,21,8,11,0,18,74,0,1,0,0,200,Inf,0,0,0.3,0,0,0.7,0,"2023-2024"
"BAR","PAR","29_2","Regular Season","Frank  Kaminsky",17,6,2,4,50,0,1,0,2,4,50,1,3,4,1,0,1,0,0,2,2,5,"A","L",76,40,18,20,21,6,16,12,6,15,21,8,11,0,18,74,76,40,18,20,21,6,16,12,6,15,21,8,11,0,18,74,0.67,6.5,92.3,0.03,15.4,1,40,0.8,3,44.4,15.38,4.7,8.3,"2023-2024"
"BAR","PAR","29_2","Regular Season","Alen  Smailagic",20,4,1,1,100,0,0,NA,2,2,100,2,0,2,1,0,1,0,0,2,2,6,"A","L",76,40,18,20,21,6,16,12,6,15,21,8,11,0,18,74,76,40,18,20,21,6,16,12,6,15,21,8,11,0,18,74,1.33,0.8,500,0.03,125,1,100,2,4,106.4,125,1.5,16.7,"2023-2024"
"BAR","PAR","29_2","Regular Season","James  Nunnally",19,7,2,4,50,1,1,100,0,0,NA,0,2,2,1,2,0,0,0,1,0,9,"A","L",76,40,18,20,21,6,16,12,6,15,21,8,11,0,18,74,76,40,18,20,21,6,16,12,6,15,21,8,11,0,18,74,1.4,4.8,145.8,0.09,20.8,Inf,70,0,7.6,70,0,2.7,0,"2023-2024"
"BAR","PAR","29_2","Regular Season","Uros  Trifunovic",13,0,0,2,0,0,1,0,0,0,NA,1,0,1,0,1,0,0,0,0,0,-1,"A","L",76,40,18,20,21,6,16,12,6,15,21,8,11,0,18,74,76,40,18,20,21,6,16,12,6,15,21,8,11,0,18,74,0,1.9,0,-0.01,0,NA,0,0,-0.4,0,0,2.4,8.3,"2023-2024"
"BAR","PAR","29_2","Regular Season","Danilo  Andjusic",14,3,0,1,0,1,3,33.3,0,0,NA,0,2,2,0,0,1,0,0,3,1,-1,"A","L",76,40,18,20,21,6,16,12,6,15,21,8,11,0,18,74,76,40,18,20,21,6,16,12,6,15,21,8,11,0,18,74,0.75,4.8,62.5,-0.02,0,0,37.5,0,-1,37.5,20.83,3.7,0,"2023-2024"
"BAR","PAR","29_2","Regular Season","P.J.  Dozier",8,4,1,3,33.3,0,1,0,2,2,100,0,1,1,1,1,1,0,0,2,1,2,"A","L",76,40,18,20,21,6,16,12,6,15,21,8,11,0,18,74,76,40,18,20,21,6,16,12,6,15,21,8,11,0,18,74,0.67,5.6,71.4,0.01,17.9,1,25,0.5,1.8,41,17.86,7.6,0,"2023-2024"
"BAR","PAR","29_2","Regular Season","Bruno  Caboclo",6,3,1,1,100,0,0,NA,1,2,50,0,0,0,0,0,1,0,0,2,1,0,"A","L",76,40,18,20,21,6,16,12,6,15,21,8,11,0,18,74,76,40,18,20,21,6,16,12,6,15,21,8,11,0,18,74,1,2.8,107.1,-0.01,0,0,100,2,0.5,79.8,35.71,4.9,0,"2023-2024"
"PAR","BAR","29_2","Regular Season","Jan  Vesely",25,8,4,6,66.7,0,0,NA,0,0,NA,2,3,5,3,1,1,0,0,1,4,17,"H","W",94,33,24,12,25,12,8,26,5,23,28,5,11,0,21,115,94,33,24,12,25,12,8,26,5,23,28,5,11,0,21,115,1.33,4.8,166.7,0.06,62.5,3,66.7,0,9.4,66.7,20.83,3.1,20,"2023-2024"
"PAR","BAR","29_2","Regular Season","Nikola  Kalinic",24,9,1,1,100,2,2,100,1,2,50,0,5,5,1,0,0,0,0,3,1,12,"H","W",94,33,24,12,25,12,8,26,5,23,28,5,11,0,21,115,94,33,24,12,25,12,8,26,5,23,28,5,11,0,21,115,1.8,3.7,243.2,0.06,27,Inf,133.3,0.67,8.7,116,0,1.8,0,"2023-2024"
"PAR","BAR","29_2","Regular Season","Tomas  Satoransky",23,7,3,4,75,0,2,0,1,2,50,0,1,1,5,0,0,0,0,1,3,11,"H","W",94,33,24,12,25,12,8,26,5,23,28,5,11,0,21,115,94,33,24,12,25,12,8,26,5,23,28,5,11,0,21,115,0.88,6.6,106.1,0.04,75.8,Inf,50,0.33,7,50.9,0,3.3,0,"2023-2024"
"PAR","BAR","29_2","Regular Season","Nicolas  Laprovittola",24,17,1,1,100,5,8,62.5,0,0,NA,0,0,0,5,1,4,0,0,2,2,16,"H","W",94,33,24,12,25,12,8,26,5,23,28,5,11,0,21,115,94,33,24,12,25,12,8,26,5,23,28,5,11,0,21,115,1.89,12.5,136,0.07,40,1.2,94.4,0,12.8,94.4,32,5.9,0,"2023-2024"
"PAR","BAR","29_2","Regular Season","Jabari  Parker",22,12,4,5,80,1,4,25,1,1,100,1,1,2,3,1,1,0,0,1,1,13,"H","W",94,33,24,12,25,12,8,26,5,23,28,5,11,0,21,115,94,33,24,12,25,12,8,26,5,23,28,5,11,0,21,115,1.2,9.1,131.9,0.06,33,3,61.1,0.11,10.4,63.6,10.99,5.2,10,"2023-2024"
"PAR","BAR","29_2","Regular Season","Oscar  da Silva",19,0,0,2,0,0,0,NA,0,0,NA,1,2,3,1,0,0,0,0,1,1,2,"H","W",94,33,24,12,25,12,8,26,5,23,28,5,11,0,21,115,94,33,24,12,25,12,8,26,5,23,28,5,11,0,21,115,0,1,0,0,100,Inf,0,0,0.2,0,0,1.1,10,"2023-2024"
"PAR","BAR","29_2","Regular Season","Ricard  Rubio",17,7,1,3,33.3,1,2,50,2,2,100,0,6,6,6,1,1,0,0,3,2,15,"H","W",94,33,24,12,25,12,8,26,5,23,28,5,11,0,21,115,94,33,24,12,25,12,8,26,5,23,28,5,11,0,21,115,1,6.6,106.1,0.07,90.9,6,50,0.4,9.1,59.5,15.15,4.4,0,"2023-2024"
"PAR","BAR","29_2","Regular Season","Willy  Hernangomez",14,15,6,6,100,0,0,NA,3,5,60,1,1,2,0,0,2,0,0,5,3,11,"H","W",94,33,24,12,25,12,8,26,5,23,28,5,11,0,21,115,94,33,24,12,25,12,8,26,5,23,28,5,11,0,21,115,1.36,8.8,170.5,0.04,0,0,100,0.83,9.4,91.5,22.73,8,10,"2023-2024"
"PAR","BAR","29_2","Regular Season","Alejandro  Abrines",14,6,0,0,NA,2,4,50,0,0,NA,0,1,1,0,0,0,0,0,3,0,2,"H","W",94,33,24,12,25,12,8,26,5,23,28,5,11,0,21,115,94,33,24,12,25,12,8,26,5,23,28,5,11,0,21,115,1.5,3.8,157.9,0.01,0,NA,75,0,3.1,75,0,3.1,0,"2023-2024"
"PAR","BAR","29_2","Regular Season","Rokas  Jokubaitis",19,13,5,5,100,1,2,50,0,0,NA,0,3,3,2,1,2,0,0,1,1,16,"H","W",94,33,24,12,25,12,8,26,5,23,28,5,11,0,21,115,94,33,24,12,25,12,8,26,5,23,28,5,11,0,21,115,1.86,8.6,151.2,0.08,23.3,1,92.9,0,11.4,92.9,23.26,5.2,0,"2023-2024"
"OLY","PAN","29_3","Regular Season","Aleksander  Balcerowski",5,2,0,0,NA,0,0,NA,2,2,100,0,1,1,1,1,1,0,0,3,1,2,"A","L",65,32,22,18,12,9,14,9,9,29,38,5,17,3,18,65,65,32,22,18,12,9,14,9,9,29,38,5,17,3,18,65,1,1.8,111.1,0.01,55.6,1,NA,Inf,1.8,113.6,55.56,3.8,0,"2023-2024"
"OLY","PAN","29_3","Regular Season","Jerian  Grant",33,8,2,5,40,0,2,0,4,4,100,2,2,4,1,1,2,1,0,1,4,11,"A","L",65,32,22,18,12,9,14,9,9,29,38,5,17,3,18,65,65,32,22,18,12,9,14,9,9,29,38,5,17,3,18,65,0.73,8.4,95.2,0.07,11.9,0.5,28.6,0.57,5.9,45.7,23.81,3.3,11.1,"2023-2024"
"OLY","PAN","29_3","Regular Season","Kendrick  Nunn",34,17,2,6,33.3,4,5,80,1,1,100,1,0,1,2,1,7,0,1,3,2,7,"A","L",65,32,22,18,12,9,14,9,9,29,38,5,17,3,18,65,65,32,22,18,12,9,14,9,9,29,38,5,17,3,18,65,1.42,16.7,101.8,0.07,12,0.3,72.7,0.09,6.6,74.3,41.92,5.5,5.6,"2023-2024"
"OLY","PAN","29_3","Regular Season","Marius  Grigonis",18,7,0,1,0,2,6,33.3,1,2,50,0,1,1,1,0,2,0,0,2,2,1,"A","L",65,32,22,18,12,9,14,9,9,29,38,5,17,3,18,65,65,32,22,18,12,9,14,9,9,29,38,5,17,3,18,65,0.78,9.5,73.7,-0.01,10.5,0.5,42.9,0.29,0.7,44.4,21.05,5.6,0,"2023-2024"
"OLY","PAN","29_3","Regular Season","Konstantinos  Mitoglou",35,11,2,3,66.7,2,5,40,1,2,50,2,14,16,1,1,2,0,1,2,1,20,"A","L",65,32,22,18,12,9,14,9,9,29,38,5,17,3,18,65,65,32,22,18,12,9,14,9,9,29,38,5,17,3,18,65,1.1,8.5,129.4,0.23,11.8,0.5,62.5,0.25,11.1,61.9,23.53,3.2,11.1,"2023-2024"
"OLY","PAN","29_3","Regular Season","Kostas  Sloukas",21,7,1,4,25,1,3,33.3,2,2,100,1,3,4,3,0,1,0,0,2,2,8,"A","L",65,32,22,18,12,9,14,9,9,29,38,5,17,3,18,65,65,32,22,18,12,9,14,9,9,29,38,5,17,3,18,65,0.78,7.6,92.1,0.07,39.5,3,35.7,0.29,4.8,44.4,13.16,4.3,5.6,"2023-2024"
"OLY","PAN","29_3","Regular Season","Ioannis  Papapetrou",13,2,1,3,33.3,0,0,NA,0,0,NA,0,3,3,0,0,0,1,1,0,0,3,"A","L",65,32,22,18,12,9,14,9,9,29,38,5,17,3,18,65,65,32,22,18,12,9,14,9,9,29,38,5,17,3,18,65,0.67,2.9,69,0.04,0,NA,33.3,0,1.9,33.3,0,2.3,0,"2023-2024"
"OLY","PAN","29_3","Regular Season","Mathias  Lessort",33,11,4,9,44.4,0,0,NA,3,5,60,3,3,6,0,1,2,1,0,4,8,14,"A","L",65,32,22,18,12,9,14,9,9,29,38,5,17,3,18,65,65,32,22,18,12,9,14,9,9,29,38,5,17,3,18,65,0.79,9.8,112.2,0.05,0,0,44.4,0.56,6.6,49.1,20.41,4.1,16.7,"2023-2024"
"OLY","PAN","29_3","Regular Season","Juan  Hernangomez",10,0,0,1,0,0,1,0,0,0,NA,0,2,2,0,0,0,0,0,1,0,-1,"A","L",65,32,22,18,12,9,14,9,9,29,38,5,17,3,18,65,65,32,22,18,12,9,14,9,9,29,38,5,17,3,18,65,0,1.9,0,-0.01,0,NA,0,0,-1.2,0,0,2,0,"2023-2024"
"PAN","OLY","29_3","Regular Season","Thomas  Walkup",26,4,1,3,33.3,0,3,0,2,2,100,0,5,5,6,4,1,0,0,3,3,13,"H","W",71,36,23,20,20,6,13,13,6,21,27,11,7,3,21,71,71,36,23,20,20,6,13,13,6,21,27,11,7,3,21,71,0.5,7.6,52.6,0.1,78.9,6,16.7,0.33,7.7,29.1,13.16,3.2,0,"2023-2024"
"PAN","OLY","29_3","Regular Season","Isaiah  Canaan",19,3,0,1,0,1,8,12.5,0,0,NA,1,2,3,1,2,1,0,1,2,0,-3,"H","W",71,36,23,20,20,6,13,13,6,21,27,11,7,3,21,71,71,36,23,20,20,6,13,13,6,21,27,11,7,3,21,71,0.33,8.6,34.9,-0.02,11.6,1,16.7,0,-0.7,16.7,11.63,5.6,8.3,"2023-2024"
"PAN","OLY","29_3","Regular Season","Moustapha  Fall",24,5,2,2,100,0,0,NA,1,4,25,2,2,4,2,0,0,0,0,0,3,11,"H","W",71,36,23,20,20,6,13,13,6,21,27,11,7,3,21,71,71,36,23,20,20,6,13,13,6,21,27,11,7,3,21,71,0.83,1.7,294.1,0.07,117.6,Inf,100,2,6.6,66.5,0,1.7,16.7,"2023-2024"
"PAN","OLY","29_3","Regular Season","Kostas  Papanikolaou",24,9,0,0,NA,2,4,50,3,3,100,0,2,2,1,1,1,0,0,2,2,10,"H","W",71,36,23,20,20,6,13,13,6,21,27,11,7,3,21,71,71,36,23,20,20,6,13,13,6,21,27,11,7,3,21,71,1.29,6.1,147.5,0.08,16.4,1,75,0.75,7.5,84.6,16.39,2.8,0,"2023-2024"
"PAN","OLY","29_3","Regular Season","Alec  Peters",27,11,3,4,75,1,4,25,2,2,100,2,3,5,1,0,1,0,0,3,2,11,"H","W",71,36,23,20,20,6,13,13,6,21,27,11,7,3,21,71,71,36,23,20,20,6,13,13,6,21,27,11,7,3,21,71,1.1,7.6,144.7,0.08,13.2,1,56.2,0.25,7.8,61.9,13.16,3.9,16.7,"2023-2024"
"PAN","OLY","29_3","Regular Season","Nigel  Williams-Goss",18,7,1,5,20,1,1,100,2,2,100,0,2,2,1,0,2,0,0,4,2,2,"H","W",71,36,23,20,20,6,13,13,6,21,27,11,7,3,21,71,71,36,23,20,20,6,13,13,6,21,27,11,7,3,21,71,0.88,8.5,82.4,0,11.8,0.5,41.7,0.33,1.3,50.9,23.53,5.3,0,"2023-2024"
"PAN","OLY","29_3","Regular Season","Moses  Wright",15,19,9,9,100,0,0,NA,1,3,33.3,1,2,3,1,1,0,1,0,3,2,22,"H","W",71,36,23,20,20,6,13,13,6,21,27,11,7,3,21,71,71,36,23,20,20,6,13,13,6,21,27,11,7,3,21,71,1.58,8.9,213.5,0.18,11.2,Inf,100,0.33,18,92.1,0,7.4,8.3,"2023-2024"
"PAN","OLY","29_3","Regular Season","Naz  Mitrou-Long",6,0,0,1,0,0,0,NA,0,0,NA,0,0,0,0,1,0,0,1,1,0,-2,"H","W",71,36,23,20,20,6,13,13,6,21,27,11,7,3,21,71,71,36,23,20,20,6,13,13,6,21,27,11,7,3,21,71,0,1,0,-0.01,0,NA,0,0,-0.1,0,0,1.8,0,"2023-2024"
"PAN","OLY","29_3","Regular Season","Ignas  Brazdeikis",2,3,0,0,NA,1,1,100,0,0,NA,0,0,0,0,0,0,0,0,0,0,3,"H","W",71,36,23,20,20,6,13,13,6,21,27,11,7,3,21,71,71,36,23,20,20,6,13,13,6,21,27,11,7,3,21,71,3,1,300,0.03,0,NA,150,0,2.7,150,0,5.3,0,"2023-2024"
"PAN","OLY","29_3","Regular Season","Filip  Petrusev",21,4,1,5,20,0,1,0,2,4,50,0,3,3,0,1,0,2,0,0,2,5,"H","W",71,36,23,20,20,6,13,13,6,21,27,11,7,3,21,71,71,36,23,20,20,6,13,13,6,21,27,11,7,3,21,71,0.4,7.4,54.1,0.02,0,NA,16.7,0.67,2.7,25.8,0,4,0,"2023-2024"
"PAN","OLY","29_3","Regular Season","Shaquielle  McKissic",16,6,3,6,50,0,1,0,0,0,NA,0,0,0,0,1,1,0,1,3,1,-1,"H","W",71,36,23,20,20,6,13,13,6,21,27,11,7,3,21,71,71,36,23,20,20,6,13,13,6,21,27,11,7,3,21,71,0.86,7.7,77.9,-0.01,0,0,42.9,0,1.1,42.9,12.99,5.3,0,"2023-2024"
"CRV","MAC","29_4","Regular Season","Lorenzo  Brown",32,10,3,12,25,1,2,50,1,2,50,2,1,3,5,1,4,0,0,0,2,6,"A","W",84,46,16,29,20,7,23,16,16,18,34,6,10,4,19,96,84,46,16,29,20,7,23,16,16,18,34,6,10,4,19,96,0.62,16.2,61.7,0.02,30.9,1.2,32.1,0.14,3.6,33.6,24.69,5.6,6.2,"2023-2024"
"CRV","MAC","29_4","Regular Season","Wade  Baldwin IV",34,14,3,8,37.5,1,3,33.3,5,6,83.3,1,6,7,5,1,2,0,0,2,6,21,"A","W",84,46,16,29,20,7,23,16,16,18,34,6,10,4,19,96,84,46,16,29,20,7,23,16,16,18,34,6,10,4,19,96,0.82,14.1,99.3,0.11,35.5,2.5,40.9,0.55,11.7,51.3,14.18,4.3,3.1,"2023-2024"
"CRV","MAC","29_4","Regular Season","Jake  Cohen",10,3,0,0,NA,1,1,100,0,0,NA,1,0,1,0,0,1,0,0,3,1,1,"A","W",84,46,16,29,20,7,23,16,16,18,34,6,10,4,19,96,84,46,16,29,20,7,23,16,16,18,34,6,10,4,19,96,3,1,300,0,0,0,150,0,1.2,150,100,1.9,3.1,"2023-2024"
"CRV","MAC","29_4","Regular Season","Josh  Nebo",30,18,7,9,77.8,0,0,NA,4,5,80,8,5,13,1,0,2,3,0,1,4,33,"A","W",84,46,16,29,20,7,23,16,16,18,34,6,10,4,19,96,84,46,16,29,20,7,23,16,16,18,34,6,10,4,19,96,1.29,5,360,0.18,20,0.5,77.8,0.56,21.6,80.4,40,4.2,25,"2023-2024"
"CRV","MAC","29_4","Regular Season","Bonzie  Colson",31,23,4,8,50,2,3,66.7,9,12,75,0,5,5,1,0,0,0,0,4,6,23,"A","W",84,46,16,29,20,7,23,16,16,18,34,6,10,4,19,96,84,46,16,29,20,7,23,16,16,18,34,6,10,4,19,96,1,15.6,147.4,0.13,6.4,Inf,63.6,1.09,17.1,70.6,0,5,0,"2023-2024"
"CRV","MAC","29_4","Regular Season","Antonius  Cleveland",19,6,2,2,100,0,1,0,2,2,100,2,0,2,0,2,1,1,0,2,1,8,"A","W",84,46,16,29,20,7,23,16,16,18,34,6,10,4,19,96,84,46,16,29,20,7,23,16,16,18,34,6,10,4,19,96,1.2,2.8,214.3,0.04,0,0,66.7,0.67,7,77.3,35.71,2.4,6.2,"2023-2024"
"CRV","MAC","29_4","Regular Season","James  Webb III",11,2,1,2,50,0,2,0,0,0,NA,0,1,1,1,0,0,0,1,3,1,-2,"A","W",84,46,16,29,20,7,23,16,16,18,34,6,10,4,19,96,84,46,16,29,20,7,23,16,16,18,34,6,10,4,19,96,0.5,3.8,52.6,-0.02,26.3,Inf,25,0,-0.6,25,0,3.4,0,"2023-2024"
"CRV","MAC","29_4","Regular Season","John  Dibartolomeo",15,3,0,0,NA,1,2,50,0,0,NA,0,0,0,1,1,0,0,0,1,0,3,"A","W",84,46,16,29,20,7,23,16,16,18,34,6,10,4,19,96,84,46,16,29,20,7,23,16,16,18,34,6,10,4,19,96,1.5,1.9,157.9,0.02,52.6,Inf,75,0,3.3,75,0,1.3,0,"2023-2024"
"CRV","MAC","29_4","Regular Season","Jasiel  Rivero",13,2,0,5,0,0,0,NA,2,2,100,2,0,2,1,1,0,0,1,0,3,3,"A","W",84,46,16,29,20,7,23,16,16,18,34,6,10,4,19,96,84,46,16,29,20,7,23,16,16,18,34,6,10,4,19,96,0.29,3.7,54.1,0,27,Inf,0,0.4,1.6,17,0,4.3,6.2,"2023-2024"
"CRV","MAC","29_4","Regular Season","Tamir  Blatt",5,3,0,0,NA,1,2,50,0,0,NA,0,0,0,1,0,0,0,0,3,0,0,"A","W",84,46,16,29,20,7,23,16,16,18,34,6,10,4,19,96,84,46,16,29,20,7,23,16,16,18,34,6,10,4,19,96,1.5,1.9,157.9,0,52.6,Inf,75,0,1.5,75,0,3.8,0,"2023-2024"
"MAC","CRV","29_4","Regular Season","Javonte  Smart",33,12,2,4,50,2,7,28.6,2,2,100,1,5,6,2,1,4,0,1,2,2,9,"H","L",80,35,24,21,20,8,16,20,8,19,27,6,13,2,24,77,80,35,24,21,20,8,16,20,8,19,27,6,13,2,24,77,0.92,14.3,83.9,0.07,14,0.5,45.5,0.18,5.7,50.5,27.97,4.7,6.2,"2023-2024"
"MAC","CRV","29_4","Regular Season","Luka  Mitrovic",19,8,3,5,60,0,0,NA,2,2,100,1,2,3,3,1,2,0,0,3,2,10,"H","L",80,35,24,21,20,8,16,20,8,19,27,6,13,2,24,77,80,35,24,21,20,8,16,20,8,19,27,6,13,2,24,77,1.14,6.6,121.2,0.07,45.5,1.5,60,0.4,6.9,68,30.3,4.1,6.2,"2023-2024"
"MAC","CRV","29_4","Regular Season","Joel  Bolomboy",28,11,4,7,57.1,0,1,0,3,3,100,3,5,8,1,0,1,0,0,4,4,15,"H","L",80,35,24,21,20,8,16,20,8,19,27,6,13,2,24,77,80,35,24,21,20,8,16,20,8,19,27,6,13,2,24,77,1,7,157.1,0.08,14.3,1,50,0.38,8.7,59,14.29,3.6,18.8,"2023-2024"
"MAC","CRV","29_4","Regular Season","Rokas  Giedraitis",27,8,2,3,66.7,1,2,50,1,2,50,0,1,1,0,0,0,0,0,3,0,3,"H","L",80,35,24,21,20,8,16,20,8,19,27,6,13,2,24,77,80,35,24,21,20,8,16,20,8,19,27,6,13,2,24,77,1.14,5.6,142.9,0.03,0,NA,70,0.4,4.4,68,0,2.1,0,"2023-2024"
"MAC","CRV","29_4","Regular Season","Yago Mateus dos Santos",31,20,5,9,55.6,2,5,40,4,6,66.7,0,1,1,7,1,5,0,1,2,5,17,"H","L",80,35,24,21,20,8,16,20,8,19,27,6,13,2,24,77,80,35,24,21,20,8,16,20,8,19,27,6,13,2,24,77,1,20.8,96.2,0.11,33.7,1.4,57.1,0.43,12.6,60.1,24.04,6.9,0,"2023-2024"
"MAC","CRV","29_4","Regular Season","Stefan  Lazarevic",3,0,0,0,NA,0,0,NA,0,0,NA,1,0,1,0,1,0,0,0,0,0,2,"H","L",80,35,24,21,20,8,16,20,8,19,27,6,13,2,24,77,80,35,24,21,20,8,16,20,8,19,27,6,13,2,24,77,NA,-1,0,0.01,0,NA,NA,NA,1.7,NA,0,0,6.2,"2023-2024"
"MAC","CRV","29_4","Regular Season","Adam  Hanga",18,13,3,5,60,2,7,28.6,1,2,50,1,3,4,7,0,1,0,1,3,2,13,"H","L",80,35,24,21,20,8,16,20,8,19,27,6,13,2,24,77,80,35,24,21,20,8,16,20,8,19,27,6,13,2,24,77,0.93,12.4,104.8,0.1,56.5,7,50,0.17,10.5,50.5,8.06,7.6,6.2,"2023-2024"
"MAC","CRV","29_4","Regular Season","Dejan  Davidovac",19,7,1,2,50,1,2,50,2,2,100,0,1,1,0,0,0,0,1,0,2,7,"H","L",80,35,24,21,20,8,16,20,8,19,27,6,13,2,24,77,80,35,24,21,20,8,16,20,8,19,27,6,13,2,24,77,1.17,4.7,148.9,0.05,0,NA,62.5,0.5,5.3,71.7,0,2.5,0,"2023-2024"
"MAC","CRV","29_4","Regular Season","Mike  Tobey",6,0,0,0,NA,0,0,NA,0,0,NA,0,0,0,0,0,0,0,0,1,0,-1,"H","L",80,35,24,21,20,8,16,20,8,19,27,6,13,2,24,77,80,35,24,21,20,8,16,20,8,19,27,6,13,2,24,77,NA,0,NA,-0.01,NA,NA,NA,NA,-0.4,NA,NA,0,0,"2023-2024"
"MAC","CRV","29_4","Regular Season","Dalibor  Ilic",3,0,0,0,NA,0,0,NA,0,0,NA,0,0,0,0,1,0,0,0,1,0,0,"H","L",80,35,24,21,20,8,16,20,8,19,27,6,13,2,24,77,80,35,24,21,20,8,16,20,8,19,27,6,13,2,24,77,NA,0,NA,0,NA,NA,NA,NA,0.6,NA,NA,0,0,"2023-2024"
"MAC","CRV","29_4","Regular Season","Freddie  Gillespie",12,1,0,0,NA,0,0,NA,1,2,50,1,1,2,0,1,0,2,0,5,2,2,"H","L",80,35,24,21,20,8,16,20,8,19,27,6,13,2,24,77,80,35,24,21,20,8,16,20,8,19,27,6,13,2,24,77,0.5,-0.1,-1000,-0.01,0,NA,NA,Inf,2,56.8,0,0.7,6.2,"2023-2024"
"FEN","VAL","29_5","Regular Season","Justin  Anderson",20,12,2,4,50,2,4,50,2,3,66.7,0,2,2,1,0,2,0,2,1,2,7,"A","L",88,37,20,19,24,8,16,20,4,20,24,6,11,2,19,103,88,37,20,19,24,8,16,20,4,20,24,6,11,2,19,103,1.09,10.9,110.1,0.04,9.2,0.5,62.5,0.38,6.5,64.4,18.35,5.9,0,"2023-2024"
"FEN","VAL","29_5","Regular Season","Chris  Jones",16,7,3,7,42.9,0,2,0,1,2,50,0,1,1,0,2,1,0,0,0,3,5,"A","L",88,37,20,19,24,8,16,20,4,20,24,6,11,2,19,103,88,37,20,19,24,8,16,20,4,20,24,6,11,2,19,103,0.64,10.4,67.3,0.01,0,0,33.3,0.22,2.8,35.4,9.62,7.1,0,"2023-2024"
"FEN","VAL","29_5","Regular Season","Damien  Inglis",20,10,5,5,100,0,1,0,0,0,NA,0,2,2,2,0,0,0,0,2,0,11,"A","L",88,37,20,19,24,8,16,20,4,20,24,6,11,2,19,103,88,37,20,19,24,8,16,20,4,20,24,6,11,2,19,103,1.67,5.8,172.4,0.07,34.5,Inf,83.3,0,9,83.3,0,3.1,0,"2023-2024"
"FEN","VAL","29_5","Regular Season","Brandon  Davies",25,18,3,4,75,2,4,50,6,6,100,0,5,5,2,1,1,1,0,1,7,29,"A","L",88,37,20,19,24,8,16,20,4,20,24,6,11,2,19,103,88,37,20,19,24,8,16,20,4,20,24,6,11,2,19,103,1.29,11.2,160.7,0.14,17.9,2,75,0.75,17.6,84.6,8.93,4.9,0,"2023-2024"
"FEN","VAL","29_5","Regular Season","Kevin  Pangos",16,6,2,2,100,0,0,NA,2,2,100,0,0,0,3,1,0,0,0,3,2,9,"A","L",88,37,20,19,24,8,16,20,4,20,24,6,11,2,19,103,88,37,20,19,24,8,16,20,4,20,24,6,11,2,19,103,1.5,2.8,214.3,0.04,107.1,Inf,100,1,7.3,104.2,0,1.9,0,"2023-2024"
"FEN","VAL","29_5","Regular Season","Jared  Harper",18,12,3,6,50,1,3,33.3,3,3,100,0,2,2,4,1,4,0,1,3,3,9,"A","L",88,37,20,19,24,8,16,20,4,20,24,6,11,2,19,103,88,37,20,19,24,8,16,20,4,20,24,6,11,2,19,103,1,13.7,87.6,0.04,29.2,1,50,0.33,6.5,58.1,29.2,8.3,0,"2023-2024"
"FEN","VAL","29_5","Regular Season","Josep  Puerto",8,3,0,0,NA,1,2,50,0,0,NA,0,1,1,0,0,0,0,0,1,0,2,"A","L",88,37,20,19,24,8,16,20,4,20,24,6,11,2,19,103,88,37,20,19,24,8,16,20,4,20,24,6,11,2,19,103,1.5,1.9,157.9,0.01,0,NA,75,0,1.9,75,0,2.6,0,"2023-2024"
"FEN","VAL","29_5","Regular Season","Nate  Reuvers",15,6,1,1,100,1,1,100,1,2,50,2,0,2,0,0,0,0,0,4,3,6,"A","L",88,37,20,19,24,8,16,20,4,20,24,6,11,2,19,103,88,37,20,19,24,8,16,20,4,20,24,6,11,2,19,103,1.5,0.8,750,0.01,0,NA,125,1,4.8,104.2,0,2,25,"2023-2024"
"FEN","VAL","29_5","Regular Season","Jaime  Pradilla",20,7,2,3,66.7,1,3,33.3,0,0,NA,1,2,3,3,0,2,0,0,0,1,9,"A","L",88,37,20,19,24,8,16,20,4,20,24,6,11,2,19,103,88,37,20,19,24,8,16,20,4,20,24,6,11,2,19,103,1.17,6.7,104.5,0.05,44.8,1.5,58.3,0,5.4,58.3,29.85,4.2,12.5,"2023-2024"
"FEN","VAL","29_5","Regular Season","Xabi  Lopez-Arostegui",12,2,1,2,50,0,0,NA,0,0,NA,1,1,2,1,0,0,0,0,1,0,3,"A","L",88,37,20,19,24,8,16,20,4,20,24,6,11,2,19,103,88,37,20,19,24,8,16,20,4,20,24,6,11,2,19,103,1,1,200,0.02,100,Inf,50,0,2.3,50,0,1.7,12.5,"2023-2024"
"FEN","VAL","29_5","Regular Season","Stefan  Jovic",13,0,0,1,0,0,0,NA,0,0,NA,0,1,1,4,1,0,1,0,1,2,7,"A","L",88,37,20,19,24,8,16,20,4,20,24,6,11,2,19,103,88,37,20,19,24,8,16,20,4,20,24,6,11,2,19,103,0,1,0,0.03,400,Inf,0,0,3.7,0,0,0.8,0,"2023-2024"
"FEN","VAL","29_5","Regular Season","Semi  Ojeleye",15,5,2,2,100,0,0,NA,1,1,100,0,3,3,0,0,1,0,0,2,1,6,"A","L",88,37,20,19,24,8,16,20,4,20,24,6,11,2,19,103,88,37,20,19,24,8,16,20,4,20,24,6,11,2,19,103,1.67,3.3,151.5,0.03,0,0,100,0.5,3.5,102.5,30.3,2.4,0,"2023-2024"
"VAL","FEN","29_5","Regular Season","Amine  Noua",19,7,1,3,33.3,1,2,50,2,3,66.7,2,3,5,0,0,0,1,0,1,3,11,"H","W",118,31,38,16,16,24,14,25,7,21,28,6,10,3,24,132,118,31,38,16,16,24,14,25,7,21,28,6,10,3,24,132,0.88,4.1,170.7,0.03,0,NA,50,0.6,6.5,55.4,0,3.1,14.3,"2023-2024"
"VAL","FEN","29_5","Regular Season","Sertac  Sanli",9,0,0,0,NA,0,0,NA,0,0,NA,0,0,0,0,0,0,0,0,3,0,-3,"H","W",118,31,38,16,16,24,14,25,7,21,28,6,10,3,24,132,118,31,38,16,16,24,14,25,7,21,28,6,10,3,24,132,NA,0,NA,-0.01,NA,NA,NA,NA,-1.2,NA,NA,0,0,"2023-2024"
"VAL","FEN","29_5","Regular Season","Nigel  Hayes-Davis",24,21,3,4,75,4,7,57.1,3,3,100,0,3,3,1,0,0,0,0,2,2,21,"H","W",118,31,38,16,16,24,14,25,7,21,28,6,10,3,24,132,118,31,38,16,16,24,14,25,7,21,28,6,10,3,24,132,1.5,11.8,178,0.09,8.5,Inf,81.8,0.27,16.9,85.2,0,4.8,0,"2023-2024"
"VAL","FEN","29_5","Regular Season","Tyler  Dorsey",23,28,2,5,40,8,9,88.9,0,0,NA,0,3,3,1,1,3,0,1,2,0,23,"H","W",118,31,38,16,16,24,14,25,7,21,28,6,10,3,24,132,118,31,38,16,16,24,14,25,7,21,28,6,10,3,24,132,2,16.3,171.8,0.11,6.1,0.3,100,0,21,100,18.4,6.9,0,"2023-2024"
"VAL","FEN","29_5","Regular Season","Nick  Calathes",19,4,2,3,66.7,0,0,NA,0,0,NA,0,3,3,9,0,1,0,0,0,0,14,"H","W",118,31,38,16,16,24,14,25,7,21,28,6,10,3,24,132,118,31,38,16,16,24,14,25,7,21,28,6,10,3,24,132,1.33,3.8,105.3,0.06,236.8,9,66.7,0,8.9,66.7,26.32,2,0,"2023-2024"
"VAL","FEN","29_5","Regular Season","Johnathan  Motley",18,8,3,6,50,0,0,NA,2,3,66.7,2,2,4,2,0,1,1,1,2,4,11,"H","W",118,31,38,16,16,24,14,25,7,21,28,6,10,3,24,132,118,31,38,16,16,24,14,25,7,21,28,6,10,3,24,132,0.89,6.1,131.1,0.03,32.8,2,50,0.5,6.9,54.6,16.39,4.3,14.3,"2023-2024"
"VAL","FEN","29_5","Regular Season","Scottie  Wilbekin",20,20,0,0,NA,6,10,60,2,2,100,0,0,0,2,2,2,0,0,1,4,21,"H","W",118,31,38,16,16,24,14,25,7,21,28,6,10,3,24,132,118,31,38,16,16,24,14,25,7,21,28,6,10,3,24,132,1.67,12.4,161.3,0.08,16.1,1,90,0.2,16.4,91.9,16.13,6,0,"2023-2024"
"VAL","FEN","29_5","Regular Season","Georgios  Papagiannis",12,2,1,3,33.3,0,0,NA,0,0,NA,0,0,0,1,0,1,1,0,3,1,-1,"H","W",118,31,38,16,16,24,14,25,7,21,28,6,10,3,24,132,118,31,38,16,16,24,14,25,7,21,28,6,10,3,24,132,0.67,3.8,52.6,-0.01,26.3,1,33.3,0,-0.5,33.3,26.32,3.1,0,"2023-2024"
"VAL","FEN","29_5","Regular Season","Tarik  Biberovic",16,12,2,3,66.7,2,4,50,2,2,100,2,4,6,1,0,0,0,0,2,1,15,"H","W",118,31,38,16,16,24,14,25,7,21,28,6,10,3,24,132,118,31,38,16,16,24,14,25,7,21,28,6,10,3,24,132,1.33,5.6,214.3,0.06,17.9,Inf,71.4,0.29,11.2,76.1,0,4.6,14.3,"2023-2024"
"VAL","FEN","29_5","Regular Season","Marko  Guduric",14,8,1,1,100,2,3,66.7,0,0,NA,0,1,1,2,1,2,0,0,3,2,8,"H","W",118,31,38,16,16,24,14,25,7,21,28,6,10,3,24,132,118,31,38,16,16,24,14,25,7,21,28,6,10,3,24,132,2,5.8,137.9,0.03,34.5,1,100,0,5.9,100,34.48,4,0,"2023-2024"
"VAL","FEN","29_5","Regular Season","Yam  Madar",10,2,0,1,0,0,1,0,2,2,100,0,1,1,6,1,0,0,0,1,1,8,"H","W",118,31,38,16,16,24,14,25,7,21,28,6,10,3,24,132,118,31,38,16,16,24,14,25,7,21,28,6,10,3,24,132,0.5,2.8,71.4,0.03,214.3,Inf,0,1,5.7,34.7,0,2.7,0,"2023-2024"
"VAL","FEN","29_5","Regular Season","Nathan  Sestina",16,6,1,2,50,1,2,50,1,1,100,1,1,2,0,1,0,0,0,4,1,4,"H","W",118,31,38,16,16,24,14,25,7,21,28,6,10,3,24,132,118,31,38,16,16,24,14,25,7,21,28,6,10,3,24,132,1.2,3.3,181.8,0.01,0,NA,62.5,0.25,4.4,67.6,0,2.6,7.1,"2023-2024"
"BAS","MIL","29_6","Regular Season","Nicolo  Melli",26,5,2,4,50,0,1,0,1,2,50,0,4,4,5,1,0,1,0,4,2,10,"A","L",73,33,36,15,14,11,12,17,7,22,29,10,8,5,15,78,73,33,36,15,14,11,12,17,7,22,29,10,8,5,15,78,0.71,5.6,89.3,0.06,89.3,Inf,40,0.4,6.7,42.5,0,2.2,0,"2023-2024"
"BAS","MIL","29_6","Regular Season","Shabazz  Napier",26,12,1,2,50,2,10,20,4,5,80,0,3,3,2,1,2,0,1,1,5,9,"A","L",73,33,36,15,14,11,12,17,7,22,29,10,8,5,15,78,73,33,36,15,14,11,12,17,7,22,29,10,8,5,15,78,0.71,15.6,76.9,0.04,12.8,1,33.3,0.42,5.3,42.3,12.82,6,0,"2023-2024"
"BAS","MIL","29_6","Regular Season","Devon  Hall",27,9,0,3,0,3,4,75,0,0,NA,1,2,3,3,1,1,0,1,2,2,10,"A","L",73,33,36,15,14,11,12,17,7,22,29,10,8,5,15,78,73,33,36,15,14,11,12,17,7,22,29,10,8,5,15,78,1.29,6.7,134.3,0.07,44.8,3,64.3,0,7.9,64.3,14.93,2.8,7.1,"2023-2024"
"BAS","MIL","29_6","Regular Season","Shavon  Shields",31,17,4,5,80,3,10,30,0,0,NA,0,4,4,2,3,2,0,0,2,3,17,"A","L",73,33,36,15,14,11,12,17,7,22,29,10,8,5,15,78,73,33,36,15,14,11,12,17,7,22,29,10,8,5,15,78,1.13,16.3,104.3,0.12,12.3,1,56.7,0,12.1,56.7,12.27,5.2,0,"2023-2024"
"BAS","MIL","29_6","Regular Season","Nikola  Mirotic",30,21,4,6,66.7,3,8,37.5,4,4,100,2,6,8,1,2,1,1,0,2,4,27,"A","L",73,33,36,15,14,11,12,17,7,22,29,10,8,5,15,78,73,33,36,15,14,11,12,17,7,22,29,10,8,5,15,78,1.17,14.2,147.9,0.19,7,1,60.7,0.29,18.8,66.6,7.04,5.3,14.3,"2023-2024"
"BAS","MIL","29_6","Regular Season","Maodo  Lo",7,2,1,1,100,0,3,0,0,0,NA,0,0,0,0,0,0,0,1,0,0,-2,"A","L",73,33,36,15,14,11,12,17,7,22,29,10,8,5,15,78,73,33,36,15,14,11,12,17,7,22,29,10,8,5,15,78,0.5,3.8,52.6,-0.01,0,NA,25,0,-0.4,25,0,5.5,0,"2023-2024"
"BAS","MIL","29_6","Regular Season","Stefano  Tonut",7,1,0,3,0,0,0,NA,1,2,50,0,0,0,1,0,0,0,0,1,1,-2,"A","L",73,33,36,15,14,11,12,17,7,22,29,10,8,5,15,78,73,33,36,15,14,11,12,17,7,22,29,10,8,5,15,78,0.2,3.7,27,-0.03,27,Inf,0,0.67,-1.2,12.9,0,5.3,0,"2023-2024"
"BAS","MIL","29_6","Regular Season","Diego  Flaccadori",11,0,0,1,0,0,0,NA,0,0,NA,0,1,1,0,0,0,0,0,2,0,-2,"A","L",73,33,36,15,14,11,12,17,7,22,29,10,8,5,15,78,73,33,36,15,14,11,12,17,7,22,29,10,8,5,15,78,0,1,0,-0.02,0,NA,0,0,-1.2,0,0,0.9,0,"2023-2024"
"BAS","MIL","29_6","Regular Season","Guglielmo   Caruso",4,2,0,0,NA,0,0,NA,2,2,100,0,0,0,0,1,0,0,0,0,1,4,"A","L",73,33,36,15,14,11,12,17,7,22,29,10,8,5,15,78,73,33,36,15,14,11,12,17,7,22,29,10,8,5,15,78,1,0.8,250,0.03,0,NA,NA,Inf,3,113.6,0,2.1,0,"2023-2024"
"BAS","MIL","29_6","Regular Season","Kyle  Hines",8,0,0,6,0,0,0,NA,0,0,NA,4,0,4,0,1,0,0,1,1,0,-3,"A","L",73,33,36,15,14,11,12,17,7,22,29,10,8,5,15,78,73,33,36,15,14,11,12,17,7,22,29,10,8,5,15,78,0,1.9,0,-0.03,0,NA,0,0,-0.8,0,0,7.2,28.6,"2023-2024"
"BAS","MIL","29_6","Regular Season","Johannes  Voigtmann",23,4,2,2,100,0,0,NA,0,0,NA,0,2,2,3,0,2,3,0,0,0,10,"A","L",73,33,36,15,14,11,12,17,7,22,29,10,8,5,15,78,73,33,36,15,14,11,12,17,7,22,29,10,8,5,15,78,2,3.8,105.3,0.07,78.9,1.5,100,0,6.2,100,52.63,1.7,0,"2023-2024"
"MIL","BAS","29_6","Regular Season","Markus  Howard",25,26,5,7,71.4,4,10,40,4,5,80,1,3,4,1,0,2,0,0,2,2,20,"H","W",88,32,28,20,19,12,14,15,4,31,35,3,14,4,18,88,88,32,28,20,19,12,14,15,4,31,35,3,14,4,18,88,1.18,19.4,134,0.12,5.2,0.5,64.7,0.29,16.8,67.7,10.31,8.2,12.5,"2023-2024"
"MIL","BAS","29_6","Regular Season","Tadas  Sedekerskis",27,9,4,6,66.7,0,3,0,1,1,100,0,7,7,2,0,1,0,0,2,1,11,"H","W",88,32,28,20,19,12,14,15,4,31,35,3,14,4,18,88,88,32,28,20,19,12,14,15,4,31,35,3,14,4,18,88,0.9,10,90,0.07,20,2,44.4,0.11,6,47.7,10,3.7,0,"2023-2024"
"MIL","BAS","29_6","Regular Season","Vanja  Marinkovic",30,13,2,5,40,2,5,40,3,5,60,0,2,2,1,0,0,0,1,1,4,10,"H","W",88,32,28,20,19,12,14,15,4,31,35,3,14,4,18,88,88,32,28,20,19,12,14,15,4,31,35,3,14,4,18,88,0.87,11.7,111.1,0.05,8.5,Inf,50,0.5,7.7,53.3,0,3.9,0,"2023-2024"
"MIL","BAS","29_6","Regular Season","Codi  Miller-McIntyre",25,6,3,4,75,0,2,0,0,0,NA,0,5,5,5,1,6,0,1,3,0,4,"H","W",88,32,28,20,19,12,14,15,4,31,35,3,14,4,18,88,88,32,28,20,19,12,14,15,4,31,35,3,14,4,18,88,1,11.5,52.2,0.03,43.5,0.8,50,0,1.8,50,52.17,4.6,0,"2023-2024"
"MIL","BAS","29_6","Regular Season","Maik  Kotsar",21,6,3,5,60,0,0,NA,0,1,0,3,0,3,0,0,0,2,1,1,1,7,"H","W",88,32,28,20,19,12,14,15,4,31,35,3,14,4,18,88,88,32,28,20,19,12,14,15,4,31,35,3,14,4,18,88,1,2.3,260.9,0.03,0,NA,60,0.2,6.4,55.1,0,2.5,37.5,"2023-2024"
"MIL","BAS","29_6","Regular Season","Sander  Raieste",1,0,0,0,NA,0,0,NA,0,0,NA,0,0,0,0,0,0,0,0,1,0,-1,"H","W",88,32,28,20,19,12,14,15,4,31,35,3,14,4,18,88,88,32,28,20,19,12,14,15,4,31,35,3,14,4,18,88,NA,0,NA,-0.01,NA,NA,NA,NA,-0.4,NA,NA,0,0,"2023-2024"
"MIL","BAS","29_6","Regular Season","Daniel  Diez",13,0,0,0,NA,0,0,NA,0,0,NA,0,1,1,0,0,0,0,0,3,0,-2,"H","W",88,32,28,20,19,12,14,15,4,31,35,3,14,4,18,88,88,32,28,20,19,12,14,15,4,31,35,3,14,4,18,88,NA,0,NA,-0.01,NA,NA,NA,NA,-0.9,NA,NA,0,0,"2023-2024"
"MIL","BAS","29_6","Regular Season","Matthew  Costello",19,9,0,0,NA,3,4,75,0,0,NA,0,6,6,1,0,1,1,0,2,2,15,"H","W",88,32,28,20,19,12,14,15,4,31,35,3,14,4,18,88,88,32,28,20,19,12,14,15,4,31,35,3,14,4,18,88,2.25,4.8,187.5,0.08,20.8,1,112.5,0,8.8,112.5,20.83,2.5,0,"2023-2024"
"MIL","BAS","29_6","Regular Season","Jordan  Theodore",14,0,0,1,0,0,0,NA,0,2,0,0,1,1,3,1,3,0,0,3,1,-3,"H","W",88,32,28,20,19,12,14,15,4,31,35,3,14,4,18,88,88,32,28,20,19,12,14,15,4,31,35,3,14,4,18,88,0,4.7,0,-0.03,63.8,1,0,2,-2.3,0,63.83,3.4,0,"2023-2024"
"MIL","BAS","29_6","Regular Season","Chima  Moneke",24,19,2,4,50,3,4,75,6,6,100,0,6,6,2,1,1,1,2,0,4,27,"H","W",88,32,28,20,19,12,14,15,4,31,35,3,14,4,18,88,88,32,28,20,19,12,14,15,4,31,35,3,14,4,18,88,1.36,11.2,169.6,0.17,17.9,2,81.2,0.75,19.3,89.3,8.93,4.7,0,"2023-2024"
"BAY","ZAL","29_7","Regular Season","Keenan  Evans",26,21,3,6,50,5,10,50,0,0,NA,0,3,3,2,1,5,0,2,2,1,11,"A","L",58,31,30,4,15,9,1,10,9,20,29,6,15,1,18,43,58,31,30,4,15,9,1,10,9,20,29,6,15,1,18,43,1.31,20.2,104,0.23,9.9,0.4,65.6,0,10.5,65.6,24.75,8.3,0,"2023-2024"
"BAY","ZAL","29_7","Regular Season","Dovydas  Giedraitis",12,0,0,1,0,0,1,0,0,0,NA,0,0,0,1,1,0,0,0,0,0,0,"A","L",58,31,30,4,15,9,1,10,9,20,29,6,15,1,18,43,58,31,30,4,15,9,1,10,9,20,29,6,15,1,18,43,0,1.9,0,0,52.6,Inf,0,0,0.3,0,0,1.7,0,"2023-2024"
"BAY","ZAL","29_7","Regular Season","Rolands  Smits",8,0,0,2,0,0,2,0,0,0,NA,0,1,1,1,0,0,0,1,0,1,-2,"A","L",58,31,30,4,15,9,1,10,9,20,29,6,15,1,18,43,58,31,30,4,15,9,1,10,9,20,29,6,15,1,18,43,0,3.8,0,-0.04,26.3,Inf,0,0,-1.8,0,0,5.1,0,"2023-2024"
"BAY","ZAL","29_7","Regular Season","Laurynas  Birutis",16,6,3,4,75,0,0,NA,0,2,0,2,3,5,1,0,2,0,0,1,1,7,"A","L",58,31,30,4,15,9,1,10,9,20,29,6,15,1,18,43,58,31,30,4,15,9,1,10,9,20,29,6,15,1,18,43,1,4.7,127.7,0.1,21.3,0.5,75,0.5,4.2,61.5,42.55,4.4,11.1,"2023-2024"
"BAY","ZAL","29_7","Regular Season","Edgaras  Ulanovas",30,4,2,6,33.3,0,3,0,0,0,NA,1,3,4,0,1,0,0,2,3,3,0,"A","L",58,31,30,4,15,9,1,10,9,20,29,6,15,1,18,43,58,31,30,4,15,9,1,10,9,20,29,6,15,1,18,43,0.44,7.7,51.9,-0.03,0,NA,22.2,0,-0.1,22.2,0,3.1,5.6,"2023-2024"
"BAY","ZAL","29_7","Regular Season","Lukas  Lekavicius",22,9,3,6,50,1,3,33.3,0,0,NA,1,0,1,3,0,1,0,0,3,2,6,"A","L",58,31,30,4,15,9,1,10,9,20,29,6,15,1,18,43,58,31,30,4,15,9,1,10,9,20,29,6,15,1,18,43,1,8.6,104.7,0.07,34.9,3,50,0,4.9,50,11.63,4.7,5.6,"2023-2024"
"BAY","ZAL","29_7","Regular Season","Kevarrius  Hayes",21,7,3,3,100,0,0,NA,1,2,50,5,4,9,0,1,2,1,0,3,1,13,"A","L",58,31,30,4,15,9,1,10,9,20,29,6,15,1,18,43,58,31,30,4,15,9,1,10,9,20,29,6,15,1,18,43,1.4,0.8,875,0.17,0,0,100,0.67,8.9,90.2,250,2.9,27.8,"2023-2024"
"BAY","ZAL","29_7","Regular Season","Edmond  Sumner",11,0,0,2,0,0,1,0,0,0,NA,0,1,1,0,1,3,0,0,2,0,-6,"A","L",58,31,30,4,15,9,1,10,9,20,29,6,15,1,18,43,58,31,30,4,15,9,1,10,9,20,29,6,15,1,18,43,0,5.8,0,-0.12,0,0,0,0,-4.6,0,51.72,5.6,0,"2023-2024"
"BAY","ZAL","29_7","Regular Season","Tomas  Dimsa",8,0,0,0,NA,0,1,0,0,0,NA,0,1,1,0,0,1,0,0,1,2,0,"A","L",58,31,30,4,15,9,1,10,9,20,29,6,15,1,18,43,58,31,30,4,15,9,1,10,9,20,29,6,15,1,18,43,0,1.9,0,-0.04,0,0,0,0,-1.8,0,52.63,2.6,0,"2023-2024"
"BAY","ZAL","29_7","Regular Season","Brady   Manek",24,11,1,1,100,3,9,33.3,0,0,NA,0,3,3,1,1,1,0,0,2,4,11,"A","L",58,31,30,4,15,9,1,10,9,20,29,6,15,1,18,43,58,31,30,4,15,9,1,10,9,20,29,6,15,1,18,43,1.1,10.6,103.8,0.13,9.4,1,55,0,6.4,55,9.43,4.7,0,"2023-2024"
"BAY","ZAL","29_7","Regular Season","Arnas  Butkevicius",19,0,0,0,NA,0,0,NA,0,0,NA,0,1,1,1,0,0,0,0,1,2,3,"A","L",58,31,30,4,15,9,1,10,9,20,29,6,15,1,18,43,58,31,30,4,15,9,1,10,9,20,29,6,15,1,18,43,NA,0,NA,0.02,Inf,Inf,NA,NA,0.6,NA,NA,0,0,"2023-2024"
"ZAL","BAY","29_7","Regular Season","Carsen  Edwards",22,10,1,6,16.7,2,5,40,2,2,100,1,1,2,0,1,1,0,1,2,3,4,"H","W",64,33,22,10,18,6,10,13,8,26,34,8,16,5,17,77,64,33,22,10,18,6,10,13,8,26,34,8,16,5,17,77,0.77,11.4,87.7,0.01,0,0,36.4,0.18,3.7,42.1,8.77,6.2,6.2,"2023-2024"
"ZAL","BAY","29_7","Regular Season","Leandro  Bolmaro",20,6,2,5,40,0,2,0,2,2,100,1,4,5,3,0,1,1,0,3,2,8,"H","W",64,33,22,10,18,6,10,13,8,26,34,8,16,5,17,77,64,33,22,10,18,6,10,13,8,26,34,8,16,5,17,77,0.67,7.6,78.9,0.05,39.5,3,28.6,0.29,4.4,38.1,13.16,4.7,6.2,"2023-2024"
"ZAL","BAY","29_7","Regular Season","Vladimir  Lucic",25,4,1,1,100,0,1,0,2,2,100,0,1,1,0,0,2,1,0,1,2,4,"H","W",64,33,22,10,18,6,10,13,8,26,34,8,16,5,17,77,64,33,22,10,18,6,10,13,8,26,34,8,16,5,17,77,1,4.7,85.1,0.01,0,0,50,1,1.6,69.4,42.55,2.1,0,"2023-2024"
"ZAL","BAY","29_7","Regular Season","Serge  Ibaka",19,4,2,3,66.7,0,0,NA,0,0,NA,2,4,6,2,0,3,2,0,4,1,7,"H","W",64,33,22,10,18,6,10,13,8,26,34,8,16,5,17,77,64,33,22,10,18,6,10,13,8,26,34,8,16,5,17,77,1.33,3.8,105.3,0.04,52.6,0.7,66.7,0,3.5,66.7,78.95,3.4,12.5,"2023-2024"
"ZAL","BAY","29_7","Regular Season","Devin   Booker",26,20,5,9,55.6,2,3,66.7,4,4,100,1,5,6,1,1,3,0,0,1,3,22,"H","W",64,33,22,10,18,6,10,13,8,26,34,8,16,5,17,77,64,33,22,10,18,6,10,13,8,26,34,8,16,5,17,77,1.25,15.1,132.5,0.17,6.6,0.3,66.7,0.33,14.9,72.7,19.87,6.8,6.2,"2023-2024"
"ZAL","BAY","29_7","Regular Season","Nick  Weiler-Babb",27,10,2,2,100,2,4,50,0,0,NA,0,4,4,3,3,2,0,0,1,3,18,"H","W",64,33,22,10,18,6,10,13,8,26,34,8,16,5,17,77,64,33,22,10,18,6,10,13,8,26,34,8,16,5,17,77,1.67,7.7,129.9,0.14,39,1.5,83.3,0,11.3,83.3,25.97,3.1,0,"2023-2024"
"ZAL","BAY","29_7","Regular Season","Sylvain  Francisco",10,0,0,1,0,0,5,0,0,0,NA,1,0,1,1,1,1,0,0,1,2,-3,"H","W",64,33,22,10,18,6,10,13,8,26,34,8,16,5,17,77,64,33,22,10,18,6,10,13,8,26,34,8,16,5,17,77,0,5.8,0,-0.05,17.2,1,0,0,-3.2,0,17.24,7.4,6.2,"2023-2024"
"ZAL","BAY","29_7","Regular Season","Niels  Giffey",12,4,2,2,100,0,1,0,0,0,NA,0,1,1,0,0,0,0,0,1,0,3,"H","W",64,33,22,10,18,6,10,13,8,26,34,8,16,5,17,77,64,33,22,10,18,6,10,13,8,26,34,8,16,5,17,77,1.33,2.9,137.9,0.03,0,NA,66.7,0,2.6,66.7,0,2.7,0,"2023-2024"
"ZAL","BAY","29_7","Regular Season","Isaac  Bonga",19,0,0,0,NA,0,1,0,0,0,NA,0,3,3,1,0,2,0,0,2,1,0,"H","W",64,33,22,10,18,6,10,13,8,26,34,8,16,5,17,77,64,33,22,10,18,6,10,13,8,26,34,8,16,5,17,77,0,2.9,0,-0.01,34.5,0.5,0,0,-1.9,0,68.97,1.7,0,"2023-2024"
"ZAL","BAY","29_7","Regular Season","Danko   Brankovic",18,6,3,4,75,0,0,NA,0,0,NA,2,3,5,2,2,1,1,0,1,1,14,"H","W",64,33,22,10,18,6,10,13,8,26,34,8,16,5,17,77,64,33,22,10,18,6,10,13,8,26,34,8,16,5,17,77,1.5,2.9,206.9,0.11,69,2,75,0,9.4,75,34.48,2.9,12.5,"2023-2024"
"EFE","VIL","29_8","Regular Season","Deshaun  Thomas",32,20,6,6,100,2,3,66.7,2,3,66.7,1,3,4,3,1,1,1,0,1,2,27,"H","W",84,44,19,9,26,8,8,22,7,28,35,1,13,5,18,98,84,44,19,9,26,8,8,22,7,28,35,1,13,5,18,98,1.67,9.9,202,0.15,30.3,3,100,0.33,20.5,96.9,10.1,3.5,7.1,"2023-2024"
"EFE","VIL","29_8","Regular Season","Edwin  Jackson",15,5,1,2,50,1,2,50,0,0,NA,0,2,2,1,0,1,0,0,1,1,5,"H","W",84,44,19,9,26,8,8,22,7,28,35,1,13,5,18,98,84,44,19,9,26,8,8,22,7,28,35,1,13,5,18,98,1.25,4.8,104.2,0.03,20.8,1,62.5,0,2.9,62.5,20.83,3.3,0,"2023-2024"
"EFE","VIL","29_8","Regular Season","Youssoupha  Fall",20,10,4,9,44.4,0,0,NA,2,2,100,1,3,4,0,0,0,2,0,1,2,12,"H","W",84,44,19,9,26,8,8,22,7,28,35,1,13,5,18,98,84,44,19,9,26,8,8,22,7,28,35,1,13,5,18,98,0.91,8.5,117.6,0.05,0,NA,44.4,0.22,7.9,50.6,0,4.9,7.1,"2023-2024"
"EFE","VIL","29_8","Regular Season","David  Lighty",13,5,1,1,100,1,1,100,0,0,NA,1,4,5,1,0,1,0,0,2,0,8,"H","W",84,44,19,9,26,8,8,22,7,28,35,1,13,5,18,98,84,44,19,9,26,8,8,22,7,28,35,1,13,5,18,98,2.5,1.9,263.2,0.05,52.6,1,125,0,5.2,125,52.63,2.3,7.1,"2023-2024"
"EFE","VIL","29_8","Regular Season","Noam  Yaacov",18,4,2,4,50,0,3,0,0,0,NA,0,3,3,6,0,2,0,1,3,0,2,"H","W",84,44,19,9,26,8,8,22,7,28,35,1,13,5,18,98,84,44,19,9,26,8,8,22,7,28,35,1,13,5,18,98,0.57,8.6,46.5,0.02,69.8,3,28.6,0,1.8,28.6,23.26,5,0,"2023-2024"
"EFE","VIL","29_8","Regular Season","Paris  Lee",22,6,1,5,20,1,3,33.3,1,1,100,0,1,1,0,0,1,0,0,2,2,0,"H","W",84,44,19,9,26,8,8,22,7,28,35,1,13,5,18,98,84,44,19,9,26,8,8,22,7,28,35,1,13,5,18,98,0.67,9.1,65.9,-0.01,0,0,31.2,0.12,-0.3,35.5,10.99,4.3,0,"2023-2024"
"EFE","VIL","29_8","Regular Season","Charles Lombahe Kahudi",8,0,0,1,0,0,0,NA,0,0,NA,0,1,1,0,0,0,0,0,1,0,-1,"H","W",84,44,19,9,26,8,8,22,7,28,35,1,13,5,18,98,84,44,19,9,26,8,8,22,7,28,35,1,13,5,18,98,0,1,0,-0.01,0,NA,0,0,-0.8,0,0,1.3,0,"2023-2024"
"EFE","VIL","29_8","Regular Season","Timothe  Luwawu-Cabarrot",25,21,6,6,100,2,3,66.7,3,3,100,1,5,6,1,0,4,0,0,4,4,23,"H","W",84,44,19,9,26,8,8,22,7,28,35,1,13,5,18,98,84,44,19,9,26,8,8,22,7,28,35,1,13,5,18,98,1.75,12.8,164.1,0.12,7.8,0.2,100,0.33,15.2,101.7,31.25,5.7,7.1,"2023-2024"
"EFE","VIL","29_8","Regular Season","Nando  de Colo",25,5,1,3,33.3,1,4,25,0,0,NA,0,4,4,9,0,2,0,1,1,3,12,"H","W",84,44,19,9,26,8,8,22,7,28,35,1,13,5,18,98,84,44,19,9,26,8,8,22,7,28,35,1,13,5,18,98,0.71,8.6,58.1,0.06,104.7,4.5,35.7,0,6,35.7,23.26,3.6,0,"2023-2024"
"EFE","VIL","29_8","Regular Season","Mbaye  Ndiaye",21,8,4,7,57.1,0,0,NA,0,0,NA,3,2,5,1,0,1,2,0,2,0,10,"H","W",84,44,19,9,26,8,8,22,7,28,35,1,13,5,18,98,84,44,19,9,26,8,8,22,7,28,35,1,13,5,18,98,1.14,4.8,166.7,0.05,20.8,1,57.1,0,7.7,57.1,20.83,3.8,21.4,"2023-2024"
"VIL","EFE","29_8","Regular Season","Shane  Larkin",30,14,4,5,80,0,5,0,6,6,100,0,2,2,4,1,0,0,0,0,4,19,"A","L",80,41,23,15,20,9,13,16,6,16,22,10,7,2,14,85,80,41,23,15,20,9,13,16,6,16,22,10,7,2,14,85,0.88,12.1,115.7,0.11,33.1,Inf,40,0.6,13,55.4,0,4.3,0,"2023-2024"
"VIL","EFE","29_8","Regular Season","Will  Clyburn",36,16,5,13,38.5,2,4,50,0,0,NA,1,4,5,1,2,0,0,0,1,3,16,"A","L",80,41,23,15,20,9,13,16,6,16,22,10,7,2,14,85,80,41,23,15,20,9,13,16,6,16,22,10,7,2,14,85,0.94,15.4,103.9,0.09,6.5,Inf,47.1,0,11.1,47.1,0,4.9,8.3,"2023-2024"
"VIL","EFE","29_8","Regular Season","Tibor  Pleiss",13,5,1,3,33.3,1,4,25,0,0,NA,0,2,2,1,0,1,1,0,1,0,2,"A","L",80,41,23,15,20,9,13,16,6,16,22,10,7,2,14,85,80,41,23,15,20,9,13,16,6,16,22,10,7,2,14,85,0.71,7.7,64.9,0.01,13,1,35.7,0,1.5,35.7,12.99,6.3,0,"2023-2024"
"VIL","EFE","29_8","Regular Season","Justus  Hollatz",8,0,0,0,NA,0,0,NA,0,0,NA,0,0,0,0,1,0,0,0,1,0,0,"A","L",80,41,23,15,20,9,13,16,6,16,22,10,7,2,14,85,80,41,23,15,20,9,13,16,6,16,22,10,7,2,14,85,NA,0,NA,0,NA,NA,NA,NA,0.6,NA,NA,0,0,"2023-2024"
"VIL","EFE","29_8","Regular Season","Ercan  Osmani",11,2,1,1,100,0,0,NA,0,0,NA,0,2,2,1,1,0,0,0,1,1,6,"A","L",80,41,23,15,20,9,13,16,6,16,22,10,7,2,14,85,80,41,23,15,20,9,13,16,6,16,22,10,7,2,14,85,2,1,200,0.04,100,Inf,100,0,3.6,100,0,0.9,0,"2023-2024"
"VIL","EFE","29_8","Regular Season","Rodrigue  Beaubois",23,9,0,0,NA,3,5,60,0,0,NA,0,0,0,3,2,1,0,0,2,1,10,"A","L",80,41,23,15,20,9,13,16,6,16,22,10,7,2,14,85,80,41,23,15,20,9,13,16,6,16,22,10,7,2,14,85,1.8,5.8,155.2,0.07,51.7,3,90,0,9,90,17.24,2.7,0,"2023-2024"
"VIL","EFE","29_8","Regular Season","Elijah  Bryant",13,0,0,1,0,0,1,0,0,0,NA,0,2,2,3,0,1,0,1,2,4,3,"A","L",80,41,23,15,20,9,13,16,6,16,22,10,7,2,14,85,80,41,23,15,20,9,13,16,6,16,22,10,7,2,14,85,0,2.9,0,0,103.4,3,0,0,-0.5,0,34.48,2.4,0,"2023-2024"
"VIL","EFE","29_8","Regular Season","Darius  Thompson",26,15,2,8,25,2,2,100,5,5,100,0,0,0,1,2,0,1,2,2,2,11,"A","L",80,41,23,15,20,9,13,16,6,16,22,10,7,2,14,85,80,41,23,15,20,9,13,16,6,16,22,10,7,2,14,85,1,11.7,128.2,0.08,8.5,Inf,50,0.5,12.2,61.5,0,4.8,0,"2023-2024"
"VIL","EFE","29_8","Regular Season","Daniel  Oturu",4,2,1,2,50,0,0,NA,0,0,NA,1,1,2,0,0,1,0,1,1,0,0,"A","L",80,41,23,15,20,9,13,16,6,16,22,10,7,2,14,85,80,41,23,15,20,9,13,16,6,16,22,10,7,2,14,85,1,1.9,105.3,0,0,0,50,0,0.6,50,52.63,7.7,8.3,"2023-2024"
"VIL","EFE","29_8","Regular Season","Derek  Willis",14,3,0,0,NA,1,2,50,0,0,NA,0,2,2,0,1,1,0,0,1,1,4,"A","L",80,41,23,15,20,9,13,16,6,16,22,10,7,2,14,85,80,41,23,15,20,9,13,16,6,16,22,10,7,2,14,85,1.5,2.9,103.4,0.02,0,0,75,0,2.2,75,34.48,2.2,0,"2023-2024"
"VIL","EFE","29_8","Regular Season","Tyrique  Jones",21,14,6,8,75,0,0,NA,2,4,50,4,1,5,2,0,2,0,1,2,2,14,"A","L",80,41,23,15,20,9,13,16,6,16,22,10,7,2,14,85,80,41,23,15,20,9,13,16,6,16,22,10,7,2,14,85,1.17,7.4,189.2,0.08,27,1,75,0.5,11.7,71.7,27.03,5.8,33.3,"2023-2024"
"BOL","RMB","29_9","Regular Season","Alberto   Abalde",17,7,1,1,100,1,3,33.3,2,2,100,1,0,1,0,0,0,0,0,1,1,6,"A","W",89,33,30,14,21,11,14,19,13,23,36,4,9,0,20,105,89,33,30,14,21,11,14,19,13,23,36,4,9,0,20,105,1.17,3.7,189.2,0.03,0,NA,62.5,0.5,5.3,71.7,0,2.9,3.8,"2023-2024"
"BOL","RMB","29_9","Regular Season","Facundo  Campazzo",25,10,4,5,80,0,4,0,2,2,100,0,2,2,4,0,2,0,0,3,4,10,"A","W",89,33,30,14,21,11,14,19,13,23,36,4,9,0,20,105,89,33,30,14,21,11,14,19,13,23,36,4,9,0,20,105,0.91,11.4,87.7,0.04,35.1,2,44.4,0.22,5.5,50.6,17.54,4.9,0,"2023-2024"
"BOL","RMB","29_9","Regular Season","Walter  Tavares",25,6,2,3,66.7,0,0,NA,2,2,100,2,4,6,3,0,1,0,0,2,2,13,"A","W",89,33,30,14,21,11,14,19,13,23,36,4,9,0,20,105,89,33,30,14,21,11,14,19,13,23,36,4,9,0,20,105,1.2,2.8,214.3,0.06,107.1,3,66.7,0.67,7.6,77.3,35.71,2,7.7,"2023-2024"
"BOL","RMB","29_9","Regular Season","Guerschon  Yabusele",26,15,3,4,75,3,3,100,0,0,NA,2,5,7,1,2,1,0,0,0,0,23,"A","W",89,33,30,14,21,11,14,19,13,23,36,4,9,0,20,105,89,33,30,14,21,11,14,19,13,23,36,4,9,0,20,105,2.14,5.8,258.6,0.13,17.2,1,107.1,0,17.1,107.1,17.24,3.1,7.7,"2023-2024"
"BOL","RMB","29_9","Regular Season","Dzanan  Musa",20,10,1,4,25,2,4,50,2,2,100,0,2,2,3,1,0,0,0,2,3,12,"A","W",89,33,30,14,21,11,14,19,13,23,36,4,9,0,20,105,89,33,30,14,21,11,14,19,13,23,36,4,9,0,20,105,1,8.5,117.6,0.06,35.3,Inf,50,0.25,8.5,56.3,0,4.5,0,"2023-2024"
"BOL","RMB","29_9","Regular Season","Mario  Hezonja",19,10,1,4,25,2,5,40,2,2,100,1,0,1,1,1,3,0,1,3,1,1,"A","W",89,33,30,14,21,11,14,19,13,23,36,4,9,0,20,105,89,33,30,14,21,11,14,19,13,23,36,4,9,0,20,105,0.91,11.4,87.7,0,8.8,0.3,44.4,0.22,3.1,50.6,26.32,6.9,3.8,"2023-2024"
"BOL","RMB","29_9","Regular Season","Carlos  Alocen",12,2,1,2,50,0,2,0,0,0,NA,1,1,2,2,0,0,0,0,1,2,4,"A","W",89,33,30,14,21,11,14,19,13,23,36,4,9,0,20,105,89,33,30,14,21,11,14,19,13,23,36,4,9,0,20,105,0.5,2.9,69,0.01,69,Inf,25,0,1.6,25,0,3.4,3.8,"2023-2024"
"BOL","RMB","29_9","Regular Season","Gabriel  Deck",22,7,2,2,100,1,3,33.3,0,0,NA,1,5,6,2,0,1,0,0,4,0,8,"A","W",89,33,30,14,21,11,14,19,13,23,36,4,9,0,20,105,89,33,30,14,21,11,14,19,13,23,36,4,9,0,20,105,1.4,4.8,145.8,0.05,41.7,2,70,0,5.7,70,20.83,2.8,3.8,"2023-2024"
"BOL","RMB","29_9","Regular Season","Vincent  Poirier",14,14,5,6,83.3,0,0,NA,4,4,100,5,3,8,1,0,0,0,0,2,4,24,"A","W",89,33,30,14,21,11,14,19,13,23,36,4,9,0,20,105,89,33,30,14,21,11,14,19,13,23,36,4,9,0,20,105,1.4,2.6,538.5,0.11,38.5,Inf,83.3,0.67,16.1,90.2,0,5.7,19.2,"2023-2024"
"BOL","RMB","29_9","Regular Season","Sergio  Llull",19,8,1,2,50,2,6,33.3,0,0,NA,0,1,1,2,0,1,0,0,2,1,4,"A","W",89,33,30,14,21,11,14,19,13,23,36,4,9,0,20,105,89,33,30,14,21,11,14,19,13,23,36,4,9,0,20,105,1,8.6,93,0.02,23.3,2,50,0,3.5,50,11.63,4.8,0,"2023-2024"
"RMB","BOL","29_9","Regular Season","Isaia  Cordinier",27,12,5,8,62.5,0,3,0,2,2,100,2,6,8,1,1,1,0,0,3,4,16,"H","L",74,48,19,7,28,4,6,15,10,16,26,4,5,1,19,79,74,48,19,7,28,4,6,15,10,16,26,4,5,1,19,79,0.92,10.4,115.4,0.1,9.6,1,45.5,0.18,9,50.5,9.62,5.1,10,"2023-2024"
"RMB","BOL","29_9","Regular Season","Marco  Belinelli",22,9,2,5,40,1,4,25,2,2,100,0,0,0,5,0,0,0,0,2,2,8,"H","L",74,48,19,7,28,4,6,15,10,16,26,4,5,1,19,79,74,48,19,7,28,4,6,15,10,16,26,4,5,1,19,79,0.82,9.5,94.7,0.06,52.6,Inf,38.9,0.22,6.6,45.5,0,4.8,0,"2023-2024"
"RMB","BOL","29_9","Regular Season","Alessandro  Pajola",23,4,2,2,100,0,0,NA,0,0,NA,0,1,1,2,0,1,0,0,4,3,5,"H","L",74,48,19,7,28,4,6,15,10,16,26,4,5,1,19,79,74,48,19,7,28,4,6,15,10,16,26,4,5,1,19,79,2,2.9,137.9,0.02,69,2,100,0,2.5,100,34.48,1.4,0,"2023-2024"
"RMB","BOL","29_9","Regular Season","Tornike  Shengelia",24,10,5,9,55.6,0,3,0,0,0,NA,2,2,4,1,2,1,0,0,1,0,8,"H","L",74,48,19,7,28,4,6,15,10,16,26,4,5,1,19,79,74,48,19,7,28,4,6,15,10,16,26,4,5,1,19,79,0.83,10.6,94.3,0.06,9.4,1,41.7,0,6.9,41.7,9.43,5.8,10,"2023-2024"
"RMB","BOL","29_9","Regular Season","Ante  Zizic",20,8,4,5,80,0,0,NA,0,0,NA,1,2,3,1,1,0,0,0,1,0,11,"H","L",74,48,19,7,28,4,6,15,10,16,26,4,5,1,19,79,74,48,19,7,28,4,6,15,10,16,26,4,5,1,19,79,1.6,3.8,210.5,0.1,26.3,Inf,80,0,8.7,80,0,2.7,5,"2023-2024"
"RMB","BOL","29_9","Regular Season","Gabriel  Lundberg",22,11,4,7,57.1,1,5,20,0,0,NA,1,1,2,3,0,1,0,0,1,3,10,"H","L",74,48,19,7,28,4,6,15,10,16,26,4,5,1,19,79,74,48,19,7,28,4,6,15,10,16,26,4,5,1,19,79,0.92,11.5,95.7,0.06,26.1,3,45.8,0,6.3,45.8,8.7,6.3,5,"2023-2024"
"RMB","BOL","29_9","Regular Season","Ognjen  Dobric",16,5,1,4,25,1,1,100,0,0,NA,0,1,1,0,0,0,0,0,0,1,4,"H","L",74,48,19,7,28,4,6,15,10,16,26,4,5,1,19,79,74,48,19,7,28,4,6,15,10,16,26,4,5,1,19,79,1,4.8,104.2,0.03,0,NA,50,0,2.6,50,0,3.3,0,"2023-2024"
"RMB","BOL","29_9","Regular Season","Rihards  Lomazs",5,0,0,0,NA,0,0,NA,0,0,NA,0,0,0,0,0,0,0,0,1,2,1,"H","L",74,48,19,7,28,4,6,15,10,16,26,4,5,1,19,79,74,48,19,7,28,4,6,15,10,16,26,4,5,1,19,79,NA,0,NA,-0.01,NA,NA,NA,NA,-0.4,NA,NA,0,0,"2023-2024"
"RMB","BOL","29_9","Regular Season","Jordan  Mickey",19,11,3,5,60,1,2,50,2,3,66.7,2,0,2,1,0,0,0,0,3,3,10,"H","L",74,48,19,7,28,4,6,15,10,16,26,4,5,1,19,79,74,48,19,7,28,4,6,15,10,16,26,4,5,1,19,79,1.1,6.1,180.3,0.06,16.4,Inf,64.3,0.43,8.2,66.1,0,4.7,10,"2023-2024"
"RMB","BOL","29_9","Regular Season","Achille  Polonara",8,0,0,0,NA,0,0,NA,0,0,NA,0,0,0,0,0,0,0,0,1,1,0,"H","L",74,48,19,7,28,4,6,15,10,16,26,4,5,1,19,79,74,48,19,7,28,4,6,15,10,16,26,4,5,1,19,79,NA,0,NA,-0.01,NA,NA,NA,NA,-0.4,NA,NA,0,0,"2023-2024"
"RMB","BOL","29_9","Regular Season","Bryant  Dunston",7,4,2,3,66.7,0,0,NA,0,0,NA,1,3,4,1,0,1,1,0,2,0,6,"H","L",74,48,19,7,28,4,6,15,10,16,26,4,5,1,19,79,74,48,19,7,28,4,6,15,10,16,26,4,5,1,19,79,1.33,2.9,137.9,0.05,34.5,1,66.7,0,3.9,66.7,34.48,6.1,5,"2023-2024"
"RMB","BOL","29_9","Regular Season","Awudu  Abass",6,0,0,0,NA,0,1,0,0,0,NA,1,0,1,0,0,0,0,0,0,0,0,"H","L",74,48,19,7,28,4,6,15,10,16,26,4,5,1,19,79,74,48,19,7,28,4,6,15,10,16,26,4,5,1,19,79,0,0,NA,0,NA,NA,0,0,0,0,NA,1.8,5,"2023-2024"
"BER","RMB","30_1","Regular Season","Fabien  Causeur",16,5,1,2,50,1,3,33.3,0,0,NA,0,2,2,0,1,0,0,0,0,0,5,"A","W",86,40,24,25,24,6,20,15,11,29,40,6,13,3,17,101,86,40,24,25,24,6,20,15,11,29,40,6,13,3,17,101,1,4.8,104.2,0.03,0,NA,50,0,3.9,50,0,2.8,0,"2023-2024"
"BER","RMB","30_1","Regular Season","Facundo  Campazzo",25,14,2,4,50,2,8,25,4,6,66.7,1,0,1,6,3,5,0,1,3,7,12,"A","W",86,40,24,25,24,6,20,15,11,29,40,6,13,3,17,101,86,40,24,25,24,6,20,15,11,29,40,6,13,3,17,101,0.78,17.9,78.2,0.04,33.5,1.2,41.7,0.5,8.1,47.8,27.93,7.1,4.5,"2023-2024"
"BER","RMB","30_1","Regular Season","Mario  Hezonja",27,22,5,6,83.3,2,5,40,6,6,100,1,7,8,1,0,1,0,0,1,3,28,"A","W",86,40,24,25,24,6,20,15,11,29,40,6,13,3,17,101,86,40,24,25,24,6,20,15,11,29,40,6,13,3,17,101,1.29,13.1,167.9,0.17,7.6,1,72.7,0.55,19.2,80.6,7.63,4.9,4.5,"2023-2024"
"BER","RMB","30_1","Regular Season","Walter  Tavares",23,2,1,4,25,0,0,NA,0,2,0,2,3,5,2,0,0,1,1,2,3,5,"A","W",86,40,24,25,24,6,20,15,11,29,40,6,13,3,17,101,86,40,24,25,24,6,20,15,11,29,40,6,13,3,17,101,0.33,2.8,71.4,0.01,71.4,Inf,25,0.5,2.4,20.5,0,1.9,9.1,"2023-2024"
"BER","RMB","30_1","Regular Season","Eli  Ndiaye",11,0,0,2,0,0,2,0,0,0,NA,1,2,3,0,0,1,0,1,4,1,-6,"A","W",86,40,24,25,24,6,20,15,11,29,40,6,13,3,17,101,86,40,24,25,24,6,20,15,11,29,40,6,13,3,17,101,0,3.8,0,-0.04,0,0,0,0,-4.1,0,26.32,4.1,4.5,"2023-2024"
"BER","RMB","30_1","Regular Season","Alberto   Abalde",22,9,2,2,100,1,2,50,2,2,100,0,7,7,1,0,0,0,0,0,1,17,"A","W",86,40,24,25,24,6,20,15,11,29,40,6,13,3,17,101,86,40,24,25,24,6,20,15,11,29,40,6,13,3,17,101,1.5,4.7,191.5,0.11,21.3,Inf,87.5,0.5,10.2,92.2,0,2,0,"2023-2024"
"BER","RMB","30_1","Regular Season","Carlos  Alocen",15,4,2,5,40,0,0,NA,0,0,NA,0,3,3,4,0,3,1,1,2,2,5,"A","W",86,40,24,25,24,6,20,15,11,29,40,6,13,3,17,101,86,40,24,25,24,6,20,15,11,29,40,6,13,3,17,101,0.8,7.7,51.9,0.02,51.9,1.3,40,0,1.9,40,38.96,4.8,0,"2023-2024"
"BER","RMB","30_1","Regular Season","Gabriel  Deck",16,4,2,3,66.7,0,1,0,0,0,NA,2,1,3,1,0,2,0,0,3,2,3,"A","W",86,40,24,25,24,6,20,15,11,29,40,6,13,3,17,101,86,40,24,25,24,6,20,15,11,29,40,6,13,3,17,101,1,3.8,105.3,0,26.3,0.5,50,0,1.2,50,52.63,3.4,9.1,"2023-2024"
"BER","RMB","30_1","Regular Season","Vincent  Poirier",16,9,3,5,60,0,1,0,3,4,75,2,2,4,0,1,1,0,0,1,2,10,"A","W",86,40,24,25,24,6,20,15,11,29,40,6,13,3,17,101,86,40,24,25,24,6,20,15,11,29,40,6,13,3,17,101,0.9,6.5,138.5,0.05,0,0,50,0.67,7.2,58,15.38,5,9.1,"2023-2024"
"BER","RMB","30_1","Regular Season","Guerschon  Yabusele",29,17,6,7,85.7,0,2,0,5,5,100,2,2,4,0,1,0,1,0,1,3,22,"A","W",86,40,24,25,24,6,20,15,11,29,40,6,13,3,17,101,86,40,24,25,24,6,20,15,11,29,40,6,13,3,17,101,1.21,8.8,193.2,0.12,0,NA,66.7,0.56,16.4,75.9,0,3.5,9.1,"2023-2024"
"RMB","BER","30_1","Regular Season","Martin  Hermannsson",24,13,2,3,66.7,2,2,100,3,3,100,0,1,1,5,0,3,1,0,3,2,15,"H","L",79,33,32,9,16,13,8,17,3,17,20,7,10,4,24,70,79,33,32,9,16,13,8,17,3,17,20,7,10,4,24,70,1.62,8.9,146.1,0.12,56.2,1.7,100,0.6,11.4,102.8,33.71,3.9,0,"2023-2024"
"RMB","BER","30_1","Regular Season","Matt  Thomas",26,16,2,4,50,4,7,57.1,0,0,NA,0,3,3,3,0,0,0,0,0,0,17,"H","L",79,33,32,9,16,13,8,17,3,17,20,7,10,4,24,70,79,33,32,9,16,13,8,17,3,17,20,7,10,4,24,70,1.45,10.6,150.9,0.16,28.3,Inf,72.7,0,13.7,72.7,0,4.3,0,"2023-2024"
"RMB","BER","30_1","Regular Season","Louis  Olinde",22,11,1,2,50,3,5,60,0,0,NA,1,0,1,0,5,0,0,0,3,3,14,"H","L",79,33,32,9,16,13,8,17,3,17,20,7,10,4,24,70,79,33,32,9,16,13,8,17,3,17,20,7,10,4,24,70,1.57,5.8,189.7,0.1,0,NA,78.6,0,12.2,78.6,0,3.2,16.7,"2023-2024"
"RMB","BER","30_1","Regular Season","Christ  Koumadje",27,4,2,4,50,0,0,NA,0,0,NA,1,5,6,0,1,1,3,0,2,2,11,"H","L",79,33,32,9,16,13,8,17,3,17,20,7,10,4,24,70,79,33,32,9,16,13,8,17,3,17,20,7,10,4,24,70,1,3.8,105.3,0.07,0,0,50,0,5.5,50,26.32,1.9,16.7,"2023-2024"
"RMB","BER","30_1","Regular Season","Johannes  Thiemann",27,14,5,9,55.6,1,3,33.3,1,1,100,0,4,4,3,0,2,0,0,4,6,15,"H","L",79,33,32,9,16,13,8,17,3,17,20,7,10,4,24,70,79,33,32,9,16,13,8,17,3,17,20,7,10,4,24,70,1.08,13.9,100.7,0.09,21.6,1.5,54.2,0.08,7.7,56.3,14.39,5.4,0,"2023-2024"
"RMB","BER","30_1","Regular Season","Sterling  Brown",23,8,2,3,66.7,1,6,16.7,1,1,100,1,1,2,3,0,2,0,0,5,2,2,"H","L",79,33,32,9,16,13,8,17,3,17,20,7,10,4,24,70,79,33,32,9,16,13,8,17,3,17,20,7,10,4,24,70,0.8,10,80,0,30,1.5,38.9,0.11,2,42.4,20,5,16.7,"2023-2024"
"RMB","BER","30_1","Regular Season","Ziga  Samar",4,2,1,1,100,0,0,NA,0,0,NA,0,0,0,0,1,1,0,0,0,0,2,"H","L",79,33,32,9,16,13,8,17,3,17,20,7,10,4,24,70,79,33,32,9,16,13,8,17,3,17,20,7,10,4,24,70,2,1.9,105.3,0.02,0,0,100,0,1.7,100,52.63,5.1,0,"2023-2024"
"RMB","BER","30_1","Regular Season","Yannick  Wetzell",11,3,0,4,0,0,1,0,3,4,75,0,0,0,0,0,0,0,1,2,2,-4,"H","L",79,33,32,9,16,13,8,17,3,17,20,7,10,4,24,70,79,33,32,9,16,13,8,17,3,17,20,7,10,4,24,70,0.33,6.5,46.2,-0.05,0,NA,0,0.8,-1.7,22.2,0,6.2,0,"2023-2024"
"RMB","BER","30_1","Regular Season","Malte  Delow",12,3,0,2,0,1,3,33.3,0,0,NA,0,0,0,3,0,1,0,1,3,0,-3,"H","L",79,33,32,9,16,13,8,17,3,17,20,7,10,4,24,70,79,33,32,9,16,13,8,17,3,17,20,7,10,4,24,70,0.6,5.8,51.7,-0.02,51.7,3,30,0,-0.2,30,17.24,5.1,0,"2023-2024"
"RMB","BER","30_1","Regular Season","Jonas  Mattisseck",9,3,0,0,NA,1,1,100,0,0,NA,0,0,0,0,0,0,0,0,2,0,1,"H","L",79,33,32,9,16,13,8,17,3,17,20,7,10,4,24,70,79,33,32,9,16,13,8,17,3,17,20,7,10,4,24,70,3,1,300,0.01,0,NA,150,0,1.9,150,0,1.1,0,"2023-2024"
"RMB","BER","30_1","Regular Season","Tim  Schneider",15,2,1,1,100,0,4,0,0,0,NA,0,3,3,0,0,0,0,1,0,0,0,"H","L",79,33,32,9,16,13,8,17,3,17,20,7,10,4,24,70,79,33,32,9,16,13,8,17,3,17,20,7,10,4,24,70,0.4,4.8,41.7,0.01,0,NA,20,0,-0.2,20,0,3.4,0,"2023-2024"
"EFE","OLY","30_2","Regular Season","Thomas  Walkup",27,2,0,1,0,0,4,0,2,2,100,0,1,1,10,4,1,0,0,0,1,12,"A","L",72,27,23,14,15,10,12,20,6,17,23,8,13,0,16,79,72,27,23,14,15,10,12,20,6,17,23,8,13,0,16,79,0.29,6.6,30.3,0.09,151.5,10,0,0.4,8.8,17,15.15,2.9,0,"2023-2024"
"EFE","OLY","30_2","Regular Season","Isaiah  Canaan",26,11,1,2,50,3,5,60,0,0,NA,0,3,3,1,1,1,0,1,2,0,9,"A","L",72,27,23,14,15,10,12,20,6,17,23,8,13,0,16,79,72,27,23,14,15,10,12,20,6,17,23,8,13,0,16,79,1.57,7.7,142.9,0.08,13,1,78.6,0,8.5,78.6,12.99,3.6,0,"2023-2024"
"EFE","OLY","30_2","Regular Season","Moustapha  Fall",26,14,6,6,100,0,0,NA,2,4,50,2,1,3,1,0,0,0,0,2,5,19,"A","L",72,27,23,14,15,10,12,20,6,17,23,8,13,0,16,79,72,27,23,14,15,10,12,20,6,17,23,8,13,0,16,79,1.4,5.5,254.5,0.1,18.2,Inf,100,0.67,13,90.2,0,3.5,16.7,"2023-2024"
"EFE","OLY","30_2","Regular Season","Ignas  Brazdeikis",4,0,0,1,0,0,2,0,0,0,NA,0,0,0,0,0,1,0,1,0,0,-5,"A","L",72,27,23,14,15,10,12,20,6,17,23,8,13,0,16,79,72,27,23,14,15,10,12,20,6,17,23,8,13,0,16,79,0,3.8,0,-0.03,0,0,0,0,-3.1,0,26.32,11.6,0,"2023-2024"
"EFE","OLY","30_2","Regular Season","Alec  Peters",30,19,2,6,33.3,3,4,75,6,6,100,1,4,5,1,0,2,0,1,4,5,18,"A","L",72,27,23,14,15,10,12,20,6,17,23,8,13,0,16,79,72,27,23,14,15,10,12,20,6,17,23,8,13,0,16,79,1.19,13.1,145,0.11,7.6,0.5,65,0.6,13,75.2,15.27,5.6,8.3,"2023-2024"
"EFE","OLY","30_2","Regular Season","Nigel  Williams-Goss",20,3,0,3,0,1,2,50,0,0,NA,0,1,1,0,1,1,0,0,0,1,1,"A","L",72,27,23,14,15,10,12,20,6,17,23,8,13,0,16,79,72,27,23,14,15,10,12,20,6,17,23,8,13,0,16,79,0.6,5.8,51.7,0,0,0,30,0,0.2,30,17.24,3.5,0,"2023-2024"
"EFE","OLY","30_2","Regular Season","Moses  Wright",14,6,3,3,100,0,0,NA,0,0,NA,0,0,0,0,1,4,0,0,1,0,2,"A","L",72,27,23,14,15,10,12,20,6,17,23,8,13,0,16,79,72,27,23,14,15,10,12,20,6,17,23,8,13,0,16,79,2,6.7,89.6,0.02,0,0,100,0,1.7,100,59.7,5.8,0,"2023-2024"
"EFE","OLY","30_2","Regular Season","Giannoulis  Larentzakis",7,3,0,0,NA,1,1,100,0,0,NA,1,1,2,1,0,0,0,0,0,1,7,"A","L",72,27,23,14,15,10,12,20,6,17,23,8,13,0,16,79,72,27,23,14,15,10,12,20,6,17,23,8,13,0,16,79,3,0,Inf,0.04,Inf,Inf,150,0,4.4,150,NA,1.7,8.3,"2023-2024"
"EFE","OLY","30_2","Regular Season","Kostas  Papanikolaou",28,12,3,4,75,2,5,40,0,0,NA,1,4,5,6,1,0,0,1,2,3,20,"A","L",72,27,23,14,15,10,12,20,6,17,23,8,13,0,16,79,72,27,23,14,15,10,12,20,6,17,23,8,13,0,16,79,1.33,7.7,155.8,0.14,77.9,Inf,66.7,0,14,66.7,0,3.7,8.3,"2023-2024"
"EFE","OLY","30_2","Regular Season","Filip  Petrusev",10,2,0,1,0,0,0,NA,2,2,100,1,2,3,0,0,1,0,1,1,1,2,"A","L",72,27,23,14,15,10,12,20,6,17,23,8,13,0,16,79,72,27,23,14,15,10,12,20,6,17,23,8,13,0,16,79,0.67,1.8,111.1,0.01,0,0,0,2,1.2,53.2,55.56,3.3,8.3,"2023-2024"
"EFE","OLY","30_2","Regular Season","Shaquielle  McKissic",7,0,0,0,NA,0,0,NA,0,0,NA,0,0,0,0,0,2,0,0,4,0,-6,"A","L",72,27,23,14,15,10,12,20,6,17,23,8,13,0,16,79,72,27,23,14,15,10,12,20,6,17,23,8,13,0,16,79,NA,1.9,0,-0.05,0,0,NA,NA,-3.6,NA,105.26,3.3,0,"2023-2024"
"OLY","EFE","30_2","Regular Season","Shane  Larkin",26,15,1,2,50,3,6,50,4,5,80,0,2,2,6,0,4,0,0,1,2,15,"H","W",85,28,27,12,17,14,9,19,6,15,21,7,12,5,17,97,85,28,27,12,17,14,9,19,6,15,21,7,12,5,17,97,1.15,13.6,110.3,0.09,44.1,1.5,68.8,0.62,11,73.5,29.41,6,0,"2023-2024"
"OLY","EFE","30_2","Regular Season","Will  Clyburn",25,14,3,6,50,2,4,50,2,2,100,0,2,2,1,1,3,1,0,0,3,14,"H","W",85,28,27,12,17,14,9,19,6,15,21,7,12,5,17,97,85,28,27,12,17,14,9,19,6,15,21,7,12,5,17,97,1.17,13.3,105.3,0.07,7.5,0.3,60,0.2,9,64.3,22.56,6.1,0,"2023-2024"
"OLY","EFE","30_2","Regular Season","Tibor  Pleiss",16,9,0,1,0,3,5,60,0,0,NA,1,1,2,2,1,1,1,0,2,1,10,"H","W",85,28,27,12,17,14,9,19,6,15,21,7,12,5,17,97,85,28,27,12,17,14,9,19,6,15,21,7,12,5,17,97,1.5,5.8,155.2,0.05,34.5,2,75,0,8.3,75,17.24,4.8,8.3,"2023-2024"
"OLY","EFE","30_2","Regular Season","Justus  Hollatz",12,0,0,0,NA,0,0,NA,0,0,NA,0,0,0,1,0,0,0,0,2,0,-1,"H","W",85,28,27,12,17,14,9,19,6,15,21,7,12,5,17,97,85,28,27,12,17,14,9,19,6,15,21,7,12,5,17,97,NA,0,NA,-0.01,Inf,Inf,NA,NA,-0.1,NA,NA,0,0,"2023-2024"
"OLY","EFE","30_2","Regular Season","Ercan  Osmani",14,5,1,1,100,1,1,100,0,0,NA,0,1,1,0,1,0,0,0,4,1,4,"H","W",85,28,27,12,17,14,9,19,6,15,21,7,12,5,17,97,85,28,27,12,17,14,9,19,6,15,21,7,12,5,17,97,2.5,1.9,263.2,0.02,0,NA,125,0,4.1,125,0,1.6,0,"2023-2024"
"OLY","EFE","30_2","Regular Season","Rodrigue  Beaubois",20,11,4,6,66.7,1,1,100,0,0,NA,0,2,2,2,1,0,1,0,1,2,16,"H","W",85,28,27,12,17,14,9,19,6,15,21,7,12,5,17,97,85,28,27,12,17,14,9,19,6,15,21,7,12,5,17,97,1.57,6.7,164.2,0.09,29.9,Inf,78.6,0,11.4,78.6,0,3.9,0,"2023-2024"
"OLY","EFE","30_2","Regular Season","Elijah  Bryant",22,10,4,4,100,0,1,0,2,3,66.7,2,2,4,2,2,1,0,0,1,3,17,"H","W",85,28,27,12,17,14,9,19,6,15,21,7,12,5,17,97,85,28,27,12,17,14,9,19,6,15,21,7,12,5,17,97,1.25,5.1,196.1,0.09,39.2,2,80,0.6,11.7,79.1,19.61,3.7,16.7,"2023-2024"
"OLY","EFE","30_2","Regular Season","Darius  Thompson",19,3,0,0,NA,1,5,20,0,0,NA,0,1,1,3,0,1,1,0,1,1,3,"H","W",85,28,27,12,17,14,9,19,6,15,21,7,12,5,17,97,85,28,27,12,17,14,9,19,6,15,21,7,12,5,17,97,0.6,5.8,51.7,0.01,51.7,3,30,0,1.6,30,17.24,3.5,0,"2023-2024"
"OLY","EFE","30_2","Regular Season","Daniel  Oturu",20,3,1,1,100,0,0,NA,1,2,50,2,3,5,1,0,2,1,0,3,1,5,"H","W",85,28,27,12,17,14,9,19,6,15,21,7,12,5,17,97,85,28,27,12,17,14,9,19,6,15,21,7,12,5,17,97,1,1.8,166.7,0.02,55.6,0.5,100,2,2.8,79.8,111.11,2.1,16.7,"2023-2024"
"OLY","EFE","30_2","Regular Season","Derek  Willis",20,13,2,4,50,3,4,75,0,0,NA,0,0,0,1,0,0,0,0,1,2,12,"H","W",85,28,27,12,17,14,9,19,6,15,21,7,12,5,17,97,85,28,27,12,17,14,9,19,6,15,21,7,12,5,17,97,1.62,7.7,168.8,0.07,13,Inf,81.2,0,9.7,81.2,0,4.4,0,"2023-2024"
"OLY","EFE","30_2","Regular Season","Tyrique  Jones",3,2,1,3,33.3,0,0,NA,0,0,NA,1,1,2,0,1,0,0,0,1,0,2,"H","W",85,28,27,12,17,14,9,19,6,15,21,7,12,5,17,97,85,28,27,12,17,14,9,19,6,15,21,7,12,5,17,97,0.67,1.9,105.3,0.01,0,NA,33.3,0,1.9,33.3,0,11.1,8.3,"2023-2024"
"MAC","VIL","30_3","Regular Season","Deshaun  Thomas",27,11,4,6,66.7,0,1,0,3,4,75,1,1,2,1,0,0,0,0,0,3,13,"A","L",90,36,25,18,24,9,15,21,7,22,29,4,12,1,21,95,90,36,25,18,24,9,15,21,7,22,29,4,12,1,21,95,1,7.4,148.6,0.06,13.5,Inf,57.1,0.57,9,62.8,0,3.2,7.1,"2023-2024"
"MAC","VIL","30_3","Regular Season","Paris  Lee",25,17,1,3,33.3,5,8,62.5,0,0,NA,0,0,0,4,0,2,0,1,1,0,12,"A","L",90,36,25,18,24,9,15,21,7,22,29,4,12,1,21,95,90,36,25,18,24,9,15,21,7,22,29,4,12,1,21,95,1.55,12.5,136,0.08,32,2,77.3,0,12.1,77.3,16,5.1,0,"2023-2024"
"MAC","VIL","30_3","Regular Season","Edwin  Jackson",16,2,1,1,100,0,4,0,0,0,NA,0,1,1,1,1,1,0,0,4,1,-3,"A","L",90,36,25,18,24,9,15,21,7,22,29,4,12,1,21,95,90,36,25,18,24,9,15,21,7,22,29,4,12,1,21,95,0.4,5.8,34.5,-0.03,17.2,1,20,0,-1.7,20,17.24,3.7,0,"2023-2024"
"MAC","VIL","30_3","Regular Season","Youssoupha  Fall",23,17,7,9,77.8,0,0,NA,3,3,100,4,8,12,1,0,2,1,0,1,5,31,"A","L",90,36,25,18,24,9,15,21,7,22,29,4,12,1,21,95,90,36,25,18,24,9,15,21,7,22,29,4,12,1,21,95,1.42,8,212.5,0.15,12.5,0.5,77.8,0.33,17.7,82.4,25,5.3,28.6,"2023-2024"
"MAC","VIL","30_3","Regular Season","David  Lighty",13,5,1,2,50,1,3,33.3,0,0,NA,1,0,1,0,0,1,0,0,3,0,-1,"A","L",90,36,25,18,24,9,15,21,7,22,29,4,12,1,21,95,90,36,25,18,24,9,15,21,7,22,29,4,12,1,21,95,1,4.8,104.2,-0.01,0,0,50,0,0.8,50,20.83,4.6,7.1,"2023-2024"
"MAC","VIL","30_3","Regular Season","Charles Lombahe Kahudi",6,0,0,0,NA,0,0,NA,0,0,NA,0,2,2,1,0,0,0,0,1,0,2,"A","L",90,36,25,18,24,9,15,21,7,22,29,4,12,1,21,95,90,36,25,18,24,9,15,21,7,22,29,4,12,1,21,95,NA,0,NA,0.01,Inf,Inf,NA,NA,0.9,NA,NA,0,0,"2023-2024"
"MAC","VIL","30_3","Regular Season","Joffrey  Lauvergne",16,8,3,3,100,0,0,NA,2,2,100,0,1,1,1,0,2,0,0,1,3,10,"A","L",90,36,25,18,24,9,15,21,7,22,29,4,12,1,21,95,90,36,25,18,24,9,15,21,7,22,29,4,12,1,21,95,1.6,5.6,142.9,0.05,17.9,0.5,100,0.67,5.7,103.1,35.71,3.6,0,"2023-2024"
"MAC","VIL","30_3","Regular Season","Timothe  Luwawu-Cabarrot",22,8,1,4,25,1,3,33.3,3,4,75,0,3,3,1,2,0,0,1,4,2,5,"A","L",90,36,25,18,24,9,15,21,7,22,29,4,12,1,21,95,90,36,25,18,24,9,15,21,7,22,29,4,12,1,21,95,0.73,8.4,95.2,0.03,11.9,Inf,35.7,0.57,5.5,45.7,0,3.9,0,"2023-2024"
"MAC","VIL","30_3","Regular Season","Nando  de Colo",24,18,4,5,80,2,5,40,4,5,80,0,1,1,5,0,1,0,1,1,2,18,"A","L",90,36,25,18,24,9,15,21,7,22,29,4,12,1,21,95,90,36,25,18,24,9,15,21,7,22,29,4,12,1,21,95,1.2,12.7,141.7,0.11,39.4,5,70,0.5,15.4,73.8,7.87,5.4,0,"2023-2024"
"MAC","VIL","30_3","Regular Season","Mbaye  Ndiaye",14,2,1,2,50,0,0,NA,0,0,NA,1,3,4,3,0,1,0,0,3,0,4,"A","L",90,36,25,18,24,9,15,21,7,22,29,4,12,1,21,95,90,36,25,18,24,9,15,21,7,22,29,4,12,1,21,95,1,1.9,105.3,0.02,157.9,3,50,0,2.5,50,52.63,2.1,7.1,"2023-2024"
"MAC","VIL","30_3","Regular Season","Noam  Yaacov",15,2,1,1,100,0,1,0,0,0,NA,0,2,2,3,1,2,0,0,2,1,4,"A","L",90,36,25,18,24,9,15,21,7,22,29,4,12,1,21,95,90,36,25,18,24,9,15,21,7,22,29,4,12,1,21,95,1,3.8,52.6,0.02,78.9,1.5,50,0,1.9,50,52.63,2.6,0,"2023-2024"
"VIL","MAC","30_3","Regular Season","Lorenzo  Brown",22,6,0,7,0,2,4,50,0,0,NA,1,0,1,6,0,2,0,1,3,2,0,"H","W",98,43,24,23,23,11,19,18,10,18,28,8,7,3,17,114,98,43,24,23,23,11,19,18,10,18,28,8,7,3,17,114,0.55,11.5,52.2,-0.01,52.2,3,27.3,0,0.8,27.3,17.39,5.6,5,"2023-2024"
"VIL","MAC","30_3","Regular Season","Wade  Baldwin IV",33,30,9,15,60,1,2,50,9,11,81.8,0,5,5,10,2,1,0,0,0,9,46,"H","W",98,43,24,23,23,11,19,18,10,18,28,8,7,3,17,114,98,43,24,23,23,11,19,18,10,18,28,8,7,3,17,114,1.07,21.9,137,0.21,45.7,10,61.8,0.65,30.8,68.7,4.57,6.6,0,"2023-2024"
"VIL","MAC","30_3","Regular Season","Jake  Cohen",10,3,0,0,NA,1,2,50,0,0,NA,1,1,2,0,0,0,0,0,1,0,3,"H","W",98,43,24,23,23,11,19,18,10,18,28,8,7,3,17,114,98,43,24,23,23,11,19,18,10,18,28,8,7,3,17,114,1.5,1,300,0.01,0,NA,75,0,2.6,75,0,1.9,5,"2023-2024"
"VIL","MAC","30_3","Regular Season","Josh  Nebo",29,18,7,10,70,0,0,NA,4,4,100,5,5,10,0,0,0,0,0,3,3,25,"H","W",98,43,24,23,23,11,19,18,10,18,28,8,7,3,17,114,98,43,24,23,23,11,19,18,10,18,28,8,7,3,17,114,1.29,6.5,276.9,0.11,0,NA,70,0.4,17.6,76.5,0,3.9,25,"2023-2024"
"VIL","MAC","30_3","Regular Season","Bonzie  Colson",35,23,5,7,71.4,3,6,50,4,6,66.7,1,3,4,0,1,1,0,0,3,4,21,"H","W",98,43,24,23,23,11,19,18,10,18,28,8,7,3,17,114,98,43,24,23,23,11,19,18,10,18,28,8,7,3,17,114,1.21,15,153.3,0.09,0,0,73.1,0.46,16.7,73.5,6.67,4.5,5,"2023-2024"
"VIL","MAC","30_3","Regular Season","Antonius  Cleveland",24,5,1,1,100,1,1,100,0,0,NA,0,1,1,2,2,0,1,0,3,1,9,"H","W",98,43,24,23,23,11,19,18,10,18,28,8,7,3,17,114,98,43,24,23,23,11,19,18,10,18,28,8,7,3,17,114,2.5,1.9,263.2,0.04,105.3,Inf,125,0,7.6,125,0,0.8,0,"2023-2024"
"VIL","MAC","30_3","Regular Season","James  Webb III",11,2,0,0,NA,0,2,0,2,2,100,1,1,2,0,0,0,1,0,0,1,4,"H","W",98,43,24,23,23,11,19,18,10,18,28,8,7,3,17,114,98,43,24,23,23,11,19,18,10,18,28,8,7,3,17,114,0.5,1.8,111.1,0.01,0,NA,0,1,2.3,34.7,0,2.5,5,"2023-2024"
"VIL","MAC","30_3","Regular Season","John  Dibartolomeo",22,11,1,1,100,3,6,50,0,0,NA,1,2,3,0,3,0,0,0,2,1,13,"H","W",98,43,24,23,23,11,19,18,10,18,28,8,7,3,17,114,98,43,24,23,23,11,19,18,10,18,28,8,7,3,17,114,1.57,5.8,189.7,0.07,0,NA,78.6,0,11.2,78.6,0,3,5,"2023-2024"
"VIL","MAC","30_3","Regular Season","Jasiel  Rivero",8,0,0,1,0,0,0,NA,0,0,NA,0,0,0,0,0,0,1,0,2,0,-2,"H","W",98,43,24,23,23,11,19,18,10,18,28,8,7,3,17,114,98,43,24,23,23,11,19,18,10,18,28,8,7,3,17,114,0,1,0,-0.01,0,NA,0,0,-0.8,0,0,1.2,0,"2023-2024"
"VIL","MAC","30_3","Regular Season","Tamir  Blatt",7,0,0,1,0,0,1,0,0,0,NA,0,0,0,0,0,3,0,0,0,0,-5,"H","W",98,43,24,23,23,11,19,18,10,18,28,8,7,3,17,114,98,43,24,23,23,11,19,18,10,18,28,8,7,3,17,114,0,4.8,0,-0.03,0,0,0,0,-4.4,0,62.5,6.8,0,"2023-2024"
"BAS","PAR","30_4","Regular Season","Kevin  Punter",28,18,5,7,71.4,2,3,66.7,2,2,100,0,1,1,6,0,1,0,0,4,3,20,"H","W",87,39,24,17,23,9,14,18,9,20,29,3,8,4,19,95,87,39,24,17,23,9,14,18,9,20,29,3,8,4,19,95,1.5,11.4,157.9,0.12,52.6,6,80,0.2,15.7,82.7,8.77,4.3,0,"2023-2024"
"BAS","PAR","30_4","Regular Season","P.J.  Dozier",22,6,2,5,40,0,1,0,2,2,100,1,4,5,5,1,0,0,0,3,1,11,"H","W",87,39,24,17,23,9,14,18,9,20,29,3,8,4,19,95,87,39,24,17,23,9,14,18,9,20,29,3,8,4,19,95,0.75,5.6,107.1,0.06,89.3,Inf,33.3,0.33,7.8,43.6,0,3.2,5.6,"2023-2024"
"BAS","PAR","30_4","Regular Season","Mateusz  Ponitka",23,6,0,2,0,2,4,50,0,0,NA,1,2,3,0,0,1,1,0,2,2,5,"H","W",87,39,24,17,23,9,14,18,9,20,29,3,8,4,19,95,87,39,24,17,23,9,14,18,9,20,29,3,8,4,19,95,1,5.8,103.4,0.01,0,0,50,0,2.8,50,17.24,3.1,5.6,"2023-2024"
"BAS","PAR","30_4","Regular Season","Frank  Kaminsky",25,20,5,7,71.4,3,4,75,1,2,50,1,2,3,3,0,1,0,0,2,1,20,"H","W",87,39,24,17,23,9,14,18,9,20,29,3,8,4,19,95,87,39,24,17,23,9,14,18,9,20,29,3,8,4,19,95,1.54,11.4,175.4,0.13,26.3,3,86.4,0.18,16.7,84.2,8.77,5.3,5.6,"2023-2024"
"BAS","PAR","30_4","Regular Season","Bruno  Caboclo",38,18,7,9,77.8,1,3,33.3,1,2,50,4,9,13,0,1,0,2,0,2,1,28,"H","W",87,39,24,17,23,9,14,18,9,20,29,3,8,4,19,95,87,39,24,17,23,9,14,18,9,20,29,3,8,4,19,95,1.29,8.5,211.8,0.16,0,NA,70.8,0.17,19.5,69.9,0,3.5,22.2,"2023-2024"
"BAS","PAR","30_4","Regular Season","Aleksa  Avramovic",13,9,2,4,50,1,5,20,2,2,100,0,1,1,2,1,1,1,0,0,1,8,"H","W",87,39,24,17,23,9,14,18,9,20,29,3,8,4,19,95,87,39,24,17,23,9,14,18,9,20,29,3,8,4,19,95,0.82,10.4,86.5,0.04,19.2,2,38.9,0.22,6.3,45.5,9.62,8.5,0,"2023-2024"
"BAS","PAR","30_4","Regular Season","Balsa  Koprivica",1,0,0,0,NA,0,0,NA,0,0,NA,0,0,0,0,0,0,0,0,1,0,-1,"H","W",87,39,24,17,23,9,14,18,9,20,29,3,8,4,19,95,87,39,24,17,23,9,14,18,9,20,29,3,8,4,19,95,NA,0,NA,-0.01,NA,NA,NA,NA,-0.4,NA,NA,0,0,"2023-2024"
"BAS","PAR","30_4","Regular Season","Alen  Smailagic",5,0,0,0,NA,0,0,NA,0,0,NA,0,0,0,0,0,0,0,0,4,0,-4,"H","W",87,39,24,17,23,9,14,18,9,20,29,3,8,4,19,95,87,39,24,17,23,9,14,18,9,20,29,3,8,4,19,95,NA,0,NA,-0.03,NA,NA,NA,NA,-1.6,NA,NA,0,0,"2023-2024"
"BAS","PAR","30_4","Regular Season","Ognjen  Jaramaz",4,2,1,1,100,0,3,0,0,0,NA,0,0,0,1,0,1,0,0,0,0,-1,"H","W",87,39,24,17,23,9,14,18,9,20,29,3,8,4,19,95,87,39,24,17,23,9,14,18,9,20,29,3,8,4,19,95,0.5,4.8,41.7,-0.01,20.8,1,25,0,-0.7,25,20.83,12.7,0,"2023-2024"
"BAS","PAR","30_4","Regular Season","James  Nunnally",22,3,0,2,0,0,1,0,3,4,75,2,0,2,1,0,3,0,0,1,3,1,"H","W",87,39,24,17,23,9,14,18,9,20,29,3,8,4,19,95,87,39,24,17,23,9,14,18,9,20,29,3,8,4,19,95,0.43,5.5,54.5,-0.02,18.2,0.3,0,1.33,-0.8,31.5,54.55,3.6,11.1,"2023-2024"
"BAS","PAR","30_4","Regular Season","Uros  Trifunovic",11,2,0,1,0,0,0,NA,2,2,100,0,1,1,0,0,0,0,0,0,2,4,"H","W",87,39,24,17,23,9,14,18,9,20,29,3,8,4,19,95,87,39,24,17,23,9,14,18,9,20,29,3,8,4,19,95,0.67,1.8,111.1,0.01,0,NA,0,2,1.6,53.2,0,1.7,0,"2023-2024"
"BAS","PAR","30_4","Regular Season","Danilo  Andjusic",5,3,1,1,100,0,0,NA,1,1,100,0,0,0,0,0,0,0,0,0,1,4,"H","W",87,39,24,17,23,9,14,18,9,20,29,3,8,4,19,95,87,39,24,17,23,9,14,18,9,20,29,3,8,4,19,95,1.5,1.4,214.3,0.02,0,NA,100,1,2.7,104.2,0,2.9,0,"2023-2024"
"PAR","BAS","30_4","Regular Season","Markus  Howard",21,26,6,11,54.5,4,11,36.4,2,3,66.7,0,1,1,0,0,1,0,2,3,1,9,"A","L",83,37,23,18,25,6,15,14,7,21,28,4,9,0,15,88,83,37,23,18,25,6,15,14,7,21,28,4,9,0,15,88,1.04,23.3,111.6,0.07,0,0,54.5,0.14,12.3,55.7,4.29,12,0,"2023-2024"
"PAR","BAS","30_4","Regular Season","Tadas  Sedekerskis",18,6,3,3,100,0,0,NA,0,0,NA,1,4,5,0,1,0,0,0,1,1,12,"A","L",83,37,23,18,25,6,15,14,7,21,28,4,9,0,15,88,83,37,23,18,25,6,15,14,7,21,28,4,9,0,15,88,2,1.9,315.8,0.08,0,NA,100,0,7.6,100,0,1.7,7.1,"2023-2024"
"PAR","BAS","30_4","Regular Season","Vanja  Marinkovic",29,11,2,3,66.7,1,6,16.7,4,5,80,0,2,2,1,0,1,0,1,2,7,10,"A","L",83,37,23,18,25,6,15,14,7,21,28,4,9,0,15,88,83,37,23,18,25,6,15,14,7,21,28,4,9,0,15,88,0.79,11.7,94,0.03,8.5,1,38.9,0.56,5,49.1,8.55,4.4,0,"2023-2024"
"PAR","BAS","30_4","Regular Season","Codi  Miller-McIntyre",27,4,1,2,50,0,0,NA,2,2,100,0,3,3,6,1,3,0,1,0,2,11,"A","L",83,37,23,18,25,6,15,14,7,21,28,4,9,0,15,88,83,37,23,18,25,6,15,14,7,21,28,4,9,0,15,88,1,5.6,71.4,0.07,107.1,2,50,1,6.1,69.4,53.57,2.3,0,"2023-2024"
"PAR","BAS","30_4","Regular Season","Maik  Kotsar",10,2,1,2,50,0,0,NA,0,0,NA,2,1,3,1,0,0,0,0,0,0,5,"A","L",83,37,23,18,25,6,15,14,7,21,28,4,9,0,15,88,83,37,23,18,25,6,15,14,7,21,28,4,9,0,15,88,1,0,Inf,0.03,Inf,Inf,50,0,3.4,50,NA,2.1,14.3,"2023-2024"
"PAR","BAS","30_4","Regular Season","Sander  Raieste",0,0,0,0,NA,0,0,NA,0,0,NA,0,0,0,0,0,0,0,0,1,0,-1,"A","L",83,37,23,18,25,6,15,14,7,21,28,4,9,0,15,88,83,37,23,18,25,6,15,14,7,21,28,4,9,0,15,88,NA,0,NA,-0.01,NA,NA,NA,NA,-0.4,NA,NA,NA,0,"2023-2024"
"PAR","BAS","30_4","Regular Season","Christopher  Chiozza",10,2,1,1,100,0,0,NA,0,0,NA,0,1,1,1,1,0,0,0,1,0,4,"A","L",83,37,23,18,25,6,15,14,7,21,28,4,9,0,15,88,83,37,23,18,25,6,15,14,7,21,28,4,9,0,15,88,2,1,200,0.03,100,Inf,100,0,3.3,100,0,1,0,"2023-2024"
"PAR","BAS","30_4","Regular Season","Daniel  Diez",15,0,0,0,NA,0,1,0,0,0,NA,0,0,0,2,0,0,0,0,1,0,0,"A","L",83,37,23,18,25,6,15,14,7,21,28,4,9,0,15,88,83,37,23,18,25,6,15,14,7,21,28,4,9,0,15,88,0,1,0,0,200,Inf,0,0,0.3,0,0,0.7,0,"2023-2024"
"PAR","BAS","30_4","Regular Season","Nikos  Rogkavopoulos",5,2,0,0,NA,0,0,NA,2,2,100,0,1,1,1,0,1,0,0,1,1,3,"A","L",83,37,23,18,25,6,15,14,7,21,28,4,9,0,15,88,83,37,23,18,25,6,15,14,7,21,28,4,9,0,15,88,1,1.8,111.1,0.01,55.6,1,NA,Inf,1.6,113.6,55.56,3.9,0,"2023-2024"
"PAR","BAS","30_4","Regular Season","Matthew  Costello",27,13,5,6,83.3,1,3,33.3,0,0,NA,1,6,7,1,0,1,0,0,1,2,18,"A","L",83,37,23,18,25,6,15,14,7,21,28,4,9,0,15,88,83,37,23,18,25,6,15,14,7,21,28,4,9,0,15,88,1.44,8.6,151.2,0.11,11.6,1,72.2,0,10.9,72.2,11.63,3.9,7.1,"2023-2024"
"PAR","BAS","30_4","Regular Season","Jordan  Theodore",11,4,2,2,100,0,0,NA,0,0,NA,0,1,1,0,0,0,0,0,2,0,3,"A","L",83,37,23,18,25,6,15,14,7,21,28,4,9,0,15,88,83,37,23,18,25,6,15,14,7,21,28,4,9,0,15,88,2,1.9,210.5,0.02,0,NA,100,0,2.9,100,0,1.9,0,"2023-2024"
"PAR","BAS","30_4","Regular Season","Chima  Moneke",25,13,4,7,57.1,0,2,0,5,6,83.3,3,1,4,1,1,2,0,0,2,5,14,"A","L",83,37,23,18,25,6,15,14,7,21,28,4,9,0,15,88,83,37,23,18,25,6,15,14,7,21,28,4,9,0,15,88,0.87,10.2,127.5,0.05,9.8,0.5,44.4,0.67,9.2,55.8,19.61,5.7,21.4,"2023-2024"
"BOL","ZAL","30_5","Regular Season","Keenan  Evans",23,14,2,6,33.3,2,4,50,4,4,100,0,2,2,7,0,0,0,1,2,5,19,"H","W",96,34,24,27,18,12,24,19,6,19,25,5,10,1,23,103,96,34,24,27,18,12,24,19,6,19,25,5,10,1,23,103,1,11.3,123.9,0.1,61.9,Inf,50,0.4,13.3,59.5,0,5.1,0,"2023-2024"
"BOL","ZAL","30_5","Regular Season","Dovydas  Giedraitis",24,12,2,3,66.7,2,3,66.7,2,2,100,0,0,0,1,1,1,0,0,4,2,9,"H","W",96,34,24,27,18,12,24,19,6,19,25,5,10,1,23,103,96,34,24,27,18,12,24,19,6,19,25,5,10,1,23,103,1.5,7.6,157.9,0.04,13.2,1,83.3,0.33,8.5,87.2,13.16,3.3,0,"2023-2024"
"BOL","ZAL","30_5","Regular Season","Laurynas  Birutis",19,12,4,7,57.1,0,0,NA,4,4,100,1,1,2,1,0,0,0,1,1,3,13,"H","W",96,34,24,27,18,12,24,19,6,19,25,5,10,1,23,103,96,34,24,27,18,12,24,19,6,19,25,5,10,1,23,103,1.09,7.4,162.2,0.07,13.5,Inf,57.1,0.57,10,68.5,0,4.6,8.3,"2023-2024"
"BOL","ZAL","30_5","Regular Season","Brady   Manek",11,0,0,0,NA,0,3,0,0,0,NA,0,3,3,0,0,1,0,0,2,0,-3,"H","W",96,34,24,27,18,12,24,19,6,19,25,5,10,1,23,103,96,34,24,27,18,12,24,19,6,19,25,5,10,1,23,103,0,3.8,0,-0.02,0,0,0,0,-3,0,26.32,3.6,0,"2023-2024"
"BOL","ZAL","30_5","Regular Season","Edgaras  Ulanovas",27,5,1,3,33.3,0,0,NA,3,4,75,0,2,2,3,1,2,0,1,4,5,6,"H","W",96,34,24,27,18,12,24,19,6,19,25,5,10,1,23,103,96,34,24,27,18,12,24,19,6,19,25,5,10,1,23,103,0.71,6.5,76.9,0.01,46.2,1.5,33.3,1.33,3,52.5,30.77,2.5,0,"2023-2024"
"BOL","ZAL","30_5","Regular Season","Lukas  Lekavicius",12,9,0,2,0,3,5,60,0,0,NA,0,0,0,1,0,1,0,0,2,1,4,"H","W",96,34,24,27,18,12,24,19,6,19,25,5,10,1,23,103,96,34,24,27,18,12,24,19,6,19,25,5,10,1,23,103,1.29,7.7,116.9,0.02,13,1,64.3,0,4.2,64.3,12.99,6.7,0,"2023-2024"
"BOL","ZAL","30_5","Regular Season","Kevarrius  Hayes",21,13,4,4,100,0,0,NA,5,6,83.3,4,2,6,2,2,0,1,0,1,4,26,"H","W",96,34,24,27,18,12,24,19,6,19,25,5,10,1,23,103,96,34,24,27,18,12,24,19,6,19,25,5,10,1,23,103,1.3,2.5,520,0.12,80,Inf,100,1.5,18.5,97.9,0,3.2,33.3,"2023-2024"
"BOL","ZAL","30_5","Regular Season","Nedas  Montvila",1,3,0,0,NA,1,1,100,0,0,NA,0,0,0,0,0,0,0,0,0,0,3,"H","W",96,34,24,27,18,12,24,19,6,19,25,5,10,1,23,103,96,34,24,27,18,12,24,19,6,19,25,5,10,1,23,103,3,1,300,0.02,0,NA,150,0,2.7,150,0,10,0,"2023-2024"
"BOL","ZAL","30_5","Regular Season","Edmond  Sumner",16,16,5,8,62.5,1,3,33.3,3,3,100,0,3,3,3,0,3,0,1,2,2,13,"H","W",96,34,24,27,18,12,24,19,6,19,25,5,10,1,23,103,96,34,24,27,18,12,24,19,6,19,25,5,10,1,23,103,1.14,14.7,108.8,0.08,20.4,1,59.1,0.27,9.9,64.9,20.41,9.6,0,"2023-2024"
"BOL","ZAL","30_5","Regular Season","Tomas  Dimsa",10,6,0,1,0,2,2,100,0,0,NA,0,0,0,0,0,1,0,0,2,0,2,"H","W",96,34,24,27,18,12,24,19,6,19,25,5,10,1,23,103,96,34,24,27,18,12,24,19,6,19,25,5,10,1,23,103,2,3.8,157.9,0.01,0,0,100,0,2.9,100,26.32,4,0,"2023-2024"
"BOL","ZAL","30_5","Regular Season","Danielius  Lavrinovicius",9,4,0,0,NA,1,2,50,1,2,50,1,3,4,1,1,0,0,0,1,1,8,"H","W",96,34,24,27,18,12,24,19,6,19,25,5,10,1,23,103,96,34,24,27,18,12,24,19,6,19,25,5,10,1,23,103,1,1.8,222.2,0.04,55.6,Inf,75,1,5.5,69.4,0,3.2,8.3,"2023-2024"
"BOL","ZAL","30_5","Regular Season","Arnas  Butkevicius",26,2,0,0,NA,0,1,0,2,2,100,0,3,3,0,0,1,0,0,2,2,3,"H","W",96,34,24,27,18,12,24,19,6,19,25,5,10,1,23,103,96,34,24,27,18,12,24,19,6,19,25,5,10,1,23,103,0.67,2.8,71.4,0.01,0,0,0,2,0.4,53.2,35.71,1.1,0,"2023-2024"
"ZAL","BOL","30_5","Regular Season","Marco  Belinelli",24,9,1,2,50,1,5,20,4,5,80,0,3,3,2,1,4,0,0,2,4,7,"A","L",81,30,29,18,17,10,17,18,7,17,24,7,13,4,25,85,81,30,29,18,17,10,17,18,7,17,24,7,13,4,25,85,0.75,12.7,70.9,0.03,15.7,0.5,35.7,0.71,3,48.9,31.5,5.5,0,"2023-2024"
"ZAL","BOL","30_5","Regular Season","Alessandro  Pajola",30,5,0,0,NA,1,2,50,2,2,100,0,0,0,7,2,0,0,0,3,3,13,"A","L",81,30,29,18,17,10,17,18,7,17,24,7,13,4,25,85,81,30,29,18,17,10,17,18,7,17,24,7,13,4,25,85,1.25,2.8,178.6,0.09,250,Inf,75,1,9.7,86.8,0,1,0,"2023-2024"
"ZAL","BOL","30_5","Regular Season","Ognjen  Dobric",14,9,0,0,NA,3,6,50,0,0,NA,1,2,3,1,0,0,0,0,1,1,10,"A","L",81,30,29,18,17,10,17,18,7,17,24,7,13,4,25,85,81,30,29,18,17,10,17,18,7,17,24,7,13,4,25,85,1.5,4.8,187.5,0.07,20.8,Inf,75,0,7.6,75,0,4.3,7.1,"2023-2024"
"ZAL","BOL","30_5","Regular Season","Tornike  Shengelia",29,19,5,7,71.4,1,4,25,6,6,100,2,1,3,5,0,2,1,0,5,7,23,"A","L",81,30,29,18,17,10,17,18,7,17,24,7,13,4,25,85,81,30,29,18,17,10,17,18,7,17,24,7,13,4,25,85,1.12,13.1,145,0.13,38.2,2.5,59.1,0.55,15.6,69.6,15.27,5.4,14.3,"2023-2024"
"ZAL","BOL","30_5","Regular Season","Ante  Zizic",11,0,0,0,NA,0,0,NA,0,0,NA,0,1,1,0,0,2,2,0,2,1,0,"A","L",81,30,29,18,17,10,17,18,7,17,24,7,13,4,25,85,81,30,29,18,17,10,17,18,7,17,24,7,13,4,25,85,NA,1.9,0,-0.02,0,0,NA,NA,-1.1,NA,105.26,1.8,0,"2023-2024"
"ZAL","BOL","30_5","Regular Season","Gabriel  Lundberg",17,4,2,5,40,0,2,0,0,0,NA,0,1,1,1,2,3,0,1,1,1,-1,"A","L",81,30,29,18,17,10,17,18,7,17,24,7,13,4,25,85,81,30,29,18,17,10,17,18,7,17,24,7,13,4,25,85,0.57,9.6,41.7,-0.01,10.4,0.3,28.6,0,-0.5,28.6,31.25,5.9,0,"2023-2024"
"ZAL","BOL","30_5","Regular Season","Rihards  Lomazs",21,15,3,4,75,3,4,75,0,0,NA,0,2,2,0,0,2,0,0,4,3,12,"A","L",81,30,29,18,17,10,17,18,7,17,24,7,13,4,25,85,81,30,29,18,17,10,17,18,7,17,24,7,13,4,25,85,1.88,9.6,156.2,0.08,0,0,93.8,0,8.8,93.8,20.83,4.8,0,"2023-2024"
"ZAL","BOL","30_5","Regular Season","Jordan  Mickey",17,4,2,3,66.7,0,2,0,0,0,NA,1,2,3,0,0,0,0,0,2,0,2,"A","L",81,30,29,18,17,10,17,18,7,17,24,7,13,4,25,85,81,30,29,18,17,10,17,18,7,17,24,7,13,4,25,85,0.8,3.8,105.3,0.01,0,NA,40,0,1.8,40,0,2.9,7.1,"2023-2024"
"ZAL","BOL","30_5","Regular Season","Bryant  Dunston",10,4,1,4,25,0,0,NA,2,2,100,2,2,4,0,1,0,1,0,1,1,7,"A","L",81,30,29,18,17,10,17,18,7,17,24,7,13,4,25,85,81,30,29,18,17,10,17,18,7,17,24,7,13,4,25,85,0.67,2.8,142.9,0.04,0,NA,25,0.5,4.9,41,0,4.9,14.3,"2023-2024"
"ZAL","BOL","30_5","Regular Season","Awudu  Abass",26,12,3,5,60,1,4,25,3,3,100,1,3,4,2,1,0,0,0,4,2,12,"A","L",81,30,29,18,17,10,17,18,7,17,24,7,13,4,25,85,81,30,29,18,17,10,17,18,7,17,24,7,13,4,25,85,1,8.9,134.8,0.08,22.5,Inf,50,0.33,9.7,58.1,0,4,7.1,"2023-2024"
"ASM","MIL","30_6","Regular Season","Stefano  Tonut",27,13,2,4,50,2,3,66.7,3,4,75,0,1,1,3,0,0,0,0,2,3,14,"A","W",98,40,27,15,27,11,11,21,9,27,36,7,6,4,22,123,98,40,27,15,27,11,11,21,9,27,36,7,6,4,22,123,1.18,8.4,154.8,0.06,35.7,Inf,71.4,0.57,10.9,74.2,0,3.3,0,"2023-2024"
"ASM","MIL","30_6","Regular Season","Nicolo  Melli",20,10,3,4,75,1,1,100,1,2,50,2,4,6,0,0,1,0,0,4,3,12,"A","W",98,40,27,15,27,11,11,21,9,27,36,7,6,4,22,123,98,40,27,15,27,11,11,21,9,27,36,7,6,4,22,123,1.43,4.7,212.8,0.04,0,0,90,0.4,7.7,85,21.28,3.5,11.1,"2023-2024"
"ASM","MIL","30_6","Regular Season","Shabazz  Napier",27,8,0,0,NA,2,6,33.3,2,2,100,1,2,3,6,1,2,0,0,1,1,12,"A","W",98,40,27,15,27,11,11,21,9,27,36,7,6,4,22,123,98,40,27,15,27,11,11,21,9,27,36,7,6,4,22,123,1,7.6,105.3,0.05,78.9,3,50,0.33,8.7,58.1,26.32,3.3,5.6,"2023-2024"
"ASM","MIL","30_6","Regular Season","Shavon  Shields",29,10,5,7,71.4,0,2,0,0,1,0,1,5,6,2,4,0,0,0,3,3,17,"A","W",98,40,27,15,27,11,11,21,9,27,36,7,6,4,22,123,98,40,27,15,27,11,11,21,9,27,36,7,6,4,22,123,1,8.1,123.5,0.07,24.7,Inf,55.6,0.11,11.7,53,0,3.3,5.6,"2023-2024"
"ASM","MIL","30_6","Regular Season","Nikola  Mirotic",29,21,6,7,85.7,2,5,40,3,3,100,1,4,5,0,0,1,2,0,3,2,22,"A","W",98,40,27,15,27,11,11,21,9,27,36,7,6,4,22,123,98,40,27,15,27,11,11,21,9,27,36,7,6,4,22,123,1.4,12.8,164.1,0.09,0,0,75,0.25,16.9,78.8,7.81,5,5.6,"2023-2024"
"ASM","MIL","30_6","Regular Season","Maodo  Lo",15,15,4,5,80,2,3,66.7,1,1,100,0,0,0,3,2,0,0,0,3,4,19,"A","W",98,40,27,15,27,11,11,21,9,27,36,7,6,4,22,123,98,40,27,15,27,11,11,21,9,27,36,7,6,4,22,123,1.67,8.1,185.2,0.08,37,Inf,87.5,0.12,14.7,88.9,0,5.7,0,"2023-2024"
"ASM","MIL","30_6","Regular Season","Giordano  Bortolani",0,0,0,0,NA,0,0,NA,0,0,NA,0,0,0,0,0,0,0,0,0,0,0,"A","W",98,40,27,15,27,11,11,21,9,27,36,7,6,4,22,123,98,40,27,15,27,11,11,21,9,27,36,7,6,4,22,123,NA,0,NA,0,NA,NA,NA,NA,0,NA,NA,NA,0,"2023-2024"
"ASM","MIL","30_6","Regular Season","Diego  Flaccadori",0,0,0,0,NA,0,0,NA,0,0,NA,0,0,0,0,0,0,0,0,0,0,0,"A","W",98,40,27,15,27,11,11,21,9,27,36,7,6,4,22,123,98,40,27,15,27,11,11,21,9,27,36,7,6,4,22,123,NA,0,NA,0,NA,NA,NA,NA,0,NA,NA,NA,0,"2023-2024"
"ASM","MIL","30_6","Regular Season","Devon  Hall",23,14,4,7,57.1,2,4,50,0,0,NA,3,3,6,7,0,0,0,0,2,0,20,"A","W",98,40,27,15,27,11,11,21,9,27,36,7,6,4,22,123,98,40,27,15,27,11,11,21,9,27,36,7,6,4,22,123,1.27,7.7,181.8,0.09,90.9,Inf,63.6,0,15.8,63.6,0,4.8,16.7,"2023-2024"
"ASM","MIL","30_6","Regular Season","Kyle  Hines",13,0,0,2,0,0,0,NA,0,0,NA,1,3,4,0,0,1,2,0,3,0,0,"A","W",98,40,27,15,27,11,11,21,9,27,36,7,6,4,22,123,98,40,27,15,27,11,11,21,9,27,36,7,6,4,22,123,0,1.9,0,-0.01,0,0,0,0,-0.6,0,52.63,2.3,5.6,"2023-2024"
"ASM","MIL","30_6","Regular Season","Johannes  Voigtmann",16,7,3,4,75,0,3,0,1,2,50,0,5,5,0,0,1,0,0,1,2,7,"A","W",98,40,27,15,27,11,11,21,9,27,36,7,6,4,22,123,98,40,27,15,27,11,11,21,9,27,36,7,6,4,22,123,0.78,8.5,82.4,0.03,0,0,42.9,0.29,3,44.4,11.76,5.6,0,"2023-2024"
"MIL","ASM","30_6","Regular Season","John  Brown III",24,0,0,1,0,0,0,NA,0,0,NA,1,0,1,0,3,1,0,0,1,2,3,"H","L",80,26,31,27,16,9,21,10,8,22,30,5,10,0,18,77,80,26,31,27,16,9,21,10,8,22,30,5,10,0,18,77,0,1,0,0,0,0,0,0,1.6,0,100,0.8,6.2,"2023-2024"
"MIL","ASM","30_6","Regular Season","Jordan  Loyd",17,14,3,5,60,2,5,40,2,2,100,0,4,4,0,0,1,0,2,4,2,8,"H","L",80,26,31,27,16,9,21,10,8,22,30,5,10,0,18,77,80,26,31,27,16,9,21,10,8,22,30,5,10,0,18,77,1.17,11.4,122.8,0.07,0,0,60,0.2,7.6,64.3,8.77,7.1,0,"2023-2024"
"MIL","ASM","30_6","Regular Season","Donatas  Motiejunas",11,4,1,1,100,0,2,0,2,2,100,0,1,1,1,0,1,0,0,2,2,3,"H","L",80,26,31,27,16,9,21,10,8,22,30,5,10,0,18,77,80,26,31,27,16,9,21,10,8,22,30,5,10,0,18,77,0.8,4.7,85.1,0.01,21.3,1,33.3,0.67,1.5,51.5,21.28,4.5,0,"2023-2024"
"MIL","ASM","30_6","Regular Season","Yakuba  Ouattara",10,3,0,0,NA,1,3,33.3,0,0,NA,1,0,1,0,0,0,0,0,1,0,1,"H","L",80,26,31,27,16,9,21,10,8,22,30,5,10,0,18,77,80,26,31,27,16,9,21,10,8,22,30,5,10,0,18,77,1,1.9,157.9,0,0,NA,50,0,1.6,50,0,3,6.2,"2023-2024"
"MIL","ASM","30_6","Regular Season","Mike  James",28,10,1,3,33.3,0,6,0,8,9,88.9,1,5,6,2,1,4,0,2,2,4,6,"H","L",80,26,31,27,16,9,21,10,8,22,30,5,10,0,18,77,80,26,31,27,16,9,21,10,8,22,30,5,10,0,18,77,0.56,15.3,65.4,0.03,13.1,0.5,11.1,1,3.5,38.6,26.14,6.1,6.2,"2023-2024"
"MIL","ASM","30_6","Regular Season","Elie  Okobo",23,9,0,2,0,1,4,25,6,8,75,0,2,2,5,0,1,0,0,2,4,10,"H","L",80,26,31,27,16,9,21,10,8,22,30,5,10,0,18,77,80,26,31,27,16,9,21,10,8,22,30,5,10,0,18,77,0.64,10.1,89.1,0.05,49.5,5,25,1.33,6.7,47.3,9.9,4.6,0,"2023-2024"
"MIL","ASM","30_6","Regular Season","Jaron  Blossomgame",21,9,4,6,66.7,0,2,0,1,2,50,1,3,4,0,0,0,0,0,1,2,9,"H","L",80,26,31,27,16,9,21,10,8,22,30,5,10,0,18,77,80,26,31,27,16,9,21,10,8,22,30,5,10,0,18,77,0.9,7.6,118.4,0.06,0,NA,50,0.25,5.8,50.7,0,4.3,6.2,"2023-2024"
"MIL","ASM","30_6","Regular Season","Alpha  Diallo",25,17,3,4,75,3,4,75,2,3,66.7,1,3,4,1,0,1,0,0,2,3,19,"H","L",80,26,31,27,16,9,21,10,8,22,30,5,10,0,18,77,80,26,31,27,16,9,21,10,8,22,30,5,10,0,18,77,1.55,8.9,191,0.14,11.2,1,93.8,0.38,13.9,91.2,11.24,4.2,6.2,"2023-2024"
"MIL","ASM","30_6","Regular Season","Mouhammadou  Jaiteh",3,0,0,0,NA,0,0,NA,0,0,NA,0,0,0,0,1,0,0,0,0,0,1,"H","L",80,26,31,27,16,9,21,10,8,22,30,5,10,0,18,77,80,26,31,27,16,9,21,10,8,22,30,5,10,0,18,77,NA,0,NA,0.01,NA,NA,NA,NA,1,NA,NA,0,0,"2023-2024"
"MIL","ASM","30_6","Regular Season","Kemba  Walker",16,10,2,2,100,2,5,40,0,0,NA,1,2,3,1,0,1,0,0,0,1,11,"H","L",80,26,31,27,16,9,21,10,8,22,30,5,10,0,18,77,80,26,31,27,16,9,21,10,8,22,30,5,10,0,18,77,1.43,6.7,149.3,0.09,14.9,1,71.4,0,7.7,71.4,14.93,5.1,6.2,"2023-2024"
"MIL","ASM","30_6","Regular Season","Donta  Hall",20,4,2,2,100,0,0,NA,0,1,0,2,2,4,0,0,0,0,0,3,2,6,"H","L",80,26,31,27,16,9,21,10,8,22,30,5,10,0,18,77,80,26,31,27,16,9,21,10,8,22,30,5,10,0,18,77,1.33,0.4,1000,0.03,0,NA,100,0.5,3.8,82,0,1.2,12.5,"2023-2024"
"CRV","PAN","30_7","Regular Season","Jerian  Grant",30,12,4,4,100,1,2,50,1,1,100,1,3,4,5,0,0,0,1,2,4,21,"A","W",89,43,21,18,20,12,13,25,8,23,31,5,9,2,19,105,89,43,21,18,20,12,13,25,8,23,31,5,9,2,19,105,1.71,5.2,230.8,0.11,96.2,Inf,91.7,0.17,14.1,93.2,0,2.1,6.2,"2023-2024"
"CRV","PAN","30_7","Regular Season","Kendrick  Nunn",38,15,2,10,20,3,4,75,2,2,100,0,2,2,4,1,3,0,2,3,5,10,"A","W",89,43,21,18,20,12,13,25,8,23,31,5,9,2,19,105,89,43,21,18,20,12,13,25,8,23,31,5,9,2,19,105,0.94,17.2,87.2,0.04,23.3,1.3,46.4,0.14,7.4,50.4,17.44,4.7,0,"2023-2024"
"CRV","PAN","30_7","Regular Season","Mathias  Lessort",37,19,6,10,60,0,0,NA,7,11,63.6,2,4,6,4,3,1,2,1,2,8,30,"A","W",89,43,21,18,20,12,13,25,8,23,31,5,9,2,19,105,89,43,21,18,20,12,13,25,8,23,31,5,9,2,19,105,0.9,13.3,142.9,0.13,30.1,4,60,1.1,20.8,64,7.52,4.2,12.5,"2023-2024"
"CRV","PAN","30_7","Regular Season","Marius  Grigonis",24,8,1,2,50,2,3,66.7,0,0,NA,0,3,3,1,0,2,0,0,4,1,5,"A","W",89,43,21,18,20,12,13,25,8,23,31,5,9,2,19,105,89,43,21,18,20,12,13,25,8,23,31,5,9,2,19,105,1.6,6.7,119.4,0.02,14.9,0.5,80,0,3.7,80,29.85,2.9,0,"2023-2024"
"CRV","PAN","30_7","Regular Season","Konstantinos  Mitoglou",32,17,4,10,40,3,5,60,0,0,NA,3,6,9,1,0,2,0,1,3,1,14,"A","W",89,43,21,18,20,12,13,25,8,23,31,5,9,2,19,105,89,43,21,18,20,12,13,25,8,23,31,5,9,2,19,105,1.13,13.4,126.9,0.08,7.5,0.5,56.7,0,10.7,56.7,14.93,5.3,18.8,"2023-2024"
"CRV","PAN","30_7","Regular Season","Panagiotis  Kalaitzakis",0,0,0,0,NA,0,0,NA,0,0,NA,0,0,0,0,0,0,0,0,0,0,0,"A","W",89,43,21,18,20,12,13,25,8,23,31,5,9,2,19,105,89,43,21,18,20,12,13,25,8,23,31,5,9,2,19,105,NA,0,NA,0,NA,NA,NA,NA,0,NA,NA,NA,0,"2023-2024"
"CRV","PAN","30_7","Regular Season","Dimitris  Moraitis",0,0,0,0,NA,0,0,NA,0,0,NA,0,0,0,0,0,0,0,0,0,0,0,"A","W",89,43,21,18,20,12,13,25,8,23,31,5,9,2,19,105,89,43,21,18,20,12,13,25,8,23,31,5,9,2,19,105,NA,0,NA,0,NA,NA,NA,NA,0,NA,NA,NA,0,"2023-2024"
"CRV","PAN","30_7","Regular Season","Aleksander  Balcerowski",3,0,0,1,0,0,0,NA,0,0,NA,0,0,0,0,0,0,0,0,1,0,-2,"A","W",89,43,21,18,20,12,13,25,8,23,31,5,9,2,19,105,89,43,21,18,20,12,13,25,8,23,31,5,9,2,19,105,0,1,0,-0.01,0,NA,0,0,-1.1,0,0,3.3,0,"2023-2024"
"CRV","PAN","30_7","Regular Season","Kostas  Sloukas",27,17,3,4,75,3,5,60,2,2,100,1,2,3,10,1,0,0,0,2,3,29,"A","W",89,43,21,18,20,12,13,25,8,23,31,5,9,2,19,105,89,43,21,18,20,12,13,25,8,23,31,5,9,2,19,105,1.55,8.5,200,0.16,117.6,Inf,83.3,0.22,21.6,86,0,3.6,6.2,"2023-2024"
"CRV","PAN","30_7","Regular Season","Juan  Hernangomez",9,1,0,2,0,0,2,0,1,2,50,1,3,4,0,0,1,0,0,2,1,-2,"A","W",89,43,21,18,20,12,13,25,8,23,31,5,9,2,19,105,89,43,21,18,20,12,13,25,8,23,31,5,9,2,19,105,0.17,4.7,21.3,-0.02,0,0,0,0.5,-2.4,10.2,21.28,6.5,6.2,"2023-2024"
"PAN","CRV","30_7","Regular Season","Javonte  Smart",15,2,1,1,100,0,1,0,0,0,NA,0,0,0,2,0,2,0,0,1,0,0,"H","L",76,39,22,13,24,6,10,23,7,18,25,7,11,5,23,85,76,39,22,13,24,6,10,23,7,18,25,7,11,5,23,85,1,3.8,52.6,0,52.6,1,50,0,0,50,52.63,2.7,0,"2023-2024"
"PAN","CRV","30_7","Regular Season","Adam  Hanga",23,2,0,2,0,0,3,0,2,4,50,1,2,3,3,2,2,0,0,1,6,6,"H","L",76,39,22,13,24,6,10,23,7,18,25,7,11,5,23,85,76,39,22,13,24,6,10,23,7,18,25,7,11,5,23,85,0.22,7.4,27,0,40.5,1.5,0,0.8,0.7,14.8,27.03,3.9,7.1,"2023-2024"
"PAN","CRV","30_7","Regular Season","Luka  Mitrovic",9,6,3,3,100,0,0,NA,0,0,NA,0,2,2,2,1,2,1,0,4,2,8,"H","L",76,39,22,13,24,6,10,23,7,18,25,7,11,5,23,85,76,39,22,13,24,6,10,23,7,18,25,7,11,5,23,85,2,4.8,125,0.04,41.7,1,100,0,5.2,100,41.67,5.7,0,"2023-2024"
"PAN","CRV","30_7","Regular Season","Joel  Bolomboy",33,11,4,7,57.1,1,1,100,0,0,NA,3,5,8,1,1,0,3,0,2,2,21,"H","L",76,39,22,13,24,6,10,23,7,18,25,7,11,5,23,85,76,39,22,13,24,6,10,23,7,18,25,7,11,5,23,85,1.38,4.8,229.2,0.13,20.8,Inf,68.8,0,14,68.8,0,2.5,21.4,"2023-2024"
"PAN","CRV","30_7","Regular Season","Rokas  Giedraitis",15,4,2,3,66.7,0,2,0,0,0,NA,0,0,0,0,0,0,0,0,0,0,1,"H","L",76,39,22,13,24,6,10,23,7,18,25,7,11,5,23,85,76,39,22,13,24,6,10,23,7,18,25,7,11,5,23,85,0.8,4.8,83.3,0.01,0,NA,40,0,1.3,40,0,3.4,0,"2023-2024"
"PAN","CRV","30_7","Regular Season","Stefan  Lazarevic",2,0,0,0,NA,0,0,NA,0,0,NA,0,0,0,0,0,0,0,0,2,0,-2,"H","L",76,39,22,13,24,6,10,23,7,18,25,7,11,5,23,85,76,39,22,13,24,6,10,23,7,18,25,7,11,5,23,85,NA,0,NA,-0.02,NA,NA,NA,NA,-0.8,NA,NA,0,0,"2023-2024"
"PAN","CRV","30_7","Regular Season","Milos  Teodosic",17,4,0,3,0,0,3,0,4,4,100,0,1,1,6,0,0,0,1,5,2,1,"H","L",76,39,22,13,24,6,10,23,7,18,25,7,11,5,23,85,76,39,22,13,24,6,10,23,7,18,25,7,11,5,23,85,0.4,7.4,54.1,0,81.1,Inf,0,0.67,2.3,25.8,0,4.7,0,"2023-2024"
"PAN","CRV","30_7","Regular Season","Dejan  Davidovac",28,19,5,7,71.4,2,6,33.3,3,3,100,0,2,2,1,1,2,0,0,1,3,17,"H","L",76,39,22,13,24,6,10,23,7,18,25,7,11,5,23,85,76,39,22,13,24,6,10,23,7,18,25,7,11,5,23,85,1.19,15.7,121,0.11,6.4,0.5,61.5,0.23,12.6,66.3,12.74,6,0,"2023-2024"
"PAN","CRV","30_7","Regular Season","Mike  Tobey",5,0,0,0,NA,0,0,NA,0,0,NA,1,0,1,0,0,0,0,0,0,0,1,"H","L",76,39,22,13,24,6,10,23,7,18,25,7,11,5,23,85,76,39,22,13,24,6,10,23,7,18,25,7,11,5,23,85,NA,-1,0,0,0,NA,NA,NA,0.7,NA,0,0,7.1,"2023-2024"
"PAN","CRV","30_7","Regular Season","Dalibor  Ilic",23,9,4,5,80,0,0,NA,1,2,50,1,3,4,1,1,0,0,0,2,2,13,"H","L",76,39,22,13,24,6,10,23,7,18,25,7,11,5,23,85,76,39,22,13,24,6,10,23,7,18,25,7,11,5,23,85,1.29,4.7,191.5,0.08,21.3,Inf,80,0.4,9.2,76.5,0,2.6,7.1,"2023-2024"
"PAN","CRV","30_7","Regular Season","Nemanja  Nedovic",25,19,5,7,71.4,3,6,50,0,0,NA,0,3,3,7,1,2,1,0,3,2,23,"H","L",76,39,22,13,24,6,10,23,7,18,25,7,11,5,23,85,76,39,22,13,24,6,10,23,7,18,25,7,11,5,23,85,1.46,14.4,131.9,0.17,48.6,3.5,73.1,0,17.4,73.1,13.89,6.2,0,"2023-2024"
"PAN","CRV","30_7","Regular Season","Freddie  Gillespie",5,0,0,1,0,0,0,NA,0,0,NA,1,0,1,0,0,1,0,1,2,0,-4,"H","L",76,39,22,13,24,6,10,23,7,18,25,7,11,5,23,85,76,39,22,13,24,6,10,23,7,18,25,7,11,5,23,85,0,1,0,-0.03,0,0,0,0,-1.8,0,100,4.1,7.1,"2023-2024"
"BAR","FEN","30_8","Regular Season","Johnathan  Motley",24,9,3,7,42.9,0,0,NA,3,5,60,3,3,6,2,0,3,0,0,1,7,14,"H","W",88,28,29,24,14,13,21,12,8,22,30,9,13,2,20,98,88,28,29,24,14,13,21,12,8,22,30,9,13,2,20,98,0.75,8.8,102.3,0.04,22.7,0.7,42.9,0.71,5.5,48.9,34.09,5,18.8,"2023-2024"
"BAR","FEN","30_8","Regular Season","Nigel  Hayes-Davis",31,12,0,3,0,2,3,66.7,6,6,100,0,5,5,3,5,1,0,0,1,7,26,"H","W",88,28,29,24,14,13,21,12,8,22,30,9,13,2,20,98,88,28,29,24,14,13,21,12,8,22,30,9,13,2,20,98,1,9.3,129,0.14,32.3,3,50,1,15.8,69.4,10.75,3.1,0,"2023-2024"
"BAR","FEN","30_8","Regular Season","Dyshawn  Pierre",14,3,0,0,NA,1,2,50,0,0,NA,0,2,2,0,0,1,0,0,0,0,3,"H","W",88,28,29,24,14,13,21,12,8,22,30,9,13,2,20,98,88,28,29,24,14,13,21,12,8,22,30,9,13,2,20,98,1.5,2.9,103.4,0.02,0,0,75,0,1.6,75,34.48,2.1,0,"2023-2024"
"BAR","FEN","30_8","Regular Season","Tyler  Dorsey",12,4,2,3,66.7,0,2,0,0,0,NA,1,1,2,0,0,2,0,0,2,2,1,"H","W",88,28,29,24,14,13,21,12,8,22,30,9,13,2,20,98,88,28,29,24,14,13,21,12,8,22,30,9,13,2,20,98,0.8,5.8,69,-0.01,0,0,40,0,-0.5,40,34.48,5.8,6.2,"2023-2024"
"BAR","FEN","30_8","Regular Season","Nick  Calathes",26,13,2,3,66.7,3,4,75,0,0,NA,2,2,4,0,2,2,0,0,3,1,13,"H","W",88,28,29,24,14,13,21,12,8,22,30,9,13,2,20,98,88,28,29,24,14,13,21,12,8,22,30,9,13,2,20,98,1.86,6.7,194,0.08,0,0,92.9,0,10.9,92.9,29.85,3.4,12.5,"2023-2024"
"BAR","FEN","30_8","Regular Season","Amine  Noua",10,2,1,2,50,0,1,0,0,0,NA,2,1,3,0,0,0,1,0,0,0,4,"H","W",88,28,29,24,14,13,21,12,8,22,30,9,13,2,20,98,88,28,29,24,14,13,21,12,8,22,30,9,13,2,20,98,0.67,1,200,0.02,0,NA,33.3,0,2.7,33.3,0,3,12.5,"2023-2024"
"BAR","FEN","30_8","Regular Season","Scottie  Wilbekin",23,18,1,1,100,4,9,44.4,4,4,100,0,0,0,2,1,1,0,0,3,2,14,"H","W",88,28,29,24,14,13,21,12,8,22,30,9,13,2,20,98,88,28,29,24,14,13,21,12,8,22,30,9,13,2,20,98,1.29,12.2,147.5,0.09,16.4,2,70,0.4,13.2,76.5,8.2,5.5,0,"2023-2024"
"BAR","FEN","30_8","Regular Season","Sertac  Sanli",14,2,1,4,25,0,1,0,0,0,NA,0,2,2,0,1,0,1,1,4,0,-3,"H","W",88,28,29,24,14,13,21,12,8,22,30,9,13,2,20,98,88,28,29,24,14,13,21,12,8,22,30,9,13,2,20,98,0.4,4.8,41.7,-0.02,0,NA,20,0,-0.4,20,0,3.5,0,"2023-2024"
"BAR","FEN","30_8","Regular Season","Georgios  Papagiannis",1,0,0,0,NA,0,0,NA,0,0,NA,0,0,0,0,0,0,0,0,0,0,0,"H","W",88,28,29,24,14,13,21,12,8,22,30,9,13,2,20,98,88,28,29,24,14,13,21,12,8,22,30,9,13,2,20,98,NA,0,NA,0,NA,NA,NA,NA,0,NA,NA,0,0,"2023-2024"
"BAR","FEN","30_8","Regular Season","Tarik  Biberovic",22,12,3,3,100,2,3,66.7,0,0,NA,0,2,2,1,0,1,0,0,3,0,10,"H","W",88,28,29,24,14,13,21,12,8,22,30,9,13,2,20,98,88,28,29,24,14,13,21,12,8,22,30,9,13,2,20,98,2,6.7,179.1,0.07,14.9,1,100,0,8.9,100,14.93,3.2,0,"2023-2024"
"BAR","FEN","30_8","Regular Season","Marko  Guduric",22,13,1,2,50,1,4,25,8,9,88.9,0,4,4,4,0,2,0,0,3,5,16,"H","W",88,28,29,24,14,13,21,12,8,22,30,9,13,2,20,98,88,28,29,24,14,13,21,12,8,22,30,9,13,2,20,98,0.87,11.5,113,0.08,34.8,2,41.7,1.5,10,65.3,17.39,5.4,0,"2023-2024"
"FEN","BAR","30_8","Regular Season","Jan  Vesely",19,4,2,5,40,0,0,NA,0,0,NA,3,1,4,0,3,1,0,0,1,2,8,"A","L",74,41,25,12,21,8,8,10,14,18,32,7,16,1,24,61,74,41,25,12,21,8,8,10,14,18,32,7,16,1,24,61,0.8,2.9,137.9,0.06,0,0,40,0,5.3,40,34.48,2.9,10.7,"2023-2024"
"FEN","BAR","30_8","Regular Season","Nikola  Kalinic",18,5,1,1,100,1,3,33.3,0,0,NA,1,1,2,1,0,2,0,0,4,2,2,"A","L",74,41,25,12,21,8,8,10,14,18,32,7,16,1,24,61,74,41,25,12,21,8,8,10,14,18,32,7,16,1,24,61,1.25,4.8,104.2,-0.01,20.8,0.5,62.5,0,1.1,62.5,41.67,3.1,3.6,"2023-2024"
"FEN","BAR","30_8","Regular Season","Tomas  Satoransky",26,9,3,5,60,0,2,0,3,4,75,0,5,5,1,1,1,0,0,3,3,10,"A","L",74,41,25,12,21,8,8,10,14,18,32,7,16,1,24,61,74,41,25,12,21,8,8,10,14,18,32,7,16,1,24,61,0.82,9.4,95.7,0.1,10.6,1,42.9,0.57,5.9,51.4,10.64,3.4,0,"2023-2024"
"FEN","BAR","30_8","Regular Season","Nicolas  Laprovittola",19,11,1,4,25,3,6,50,0,0,NA,1,1,2,4,1,6,0,1,5,0,0,"A","L",74,41,25,12,21,8,8,10,14,18,32,7,16,1,24,61,74,41,25,12,21,8,8,10,14,18,32,7,16,1,24,61,1.1,14.4,76.4,0.01,27.8,0.7,55,0,2.4,55,41.67,7.7,3.6,"2023-2024"
"FEN","BAR","30_8","Regular Season","Jabari  Parker",24,4,2,5,40,0,2,0,0,0,NA,0,2,2,0,0,1,0,0,2,0,-2,"A","L",74,41,25,12,21,8,8,10,14,18,32,7,16,1,24,61,74,41,25,12,21,8,8,10,14,18,32,7,16,1,24,61,0.57,7.7,51.9,-0.03,0,0,28.6,0,-1.3,28.6,12.99,3.1,0,"2023-2024"
"FEN","BAR","30_8","Regular Season","Oscar  da Silva",16,2,1,2,50,0,2,0,0,0,NA,4,3,7,0,0,0,0,1,2,0,3,"A","L",74,41,25,12,21,8,8,10,14,18,32,7,16,1,24,61,74,41,25,12,21,8,8,10,14,18,32,7,16,1,24,61,0.5,0,Inf,0.03,NA,NA,25,0,2.5,25,NA,2.3,14.3,"2023-2024"
"FEN","BAR","30_8","Regular Season","Dario  Brizuela",14,18,3,6,50,4,4,100,0,0,NA,0,0,0,0,0,2,0,0,2,1,12,"A","L",74,41,25,12,21,8,8,10,14,18,32,7,16,1,24,61,74,41,25,12,21,8,8,10,14,18,32,7,16,1,24,61,1.8,11.5,156.5,0.15,0,0,90,0,11,90,17.39,7.9,0,"2023-2024"
"FEN","BAR","30_8","Regular Season","Ricard  Rubio",21,8,3,5,60,0,3,0,2,3,66.7,1,2,3,3,2,2,0,0,3,4,9,"A","L",74,41,25,12,21,8,8,10,14,18,32,7,16,1,24,61,74,41,25,12,21,8,8,10,14,18,32,7,16,1,24,61,0.73,9.9,80.8,0.06,30.3,1.5,37.5,0.38,5.4,42.9,20.2,4.9,3.6,"2023-2024"
"FEN","BAR","30_8","Regular Season","Willy  Hernangomez",18,9,4,6,66.7,0,0,NA,1,3,33.3,2,3,5,1,0,1,1,0,1,4,14,"A","L",74,41,25,12,21,8,8,10,14,18,32,7,16,1,24,61,74,41,25,12,21,8,8,10,14,18,32,7,16,1,24,61,1,6.1,147.5,0.12,16.4,1,66.7,0.5,7.9,61.5,16.39,4.2,7.1,"2023-2024"
"FEN","BAR","30_8","Regular Season","Alejandro  Abrines",18,4,1,1,100,0,2,0,2,2,100,2,0,2,0,0,0,0,0,0,4,8,"A","L",74,41,25,12,21,8,8,10,14,18,32,7,16,1,24,61,74,41,25,12,21,8,8,10,14,18,32,7,16,1,24,61,0.8,1.8,222.2,0.04,0,NA,33.3,0.67,3.7,51.5,0,2,7.1,"2023-2024"
"FEN","BAR","30_8","Regular Season","James  Nnaji",3,0,0,0,NA,0,0,NA,0,0,NA,0,0,0,0,0,0,0,0,0,0,0,"A","L",74,41,25,12,21,8,8,10,14,18,32,7,16,1,24,61,74,41,25,12,21,8,8,10,14,18,32,7,16,1,24,61,NA,0,NA,0,NA,NA,NA,NA,0,NA,NA,0,0,"2023-2024"
"FEN","BAR","30_8","Regular Season","Rokas  Jokubaitis",3,0,0,1,0,0,1,0,0,0,NA,0,0,0,0,0,0,0,0,1,0,-3,"A","L",74,41,25,12,21,8,8,10,14,18,32,7,16,1,24,61,74,41,25,12,21,8,8,10,14,18,32,7,16,1,24,61,0,1.9,0,-0.04,0,NA,0,0,-1.8,0,0,6.1,0,"2023-2024"
"BAY","VAL","30_9","Regular Season","Jaime  Pradilla",26,8,3,6,50,0,0,NA,2,2,100,4,4,8,1,0,0,0,0,2,1,13,"H","W",70,33,23,28,18,4,22,12,10,22,32,3,12,0,24,66,70,33,23,28,18,4,22,12,10,22,32,3,12,0,24,66,1,2.8,285.7,0.14,35.7,Inf,50,0.33,8.9,58.1,0,2.6,20,"2023-2024"
"BAY","VAL","30_9","Regular Season","Chris  Jones",29,19,4,9,44.4,2,5,40,5,5,100,1,0,1,3,1,2,0,0,2,2,14,"H","W",70,33,23,28,18,4,22,12,10,22,32,3,12,0,24,66,70,33,23,28,18,4,22,12,10,22,32,3,12,0,24,66,1,16.5,115.2,0.16,18.2,1.5,50,0.36,12.6,58.6,12.12,6.3,5,"2023-2024"
"BAY","VAL","30_9","Regular Season","Damien  Inglis",24,15,6,8,75,0,2,0,3,5,60,0,6,6,3,0,2,0,0,2,4,18,"H","W",70,33,23,28,18,4,22,12,10,22,32,3,12,0,24,66,70,33,23,28,18,4,22,12,10,22,32,3,12,0,24,66,1,13.6,110.3,0.19,22.1,1.5,60,0.5,10.7,61.5,14.71,5.9,0,"2023-2024"
"BAY","VAL","30_9","Regular Season","Stefan  Jovic",26,4,1,4,25,0,3,0,2,4,50,0,1,1,2,1,1,0,0,3,4,0,"H","W",70,33,23,28,18,4,22,12,10,22,32,3,12,0,24,66,70,33,23,28,18,4,22,12,10,22,32,3,12,0,24,66,0.36,9.4,42.6,-0.06,21.3,2,14.3,0.57,-0.8,22.8,10.64,3.7,0,"2023-2024"
"BAY","VAL","30_9","Regular Season","Semi  Ojeleye",30,14,2,3,66.7,1,2,50,7,8,87.5,2,5,7,0,0,4,0,0,5,5,14,"H","W",70,33,23,28,18,4,22,12,10,22,32,3,12,0,24,66,70,33,23,28,18,4,22,12,10,22,32,3,12,0,24,66,1.08,10.1,138.6,0.11,0,0,70,1.6,8.2,82.2,39.6,4.2,10,"2023-2024"
"BAY","VAL","30_9","Regular Season","Victor  Claver",13,0,0,0,NA,0,3,0,0,0,NA,1,0,1,0,0,1,0,0,2,1,-4,"H","W",70,33,23,28,18,4,22,12,10,22,32,3,12,0,24,66,70,33,23,28,18,4,22,12,10,22,32,3,12,0,24,66,0,2.9,0,-0.08,0,0,0,0,-3.2,0,34.48,3.1,5,"2023-2024"
"BAY","VAL","30_9","Regular Season","Justin  Anderson",17,6,0,0,NA,1,2,50,3,4,75,0,4,4,0,1,1,0,0,4,2,6,"H","W",70,33,23,28,18,4,22,12,10,22,32,3,12,0,24,66,70,33,23,28,18,4,22,12,10,22,32,3,12,0,24,66,1,4.6,130.4,0.06,0,0,75,2,4.2,79.8,21.74,2.8,0,"2023-2024"
"BAY","VAL","30_9","Regular Season","Xabi  Lopez-Arostegui",12,2,1,1,100,0,2,0,0,0,NA,1,1,2,0,0,1,0,0,1,4,4,"H","W",70,33,23,28,18,4,22,12,10,22,32,3,12,0,24,66,70,33,23,28,18,4,22,12,10,22,32,3,12,0,24,66,0.67,2.9,69,-0.01,0,0,33.3,0,-0.1,33.3,34.48,3.3,5,"2023-2024"
"BAY","VAL","30_9","Regular Season","Boubacar  Toure",10,2,1,2,50,0,0,NA,0,0,NA,1,1,2,0,0,0,0,0,1,0,2,"H","W",70,33,23,28,18,4,22,12,10,22,32,3,12,0,24,66,70,33,23,28,18,4,22,12,10,22,32,3,12,0,24,66,1,1,200,0.02,0,NA,50,0,1.6,50,0,2,5,"2023-2024"
"BAY","VAL","30_9","Regular Season","Kassius  Robertson",5,0,0,0,NA,0,1,0,0,0,NA,0,0,0,1,0,0,0,0,0,0,0,"H","W",70,33,23,28,18,4,22,12,10,22,32,3,12,0,24,66,70,33,23,28,18,4,22,12,10,22,32,3,12,0,24,66,0,1,0,0,100,Inf,0,0,0,0,0,2,0,"2023-2024"
"BAY","VAL","30_9","Regular Season","Kevin  Pangos",9,0,0,0,NA,0,3,0,0,0,NA,0,0,0,2,0,0,0,0,2,2,-1,"H","W",70,33,23,28,18,4,22,12,10,22,32,3,12,0,24,66,70,33,23,28,18,4,22,12,10,22,32,3,12,0,24,66,0,2.9,0,-0.04,69,Inf,0,0,-1.5,0,0,3.3,0,"2023-2024"
"VAL","BAY","30_9","Regular Season","Carsen  Edwards",24,10,4,7,57.1,0,4,0,2,2,100,0,1,1,0,3,3,0,0,2,5,7,"A","L",68,29,23,23,17,6,16,12,6,23,29,7,14,0,26,64,68,29,23,23,17,6,16,12,6,23,29,7,14,0,26,64,0.77,14.3,69.9,0.03,0,0,36.4,0.18,3.4,42.1,20.98,6.5,0,"2023-2024"
"VAL","BAY","30_9","Regular Season","Leandro  Bolmaro",18,5,1,1,100,1,1,100,0,0,NA,0,4,4,2,0,2,0,0,2,0,7,"A","L",68,29,23,23,17,6,16,12,6,23,29,7,14,0,26,64,68,29,23,23,17,6,16,12,6,23,29,7,14,0,26,64,2.5,3.8,131.6,0.09,52.6,1,125,0,4.2,125,52.63,2.3,0,"2023-2024"
"VAL","BAY","30_9","Regular Season","Vladimir  Lucic",27,7,1,2,50,0,4,0,5,6,83.3,0,4,4,1,0,0,0,0,2,3,7,"A","L",68,29,23,23,17,6,16,12,6,23,29,7,14,0,26,64,68,29,23,23,17,6,16,12,6,23,29,7,14,0,26,64,0.58,8.3,84.3,0.05,12,Inf,16.7,1,3.9,40.5,0,3.4,0,"2023-2024"
"VAL","BAY","30_9","Regular Season","Serge  Ibaka",20,4,1,2,50,0,1,0,2,4,50,1,3,4,1,0,1,0,0,4,3,3,"A","L",68,29,23,23,17,6,16,12,6,23,29,7,14,0,26,64,68,29,23,23,17,6,16,12,6,23,29,7,14,0,26,64,0.57,4.6,87,-0.01,21.7,1,33.3,1.33,1.2,42,21.74,3,8.3,"2023-2024"
"VAL","BAY","30_9","Regular Season","Devin   Booker",26,16,5,10,50,2,2,100,0,1,0,1,5,6,0,0,3,0,0,4,2,11,"A","L",68,29,23,23,17,6,16,12,6,23,29,7,14,0,26,64,68,29,23,23,17,6,16,12,6,23,29,7,14,0,26,64,1.23,13.9,115.1,0.11,0,0,66.7,0.08,7.6,64.3,21.58,6.2,8.3,"2023-2024"
"VAL","BAY","30_9","Regular Season","Nick  Weiler-Babb",21,2,1,2,50,0,4,0,0,0,NA,1,3,4,4,1,1,0,0,3,2,4,"A","L",68,29,23,23,17,6,16,12,6,23,29,7,14,0,26,64,68,29,23,23,17,6,16,12,6,23,29,7,14,0,26,64,0.33,5.8,34.5,0.02,69,4,16.7,0,1.4,16.7,17.24,3.5,8.3,"2023-2024"
"VAL","BAY","30_9","Regular Season","Sylvain  Francisco",22,12,2,3,66.7,2,4,50,2,3,66.7,1,2,3,2,0,1,0,0,2,4,14,"A","L",68,29,23,23,17,6,16,12,6,23,29,7,14,0,26,64,68,29,23,23,17,6,16,12,6,23,29,7,14,0,26,64,1.2,8,150,0.13,25,2,71.4,0.43,9.2,72.1,12.5,4.5,8.3,"2023-2024"
"VAL","BAY","30_9","Regular Season","Niels  Giffey",11,7,0,0,NA,1,2,50,4,5,80,0,0,0,0,1,0,0,0,2,3,7,"A","L",68,29,23,23,17,6,16,12,6,23,29,7,14,0,26,64,68,29,23,23,17,6,16,12,6,23,29,7,14,0,26,64,1,4,175,0.05,0,NA,75,2.5,5.8,83.3,0,4,0,"2023-2024"
"VAL","BAY","30_9","Regular Season","Dino  Radoncic",9,1,0,0,NA,0,0,NA,1,2,50,1,1,2,1,2,1,0,0,1,2,5,"A","L",68,29,23,23,17,6,16,12,6,23,29,7,14,0,26,64,68,29,23,23,17,6,16,12,6,23,29,7,14,0,26,64,0.5,0.8,125,0.03,125,1,NA,Inf,2.9,56.8,125,2.2,8.3,"2023-2024"
"VAL","BAY","30_9","Regular Season","Isaac  Bonga",8,0,0,0,NA,0,1,0,0,0,NA,0,0,0,0,0,0,0,0,3,0,-4,"A","L",68,29,23,23,17,6,16,12,6,23,29,7,14,0,26,64,68,29,23,23,17,6,16,12,6,23,29,7,14,0,26,64,0,1,0,-0.05,0,NA,0,0,-1.9,0,0,1.3,0,"2023-2024"
"VAL","BAY","30_9","Regular Season","Jan Niklas  Wimberg",5,0,0,0,NA,0,0,NA,0,0,NA,0,0,0,1,0,0,0,0,1,0,0,"A","L",68,29,23,23,17,6,16,12,6,23,29,7,14,0,26,64,68,29,23,23,17,6,16,12,6,23,29,7,14,0,26,64,NA,0,NA,0,Inf,Inf,NA,NA,0.3,NA,NA,0,0,"2023-2024"
"VAL","BAY","30_9","Regular Season","Elias  Harris",9,4,2,2,100,0,0,NA,0,0,NA,1,0,1,0,0,2,0,0,0,0,3,"A","L",68,29,23,23,17,6,16,12,6,23,29,7,14,0,26,64,68,29,23,23,17,6,16,12,6,23,29,7,14,0,26,64,2,2.9,137.9,0.03,0,0,100,0,2.1,100,68.97,4.7,8.3,"2023-2024"
"BER","EFE","31_1","Regular Season","Shane  Larkin",14,0,0,1,0,0,3,0,0,0,NA,0,3,3,2,0,0,0,0,1,1,1,"H","W",85,40,28,6,25,10,5,16,6,24,30,7,7,7,19,99,85,40,28,6,25,10,5,16,6,24,30,7,7,7,19,99,0,3.8,0,0,52.6,Inf,0,0,-0.9,0,0,2.9,0,"2023-2024"
"BER","EFE","31_1","Regular Season","Will  Clyburn",22,13,2,3,66.7,3,7,42.9,0,0,NA,1,2,3,1,1,2,1,0,1,4,15,"H","W",85,40,28,6,25,10,5,16,6,24,30,7,7,7,19,99,85,40,28,6,25,10,5,16,6,24,30,7,7,7,19,99,1.3,10.6,122.6,0.06,9.4,0.5,65,0,9.3,65,18.87,5.6,8.3,"2023-2024"
"BER","EFE","31_1","Regular Season","Tibor  Pleiss",15,9,3,6,50,1,4,25,0,0,NA,0,2,2,0,1,0,0,0,0,0,6,"H","W",85,40,28,6,25,10,5,16,6,24,30,7,7,7,19,99,85,40,28,6,25,10,5,16,6,24,30,7,7,7,19,99,0.9,9.6,93.8,0.04,0,NA,45,0,5.2,45,0,6.9,0,"2023-2024"
"BER","EFE","31_1","Regular Season","Justus  Hollatz",13,4,2,3,66.7,0,0,NA,0,0,NA,0,1,1,4,0,0,0,0,1,0,7,"H","W",85,40,28,6,25,10,5,16,6,24,30,7,7,7,19,99,85,40,28,6,25,10,5,16,6,24,30,7,7,7,19,99,1.33,2.9,137.9,0.04,137.9,Inf,66.7,0,5.4,66.7,0,2.4,0,"2023-2024"
"BER","EFE","31_1","Regular Season","Ercan  Osmani",18,7,3,5,60,0,1,0,1,1,100,3,0,3,0,1,0,1,0,2,1,8,"H","W",85,40,28,6,25,10,5,16,6,24,30,7,7,7,19,99,85,40,28,6,25,10,5,16,6,24,30,7,7,7,19,99,1,3.3,212.1,0.03,0,NA,50,0.17,7,54.3,0,3.7,25,"2023-2024"
"BER","EFE","31_1","Regular Season","Rodrigue  Beaubois",22,11,1,4,25,3,4,75,0,0,NA,0,3,3,1,1,1,0,0,0,0,11,"H","W",85,40,28,6,25,10,5,16,6,24,30,7,7,7,19,99,85,40,28,6,25,10,5,16,6,24,30,7,7,7,19,99,1.38,8.6,127.9,0.07,11.6,1,68.8,0,8.6,68.8,11.63,4.2,0,"2023-2024"
"BER","EFE","31_1","Regular Season","Elijah  Bryant",24,24,7,8,87.5,2,3,66.7,4,5,80,1,4,5,4,2,2,1,0,2,4,33,"H","W",85,40,28,6,25,10,5,16,6,24,30,7,7,7,19,99,85,40,28,6,25,10,5,16,6,24,30,7,7,7,19,99,1.5,13.6,176.5,0.18,29.4,2,90.9,0.45,24.1,90.9,14.71,6.5,8.3,"2023-2024"
"BER","EFE","31_1","Regular Season","Darius  Thompson",24,10,5,6,83.3,0,4,0,0,0,NA,1,2,3,3,0,1,1,0,4,2,9,"H","W",85,40,28,6,25,10,5,16,6,24,30,7,7,7,19,99,85,40,28,6,25,10,5,16,6,24,30,7,7,7,19,99,1,9.6,104.2,0.04,31.2,3,50,0,6.5,50,10.42,4.7,8.3,"2023-2024"
"BER","EFE","31_1","Regular Season","Daniel  Oturu",7,0,0,0,NA,0,0,NA,0,0,NA,0,1,1,1,0,0,0,0,2,1,1,"H","W",85,40,28,6,25,10,5,16,6,24,30,7,7,7,19,99,85,40,28,6,25,10,5,16,6,24,30,7,7,7,19,99,NA,0,NA,0,Inf,Inf,NA,NA,0.2,NA,NA,0,0,"2023-2024"
"BER","EFE","31_1","Regular Season","Derek  Willis",22,3,0,1,0,1,2,50,0,0,NA,0,4,4,0,0,1,0,0,3,1,2,"H","W",85,40,28,6,25,10,5,16,6,24,30,7,7,7,19,99,85,40,28,6,25,10,5,16,6,24,30,7,7,7,19,99,1,3.8,78.9,0.01,0,0,50,0,0.3,50,26.32,1.9,0,"2023-2024"
"BER","EFE","31_1","Regular Season","Tyrique  Jones",18,4,2,3,66.7,0,0,NA,0,0,NA,0,2,2,0,1,0,3,1,3,1,6,"H","W",85,40,28,6,25,10,5,16,6,24,30,7,7,7,19,99,85,40,28,6,25,10,5,16,6,24,30,7,7,7,19,99,1.33,2.9,137.9,0.03,0,NA,66.7,0,5.2,66.7,0,1.7,0,"2023-2024"
"EFE","BER","31_1","Regular Season","Martin  Hermannsson",24,6,2,5,40,0,3,0,2,2,100,0,4,4,7,0,1,0,1,1,2,10,"A","L",84,41,26,16,19,12,10,20,15,25,40,5,11,1,15,94,84,41,26,16,19,12,10,20,15,25,40,5,11,1,15,94,0.6,9.5,63.2,0.06,73.7,7,25,0.25,5.9,33.8,10.53,3.9,0,"2023-2024"
"EFE","BER","31_1","Regular Season","Matt  Thomas",26,17,2,4,50,4,9,44.4,1,1,100,0,2,2,3,0,2,0,1,2,1,11,"A","L",84,41,26,16,19,12,10,20,15,25,40,5,11,1,15,94,84,41,26,16,19,12,10,20,15,25,40,5,11,1,15,94,1.21,14.8,114.9,0.07,20.3,1.5,61.5,0.08,10.2,63.2,13.51,5.6,0,"2023-2024"
"EFE","BER","31_1","Regular Season","Louis  Olinde",24,17,1,3,33.3,5,5,100,0,0,NA,2,3,5,1,0,0,0,1,4,0,16,"A","L",84,41,26,16,19,12,10,20,15,25,40,5,11,1,15,94,84,41,26,16,19,12,10,20,15,25,40,5,11,1,15,94,2.12,5.8,293.1,0.11,17.2,Inf,106.2,0,15.2,106.2,0,3.1,6.7,"2023-2024"
"EFE","BER","31_1","Regular Season","Christ  Koumadje",22,11,4,8,50,0,0,NA,3,6,50,8,2,10,0,0,2,0,1,1,4,14,"A","L",84,41,26,16,19,12,10,20,15,25,40,5,11,1,15,94,84,41,26,16,19,12,10,20,15,25,40,5,11,1,15,94,0.79,4.5,244.4,0.05,0,0,50,0.75,9.6,51.7,44.44,5.4,26.7,"2023-2024"
"EFE","BER","31_1","Regular Season","Johannes  Thiemann",24,2,0,2,0,0,0,NA,2,4,50,0,6,6,3,2,1,0,1,0,6,13,"A","L",84,41,26,16,19,12,10,20,15,25,40,5,11,1,15,94,84,41,26,16,19,12,10,20,15,25,40,5,11,1,15,94,0.33,4.6,43.5,0.05,65.2,3,0,2,4.7,26.6,21.74,1.9,0,"2023-2024"
"EFE","BER","31_1","Regular Season","Sterling  Brown",18,9,1,4,25,2,6,33.3,1,1,100,2,5,7,3,1,2,0,2,2,2,9,"A","L",84,41,26,16,19,12,10,20,15,25,40,5,11,1,15,94,84,41,26,16,19,12,10,20,15,25,40,5,11,1,15,94,0.82,10,90,0.05,30,1.5,40,0.1,6.4,43.1,20,6.5,6.7,"2023-2024"
"EFE","BER","31_1","Regular Season","Yannick  Wetzell",18,10,5,6,83.3,0,0,NA,0,0,NA,1,1,2,2,1,2,0,0,2,1,11,"A","L",84,41,26,16,19,12,10,20,15,25,40,5,11,1,15,94,84,41,26,16,19,12,10,20,15,25,40,5,11,1,15,94,1.67,6.7,149.3,0.06,29.9,1,83.3,0,8.4,83.3,29.85,4.2,3.3,"2023-2024"
"EFE","BER","31_1","Regular Season","Malte  Delow",16,7,3,6,50,0,0,NA,1,2,50,1,1,2,0,1,0,1,0,0,3,10,"A","L",84,41,26,16,19,12,10,20,15,25,40,5,11,1,15,94,84,41,26,16,19,12,10,20,15,25,40,5,11,1,15,94,0.88,5.6,125,0.04,0,NA,50,0.33,6.3,50.9,0,4,3.3,"2023-2024"
"EFE","BER","31_1","Regular Season","Jonas  Mattisseck",14,3,0,1,0,1,2,50,0,0,NA,0,1,1,1,0,0,0,0,1,0,2,"A","L",84,41,26,16,19,12,10,20,15,25,40,5,11,1,15,94,84,41,26,16,19,12,10,20,15,25,40,5,11,1,15,94,1,2.9,103.4,0.01,34.5,Inf,50,0,1.9,50,0,2,0,"2023-2024"
"EFE","BER","31_1","Regular Season","Tim  Schneider",13,2,1,2,50,0,1,0,0,0,NA,1,0,1,0,0,1,0,0,2,0,-2,"A","L",84,41,26,16,19,12,10,20,15,25,40,5,11,1,15,94,84,41,26,16,19,12,10,20,15,25,40,5,11,1,15,94,0.67,2.9,69,-0.02,0,0,33.3,0,-0.8,33.3,34.48,2.9,3.3,"2023-2024"
"OLY","VIL","31_2","Regular Season","Mike  Scott",20,2,1,2,50,0,1,0,0,0,NA,0,3,3,1,0,1,0,1,2,0,0,"A","L",64,42,18,10,21,5,7,16,6,22,28,7,13,2,15,63,64,42,18,10,21,5,7,16,6,22,28,7,13,2,15,63,0.67,3.8,52.6,0.01,26.3,1,33.3,0,0.1,33.3,26.32,2.1,0,"2023-2024"
"OLY","VIL","31_2","Regular Season","Paris  Lee",28,7,2,2,100,1,4,25,0,0,NA,0,2,2,5,3,2,0,0,0,1,13,"A","L",64,42,18,10,21,5,7,16,6,22,28,7,13,2,15,63,64,42,18,10,21,5,7,16,6,22,28,7,13,2,15,63,1.17,7.7,90.9,0.12,64.9,2.5,58.3,0,9.1,58.3,25.97,3,0,"2023-2024"
"OLY","VIL","31_2","Regular Season","Timothe  Luwawu-Cabarrot",27,14,5,8,62.5,0,2,0,4,5,80,1,3,4,3,0,2,0,1,3,2,11,"A","L",64,42,18,10,21,5,7,16,6,22,28,7,13,2,15,63,64,42,18,10,21,5,7,16,6,22,28,7,13,2,15,63,0.93,12.7,110.2,0.1,23.6,1.5,50,0.5,9.1,57.4,15.75,5.4,8.3,"2023-2024"
"OLY","VIL","31_2","Regular Season","Edwin  Jackson",14,5,1,1,100,1,1,100,0,0,NA,0,2,2,0,0,0,0,0,0,2,9,"A","L",64,42,18,10,21,5,7,16,6,22,28,7,13,2,15,63,64,42,18,10,21,5,7,16,6,22,28,7,13,2,15,63,2.5,1.9,263.2,0.07,0,NA,125,0,5,125,0,1.5,0,"2023-2024"
"OLY","VIL","31_2","Regular Season","Youssoupha  Fall",20,10,5,8,62.5,0,0,NA,0,1,0,2,3,5,1,1,1,0,1,1,2,12,"A","L",64,42,18,10,21,5,7,16,6,22,28,7,13,2,15,63,64,42,18,10,21,5,7,16,6,22,28,7,13,2,15,63,1.11,7.1,140.8,0.1,14.1,1,62.5,0.12,8.6,59.2,14.08,4.9,16.7,"2023-2024"
"OLY","VIL","31_2","Regular Season","Charles Lombahe Kahudi",16,0,0,0,NA,0,2,0,0,0,NA,1,1,2,0,0,1,0,0,0,0,-1,"A","L",64,42,18,10,21,5,7,16,6,22,28,7,13,2,15,63,64,42,18,10,21,5,7,16,6,22,28,7,13,2,15,63,0,1.9,0,-0.02,0,0,0,0,-1.4,0,52.63,1.9,8.3,"2023-2024"
"OLY","VIL","31_2","Regular Season","Joffrey  Lauvergne",20,10,3,11,27.3,1,2,50,1,2,50,1,3,4,2,0,0,1,3,2,4,6,"A","L",64,42,18,10,21,5,7,16,6,22,28,7,13,2,15,63,64,42,18,10,21,5,7,16,6,22,28,7,13,2,15,63,0.67,12.4,80.6,0.04,16.1,Inf,34.6,0.15,5,36,0,7.2,8.3,"2023-2024"
"OLY","VIL","31_2","Regular Season","Nando  de Colo",23,10,3,5,60,1,5,20,1,1,100,0,1,1,2,1,4,1,0,1,4,8,"A","L",64,42,18,10,21,5,7,16,6,22,28,7,13,2,15,63,64,42,18,10,21,5,7,16,6,22,28,7,13,2,15,63,0.91,13.9,71.9,0.04,14.4,0.5,45,0.1,3.6,47.9,28.78,6.5,0,"2023-2024"
"OLY","VIL","31_2","Regular Season","Mbaye  Ndiaye",20,3,0,1,0,1,1,100,0,0,NA,1,2,3,1,1,1,0,0,2,2,6,"A","L",64,42,18,10,21,5,7,16,6,22,28,7,13,2,15,63,64,42,18,10,21,5,7,16,6,22,28,7,13,2,15,63,1.5,1.9,157.9,0.04,52.6,1,75,0,3.2,75,52.63,1.6,8.3,"2023-2024"
"OLY","VIL","31_2","Regular Season","Noam  Yaacov",12,3,1,4,25,0,0,NA,1,1,100,0,2,2,1,1,1,0,1,4,1,-1,"A","L",64,42,18,10,21,5,7,16,6,22,28,7,13,2,15,63,64,42,18,10,21,5,7,16,6,22,28,7,13,2,15,63,0.6,5.2,57.7,-0.01,19.2,1,25,0.25,0.3,33.8,19.23,4.7,0,"2023-2024"
"VIL","OLY","31_2","Regular Season","Thomas  Walkup",21,5,1,3,33.3,1,3,33.3,0,0,NA,0,1,1,3,0,2,0,0,2,0,1,"H","W",80,36,25,9,21,10,8,24,7,24,31,7,11,7,18,102,80,36,25,9,21,10,8,24,7,24,31,7,11,7,18,102,0.83,7.7,64.9,0.01,39,1.5,41.7,0,1.2,41.7,25.97,4,0,"2023-2024"
"VIL","OLY","31_2","Regular Season","Isaiah  Canaan",19,5,0,3,0,1,5,20,2,2,100,0,1,1,2,3,1,0,0,2,1,2,"H","W",80,36,25,9,21,10,8,24,7,24,31,7,11,7,18,102,80,36,25,9,21,10,8,24,7,24,31,7,11,7,18,102,0.5,9.5,52.6,0.01,21.1,2,18.8,0.25,2.7,28.2,10.53,5.5,0,"2023-2024"
"VIL","OLY","31_2","Regular Season","Moustapha  Fall",23,12,5,6,83.3,0,0,NA,2,3,66.7,2,4,6,4,0,1,4,0,2,4,25,"H","W",80,36,25,9,21,10,8,24,7,24,31,7,11,7,18,102,80,36,25,9,21,10,8,24,7,24,31,7,11,7,18,102,1.33,6.1,196.7,0.11,65.6,4,83.3,0.5,15.8,82,16.39,3.8,14.3,"2023-2024"
"VIL","OLY","31_2","Regular Season","Kostas  Papanikolaou",20,6,3,5,60,0,2,0,0,0,NA,1,5,6,1,1,1,0,1,2,1,7,"H","W",80,36,25,9,21,10,8,24,7,24,31,7,11,7,18,102,80,36,25,9,21,10,8,24,7,24,31,7,11,7,18,102,0.86,6.7,89.6,0.04,14.9,1,42.9,0,4.4,42.9,14.93,4.2,7.1,"2023-2024"
"VIL","OLY","31_2","Regular Season","Alec  Peters",32,17,5,7,71.4,2,4,50,1,1,100,2,4,6,3,0,1,1,1,2,1,20,"H","W",80,36,25,9,21,10,8,24,7,24,31,7,11,7,18,102,80,36,25,9,21,10,8,24,7,24,31,7,11,7,18,102,1.42,10,170,0.11,30,3,72.7,0.09,15.7,74.3,10,4.1,14.3,"2023-2024"
"VIL","OLY","31_2","Regular Season","Nigel  Williams-Goss",21,2,1,3,33.3,0,1,0,0,0,NA,1,4,5,5,0,1,0,0,3,2,7,"H","W",80,36,25,9,21,10,8,24,7,24,31,7,11,7,18,102,80,36,25,9,21,10,8,24,7,24,31,7,11,7,18,102,0.5,3.8,52.6,0.03,131.6,5,25,0,2.8,25,26.32,2.5,7.1,"2023-2024"
"VIL","OLY","31_2","Regular Season","Moses  Wright",17,7,3,5,60,0,1,0,1,1,100,0,3,3,1,1,1,2,0,1,3,12,"H","W",80,36,25,9,21,10,8,24,7,24,31,7,11,7,18,102,80,36,25,9,21,10,8,24,7,24,31,7,11,7,18,102,1,7.1,98.6,0.05,14.1,1,50,0.17,6.6,54.3,14.08,4.6,0,"2023-2024"
"VIL","OLY","31_2","Regular Season","Giannoulis  Larentzakis",20,9,0,1,0,3,4,75,0,0,NA,0,1,1,3,0,1,0,0,3,2,9,"H","W",80,36,25,9,21,10,8,24,7,24,31,7,11,7,18,102,80,36,25,9,21,10,8,24,7,24,31,7,11,7,18,102,1.8,5.8,155.2,0.04,51.7,3,90,0,6.9,90,17.24,3.2,0,"2023-2024"
"VIL","OLY","31_2","Regular Season","Filip  Petrusev",7,8,3,3,100,0,0,NA,2,2,100,0,0,0,0,1,0,0,0,1,1,9,"H","W",80,36,25,9,21,10,8,24,7,24,31,7,11,7,18,102,80,36,25,9,21,10,8,24,7,24,31,7,11,7,18,102,1.6,3.7,216.2,0.05,0,NA,100,0.67,7.7,103.1,0,5.8,0,"2023-2024"
"VIL","OLY","31_2","Regular Season","Shaquielle  McKissic",20,9,0,0,NA,3,5,60,0,0,NA,1,1,2,2,1,2,0,0,0,0,10,"H","W",80,36,25,9,21,10,8,24,7,24,31,7,11,7,18,102,80,36,25,9,21,10,8,24,7,24,31,7,11,7,18,102,1.8,5.8,155.2,0.06,34.5,1,90,0,8.1,90,34.48,3.7,7.1,"2023-2024"
"PAR","RMB","31_3","Regular Season","Fabien  Causeur",22,10,4,8,50,0,3,0,2,2,100,2,0,2,3,1,1,0,0,3,2,7,"A","W",88,44,24,18,23,9,15,23,11,28,39,2,4,1,21,109,88,44,24,18,23,9,15,23,11,28,39,2,4,1,21,109,0.77,10.4,96.2,0.02,28.8,3,36.4,0.18,6.2,42.1,9.62,5.9,9.1,"2023-2024"
"PAR","RMB","31_3","Regular Season","Facundo  Campazzo",22,7,2,2,100,1,4,25,0,0,NA,0,2,2,8,1,1,0,0,4,2,12,"A","W",88,44,24,18,23,9,15,23,11,28,39,2,4,1,21,109,88,44,24,18,23,9,15,23,11,28,39,2,4,1,21,109,1.17,6.7,104.5,0.06,119.4,8,58.3,0,8.6,58.3,14.93,3.2,0,"2023-2024"
"PAR","RMB","31_3","Regular Season","Mario  Hezonja",32,25,3,8,37.5,5,6,83.3,4,6,66.7,0,6,6,4,0,0,0,0,0,6,33,"A","W",88,44,24,18,23,9,15,23,11,28,39,2,4,1,21,109,88,44,24,18,23,9,15,23,11,28,39,2,4,1,21,109,1.25,16,156.2,0.16,25,Inf,75,0.43,22.2,75.1,0,5.2,0,"2023-2024"
"PAR","RMB","31_3","Regular Season","Gabriel  Deck",19,13,5,6,83.3,0,1,0,3,3,100,2,3,5,1,0,1,0,0,1,3,18,"A","W",88,44,24,18,23,9,15,23,11,28,39,2,4,1,21,109,88,44,24,18,23,9,15,23,11,28,39,2,4,1,21,109,1.3,7,185.7,0.08,14.3,1,71.4,0.43,11.7,78.1,14.29,4.9,9.1,"2023-2024"
"PAR","RMB","31_3","Regular Season","Vincent  Poirier",20,7,2,3,66.7,0,0,NA,3,4,75,3,5,8,1,0,1,0,0,3,4,14,"A","W",88,44,24,18,23,9,15,23,11,28,39,2,4,1,21,109,88,44,24,18,23,9,15,23,11,28,39,2,4,1,21,109,1,2.6,269.2,0.05,38.5,1,66.7,1.33,7.4,73.5,38.46,2.9,13.6,"2023-2024"
"PAR","RMB","31_3","Regular Season","Alberto   Abalde",19,5,1,2,50,1,4,25,0,0,NA,2,2,4,0,0,0,0,0,1,0,4,"A","W",88,44,24,18,23,9,15,23,11,28,39,2,4,1,21,109,88,44,24,18,23,9,15,23,11,28,39,2,4,1,21,109,0.83,3.8,131.6,0.02,0,NA,41.7,0,3.2,41.7,0,3.2,9.1,"2023-2024"
"PAR","RMB","31_3","Regular Season","Hugo  Gonzalez",3,0,0,0,NA,0,1,0,0,0,NA,0,0,0,0,0,0,0,0,1,0,-2,"A","W",88,44,24,18,23,9,15,23,11,28,39,2,4,1,21,109,88,44,24,18,23,9,15,23,11,28,39,2,4,1,21,109,0,1,0,-0.01,0,NA,0,0,-1.1,0,0,3.3,0,"2023-2024"
"PAR","RMB","31_3","Regular Season","Carlos  Alocen",12,0,0,1,0,0,2,0,0,0,NA,0,2,2,2,0,0,0,0,1,0,0,"A","W",88,44,24,18,23,9,15,23,11,28,39,2,4,1,21,109,88,44,24,18,23,9,15,23,11,28,39,2,4,1,21,109,0,2.9,0,0,69,Inf,0,0,-0.5,0,0,2.5,0,"2023-2024"
"PAR","RMB","31_3","Regular Season","Walter  Tavares",17,8,4,9,44.4,0,0,NA,0,0,NA,0,2,2,1,0,0,0,0,2,1,5,"A","W",88,44,24,18,23,9,15,23,11,28,39,2,4,1,21,109,88,44,24,18,23,9,15,23,11,28,39,2,4,1,21,109,0.89,8.6,93,0.02,11.6,Inf,44.4,0,3.8,44.4,0,5.3,0,"2023-2024"
"PAR","RMB","31_3","Regular Season","Guerschon  Yabusele",26,10,2,3,66.7,2,3,66.7,0,0,NA,1,6,7,3,0,0,0,0,3,0,15,"A","W",88,44,24,18,23,9,15,23,11,28,39,2,4,1,21,109,88,44,24,18,23,9,15,23,11,28,39,2,4,1,21,109,1.67,4.8,208.3,0.09,62.5,Inf,83.3,0,10.8,83.3,0,2.3,4.5,"2023-2024"
"PAR","RMB","31_3","Regular Season","Dzanan  Musa",8,3,0,2,0,0,0,NA,3,3,100,1,0,1,0,0,0,1,0,2,2,3,"A","W",88,44,24,18,23,9,15,23,11,28,39,2,4,1,21,109,88,44,24,18,23,9,15,23,11,28,39,2,4,1,21,109,0.6,2.2,136.4,0,0,NA,0,1.5,2.2,45.2,0,4.2,4.5,"2023-2024"
"RMB","PAR","31_3","Regular Season","Kevin  Punter",33,16,5,9,55.6,1,8,12.5,3,4,75,0,7,7,3,0,1,0,0,3,6,16,"H","L",76,37,29,16,21,7,13,9,9,22,31,3,7,0,20,71,76,37,29,16,21,7,13,9,9,22,31,3,7,0,20,71,0.76,19,84.2,0.11,15.8,3,38.2,0.24,8.1,42.6,5.26,6,0,"2023-2024"
"RMB","PAR","31_3","Regular Season","P.J.  Dozier",12,3,1,2,50,0,2,0,1,2,50,0,0,0,1,2,3,0,0,3,2,-2,"H","L",76,37,29,16,21,7,13,9,9,22,31,3,7,0,20,71,76,37,29,16,21,7,13,9,9,22,31,3,7,0,20,71,0.5,7.6,39.5,-0.04,13.2,0.3,25,0.5,-1.3,30.7,39.47,6.6,0,"2023-2024"
"RMB","PAR","31_3","Regular Season","Mateusz  Ponitka",17,0,0,0,NA,0,0,NA,0,0,NA,2,1,3,0,0,0,0,0,2,1,2,"H","L",76,37,29,16,21,7,13,9,9,22,31,3,7,0,20,71,76,37,29,16,21,7,13,9,9,22,31,3,7,0,20,71,NA,-1.9,0,0,0,NA,NA,NA,0.9,NA,0,0,11.1,"2023-2024"
"RMB","PAR","31_3","Regular Season","Frank  Kaminsky",28,19,4,6,66.7,3,7,42.9,2,2,100,2,2,4,2,0,2,0,0,3,2,16,"H","L",76,37,29,16,21,7,13,9,9,22,31,3,7,0,20,71,76,37,29,16,21,7,13,9,9,22,31,3,7,0,20,71,1.27,13.3,142.9,0.14,15,1,65.4,0.15,12.9,68.4,15.04,5.7,11.1,"2023-2024"
"RMB","PAR","31_3","Regular Season","Bruno  Caboclo",22,9,3,4,75,1,3,33.3,0,0,NA,2,4,6,0,0,0,0,0,1,0,11,"H","L",76,37,29,16,21,7,13,9,9,22,31,3,7,0,20,71,76,37,29,16,21,7,13,9,9,22,31,3,7,0,20,71,1.29,4.8,187.5,0.11,0,NA,64.3,0,7.9,64.3,0,3.2,11.1,"2023-2024"
"RMB","PAR","31_3","Regular Season","Aleksa  Avramovic",26,10,3,8,37.5,1,3,33.3,1,2,50,0,1,1,0,0,0,0,0,2,2,3,"H","L",76,37,29,16,21,7,13,9,9,22,31,3,7,0,20,71,76,37,29,16,21,7,13,9,9,22,31,3,7,0,20,71,0.77,11.4,87.7,0.01,0,NA,40.9,0.18,3,42.1,0,4.6,0,"2023-2024"
"RMB","PAR","31_3","Regular Season","Alen  Smailagic",19,0,0,0,NA,0,1,0,0,0,NA,2,2,4,0,1,0,0,0,1,2,5,"H","L",76,37,29,16,21,7,13,9,9,22,31,3,7,0,20,71,76,37,29,16,21,7,13,9,9,22,31,3,7,0,20,71,0,-1,0,0.02,0,NA,0,0,1.9,0,0,0.5,11.1,"2023-2024"
"RMB","PAR","31_3","Regular Season","Ognjen  Jaramaz",3,0,0,1,0,0,1,0,0,0,NA,0,0,0,0,0,0,0,0,1,0,-3,"H","L",76,37,29,16,21,7,13,9,9,22,31,3,7,0,20,71,76,37,29,16,21,7,13,9,9,22,31,3,7,0,20,71,0,1.9,0,-0.03,0,NA,0,0,-1.8,0,0,6.7,0,"2023-2024"
"RMB","PAR","31_3","Regular Season","James  Nunnally",32,16,5,6,83.3,1,3,33.3,3,3,100,1,4,5,3,0,1,0,0,4,5,21,"H","L",76,37,29,16,21,7,13,9,9,22,31,3,7,0,20,71,76,37,29,16,21,7,13,9,9,22,31,3,7,0,20,71,1.33,9.9,161.6,0.17,30.3,3,72.2,0.33,13.5,77.5,10.1,3.5,5.6,"2023-2024"
"RMB","PAR","31_3","Regular Season","Danilo  Andjusic",6,3,0,1,0,0,1,0,3,3,100,0,1,1,0,0,0,0,1,0,1,2,"H","L",76,37,29,16,21,7,13,9,9,22,31,3,7,0,20,71,76,37,29,16,21,7,13,9,9,22,31,3,7,0,20,71,0.6,3.2,93.8,0.02,0,NA,0,1.5,1.9,45.2,0,5.5,0,"2023-2024"
"BAS","ZAL","31_4","Regular Season","Keenan  Evans",25,20,4,7,57.1,2,5,40,6,6,100,2,0,2,4,0,2,0,0,3,5,20,"H","W",94,49,23,16,26,9,15,17,14,22,36,10,10,2,22,102,94,49,23,16,26,9,15,17,14,22,36,10,10,2,22,102,1.11,14.1,141.8,0.09,28.4,2,58.3,0.5,15,68.3,14.18,6,7.1,"2023-2024"
"BAS","ZAL","31_4","Regular Season","Dovydas  Giedraitis",23,4,1,4,25,0,1,0,2,2,100,0,0,0,1,3,1,0,1,1,1,2,"H","W",94,49,23,16,26,9,15,17,14,22,36,10,10,2,22,102,94,49,23,16,26,9,15,17,14,22,36,10,10,2,22,102,0.57,6.6,60.6,0.01,15.2,1,20,0.4,3.2,34,15.15,2.7,0,"2023-2024"
"BAS","ZAL","31_4","Regular Season","Laurynas  Birutis",12,8,4,7,57.1,0,0,NA,0,0,NA,2,4,6,1,0,1,2,1,1,2,13,"H","W",94,49,23,16,26,9,15,17,14,22,36,10,10,2,22,102,94,49,23,16,26,9,15,17,14,22,36,10,10,2,22,102,1.14,5.8,137.9,0.06,17.2,1,57.1,0,8,57.1,17.24,6,7.1,"2023-2024"
"BAS","ZAL","31_4","Regular Season","Danielius  Lavrinovicius",5,0,0,0,NA,0,1,0,0,0,NA,0,1,1,0,0,0,0,0,0,0,0,"H","W",94,49,23,16,26,9,15,17,14,22,36,10,10,2,22,102,94,49,23,16,26,9,15,17,14,22,36,10,10,2,22,102,0,1,0,0,0,NA,0,0,-0.4,0,0,1.8,0,"2023-2024"
"BAS","ZAL","31_4","Regular Season","Edgaras  Ulanovas",21,11,3,7,42.9,1,4,25,2,2,100,5,2,7,2,1,0,0,0,4,2,12,"H","W",94,49,23,16,26,9,15,17,14,22,36,10,10,2,22,102,94,49,23,16,26,9,15,17,14,22,36,10,10,2,22,102,0.85,6.6,166.7,0.05,30.3,Inf,40.9,0.18,9.8,46.3,0,5.1,17.9,"2023-2024"
"BAS","ZAL","31_4","Regular Season","Lukas  Lekavicius",13,7,1,4,25,1,2,50,2,2,100,0,1,1,1,1,0,0,0,2,1,5,"H","W",94,49,23,16,26,9,15,17,14,22,36,10,10,2,22,102,94,49,23,16,26,9,15,17,14,22,36,10,10,2,22,102,0.88,6.6,106.1,0.02,15.2,Inf,41.7,0.33,4.8,50.9,0,4.8,0,"2023-2024"
"BAS","ZAL","31_4","Regular Season","Kevarrius  Hayes",28,17,8,10,80,0,0,NA,1,2,50,1,6,7,0,1,0,0,0,3,1,20,"H","W",94,49,23,16,26,9,15,17,14,22,36,10,10,2,22,102,94,49,23,16,26,9,15,17,14,22,36,10,10,2,22,102,1.42,9.5,178.9,0.11,0,NA,80,0.2,15.1,78.1,0,3.5,3.6,"2023-2024"
"BAS","ZAL","31_4","Regular Season","Nedas  Montvila",1,0,0,0,NA,0,0,NA,0,0,NA,0,0,0,0,0,0,0,0,0,0,0,"H","W",94,49,23,16,26,9,15,17,14,22,36,10,10,2,22,102,94,49,23,16,26,9,15,17,14,22,36,10,10,2,22,102,NA,0,NA,0,NA,NA,NA,NA,0,NA,NA,0,0,"2023-2024"
"BAS","ZAL","31_4","Regular Season","Edmond  Sumner",14,5,1,4,25,1,2,50,0,0,NA,0,2,2,2,2,3,0,0,2,1,3,"H","W",94,49,23,16,26,9,15,17,14,22,36,10,10,2,22,102,94,49,23,16,26,9,15,17,14,22,36,10,10,2,22,102,0.83,8.6,58.1,0.01,23.3,0.7,41.7,0,1.8,41.7,34.88,5.8,0,"2023-2024"
"BAS","ZAL","31_4","Regular Season","Tomas  Dimsa",17,5,1,2,50,1,3,33.3,0,0,NA,1,2,3,2,0,0,0,0,1,1,7,"H","W",94,49,23,16,26,9,15,17,14,22,36,10,10,2,22,102,94,49,23,16,26,9,15,17,14,22,36,10,10,2,22,102,1,3.8,131.6,0.03,52.6,Inf,50,0,4.6,50,0,2.6,3.6,"2023-2024"
"BAS","ZAL","31_4","Regular Season","Brady   Manek",18,7,1,1,100,1,2,50,2,2,100,0,2,2,1,0,3,0,0,2,1,5,"H","W",94,49,23,16,26,9,15,17,14,22,36,10,10,2,22,102,94,49,23,16,26,9,15,17,14,22,36,10,10,2,22,102,1.4,6.6,106.1,0.02,15.2,0.3,83.3,0.67,3.2,90.2,45.45,3.4,0,"2023-2024"
"BAS","ZAL","31_4","Regular Season","Arnas  Butkevicius",22,10,2,3,66.7,2,3,66.7,0,0,NA,3,2,5,3,2,0,0,1,3,1,15,"H","W",94,49,23,16,26,9,15,17,14,22,36,10,10,2,22,102,94,49,23,16,26,9,15,17,14,22,36,10,10,2,22,102,1.67,2.9,344.8,0.08,103.4,Inf,83.3,0,13,83.3,0,2.5,10.7,"2023-2024"
"ZAL","BAS","31_4","Regular Season","Markus  Howard",28,14,4,6,66.7,2,9,22.2,0,0,NA,0,2,2,3,0,0,1,0,1,1,11,"A","L",76,41,22,18,26,4,12,15,7,20,27,3,13,3,16,76,76,41,22,18,26,4,12,15,7,20,27,3,13,3,16,76,0.93,14.4,97.2,0.09,20.8,Inf,46.7,0,8.9,46.7,0,5.1,0,"2023-2024"
"ZAL","BAS","31_4","Regular Season","Tadas  Sedekerskis",18,2,1,1,100,0,0,NA,0,0,NA,0,5,5,1,0,0,1,0,0,3,12,"A","L",76,41,22,18,26,4,12,15,7,20,27,3,13,3,16,76,76,41,22,18,26,4,12,15,7,20,27,3,13,3,16,76,2,1,200,0.08,100,Inf,100,0,4.6,100,0,0.5,0,"2023-2024"
"ZAL","BAS","31_4","Regular Season","Vanja  Marinkovic",30,12,2,5,40,2,6,33.3,2,3,66.7,0,2,2,1,0,1,0,1,3,2,4,"A","L",76,41,22,18,26,4,12,15,7,20,27,3,13,3,16,76,76,41,22,18,26,4,12,15,7,20,27,3,13,3,16,76,0.86,12.8,93.8,0.03,7.8,1,45.5,0.27,4.6,48.7,7.81,4.2,0,"2023-2024"
"ZAL","BAS","31_4","Regular Season","Codi  Miller-McIntyre",31,16,7,9,77.8,0,1,0,2,2,100,0,1,1,7,0,6,0,1,3,2,13,"A","L",76,41,22,18,26,4,12,15,7,20,27,3,13,3,16,76,76,41,22,18,26,4,12,15,7,20,27,3,13,3,16,76,1.33,16.2,98.8,0.12,43.2,1.2,70,0.2,9.8,73.5,37.04,5.2,0,"2023-2024"
"ZAL","BAS","31_4","Regular Season","Maik  Kotsar",13,7,3,5,60,0,0,NA,1,2,50,0,1,1,1,0,1,0,0,2,2,5,"A","L",76,41,22,18,26,4,12,15,7,20,27,3,13,3,16,76,76,41,22,18,26,4,12,15,7,20,27,3,13,3,16,76,1,6.6,106.1,0.03,15.2,1,60,0.4,3.5,59.5,15.15,5,0,"2023-2024"
"ZAL","BAS","31_4","Regular Season","Christopher  Chiozza",8,0,0,0,NA,0,0,NA,0,0,NA,0,0,0,1,0,2,0,0,0,1,0,"A","L",76,41,22,18,26,4,12,15,7,20,27,3,13,3,16,76,76,41,22,18,26,4,12,15,7,20,27,3,13,3,16,76,NA,1.9,0,-0.01,52.6,0.5,NA,NA,-1.3,NA,105.26,2.4,0,"2023-2024"
"ZAL","BAS","31_4","Regular Season","Daniel  Diez",8,2,1,1,100,0,0,NA,0,0,NA,1,2,3,0,0,0,0,0,3,0,2,"A","L",76,41,22,18,26,4,12,15,7,20,27,3,13,3,16,76,76,41,22,18,26,4,12,15,7,20,27,3,13,3,16,76,2,0,Inf,0.01,NA,NA,100,0,1.8,100,NA,1.2,7.1,"2023-2024"
"ZAL","BAS","31_4","Regular Season","Nikos  Rogkavopoulos",11,0,0,0,NA,0,0,NA,0,0,NA,0,0,0,0,0,0,0,0,0,0,0,"A","L",76,41,22,18,26,4,12,15,7,20,27,3,13,3,16,76,76,41,22,18,26,4,12,15,7,20,27,3,13,3,16,76,NA,0,NA,0,NA,NA,NA,NA,0,NA,NA,0,0,"2023-2024"
"ZAL","BAS","31_4","Regular Season","Matthew  Costello",23,11,5,6,83.3,0,4,0,1,2,50,2,4,6,1,1,1,1,0,3,3,13,"A","L",76,41,22,18,26,4,12,15,7,20,27,3,13,3,16,76,76,41,22,18,26,4,12,15,7,20,27,3,13,3,16,76,0.92,9.5,115.8,0.08,10.5,1,50,0.2,8.4,50.6,10.53,4.9,14.3,"2023-2024"
"ZAL","BAS","31_4","Regular Season","Jordan  Theodore",3,0,0,1,0,0,1,0,0,0,NA,1,0,1,0,0,1,0,0,0,0,-2,"A","L",76,41,22,18,26,4,12,15,7,20,27,3,13,3,16,76,76,41,22,18,26,4,12,15,7,20,27,3,13,3,16,76,0,1.9,0,-0.02,0,0,0,0,-1.7,0,52.63,9.5,7.1,"2023-2024"
"ZAL","BAS","31_4","Regular Season","Chima  Moneke",26,12,3,7,42.9,0,1,0,6,9,66.7,3,3,6,0,2,1,0,0,1,8,18,"A","L",76,41,22,18,26,4,12,15,7,20,27,3,13,3,16,76,76,41,22,18,26,4,12,15,7,20,27,3,13,3,16,76,0.71,9.6,125,0.08,0,0,37.5,1.12,10,50.2,10.42,4.8,21.4,"2023-2024"
"BAY","MAC","31_5","Regular Season","Lorenzo  Brown",28,12,5,12,41.7,0,0,NA,2,2,100,1,1,2,5,0,3,0,0,0,3,12,"A","W",89,42,20,24,24,7,20,16,9,23,32,10,10,3,17,112,89,42,20,24,24,7,20,16,9,23,32,10,10,3,17,112,0.86,14.3,83.9,0.05,35,1.7,41.7,0.17,7.1,46.6,20.98,5.5,5.6,"2023-2024"
"BAY","MAC","31_5","Regular Season","Wade  Baldwin IV",28,15,5,10,50,0,4,0,5,5,100,0,3,3,2,0,2,0,1,1,7,14,"A","W",89,42,20,24,24,7,20,16,9,23,32,10,10,3,17,112,89,42,20,24,24,7,20,16,9,23,32,10,10,3,17,112,0.79,17.5,85.7,0.05,11.4,1,35.7,0.36,7.1,46.3,11.43,6.3,0,"2023-2024"
"BAY","MAC","31_5","Regular Season","Jake  Cohen",7,0,0,0,NA,0,0,NA,0,0,NA,0,2,2,0,1,0,0,0,2,2,3,"A","W",89,42,20,24,24,7,20,16,9,23,32,10,10,3,17,112,89,42,20,24,24,7,20,16,9,23,32,10,10,3,17,112,NA,0,NA,0.01,NA,NA,NA,NA,0.8,NA,NA,0,0,"2023-2024"
"BAY","MAC","31_5","Regular Season","Josh  Nebo",28,10,3,3,100,0,0,NA,4,6,66.7,4,3,7,0,2,2,1,0,4,4,16,"A","W",89,42,20,24,24,7,20,16,9,23,32,10,10,3,17,112,89,42,20,24,24,7,20,16,9,23,32,10,10,3,17,112,1.11,3.5,285.7,0.06,0,0,100,2,11.1,88.7,57.14,2.6,22.2,"2023-2024"
"BAY","MAC","31_5","Regular Season","Bonzie  Colson",34,6,1,3,33.3,1,2,50,1,1,100,0,6,6,1,1,2,1,0,0,1,11,"A","W",89,42,20,24,24,7,20,16,9,23,32,10,10,3,17,112,89,42,20,24,24,7,20,16,9,23,32,10,10,3,17,112,1,7.1,84.5,0.06,14.1,0.5,50,0.2,5.5,55.1,28.17,2.1,0,"2023-2024"
"BAY","MAC","31_5","Regular Season","Antonius  Cleveland",17,8,1,4,25,2,4,50,0,1,0,3,1,4,1,2,0,1,0,4,1,7,"A","W",89,42,20,24,24,7,20,16,9,23,32,10,10,3,17,112,89,42,20,24,24,7,20,16,9,23,32,10,10,3,17,112,0.89,5.2,153.8,0.02,19.2,Inf,50,0.12,7.4,47.4,0,4.8,16.7,"2023-2024"
"BAY","MAC","31_5","Regular Season","James  Webb III",21,12,1,1,100,3,4,75,1,2,50,0,4,4,0,2,0,0,0,2,2,16,"A","W",89,42,20,24,24,7,20,16,9,23,32,10,10,3,17,112,89,42,20,24,24,7,20,16,9,23,32,10,10,3,17,112,1.71,5.6,214.3,0.09,0,NA,110,0.4,12.1,102,0,2.7,0,"2023-2024"
"BAY","MAC","31_5","Regular Season","John  Dibartolomeo",12,4,1,1,100,0,2,0,2,2,100,0,3,3,1,0,0,0,0,0,2,8,"A","W",89,42,20,24,24,7,20,16,9,23,32,10,10,3,17,112,89,42,20,24,24,7,20,16,9,23,32,10,10,3,17,112,0.8,3.7,108.1,0.04,27,Inf,33.3,0.67,3.9,51.5,0,3.1,0,"2023-2024"
"BAY","MAC","31_5","Regular Season","Jasiel  Rivero",12,17,6,7,85.7,0,0,NA,5,5,100,1,0,1,0,2,1,0,0,2,3,19,"A","W",89,42,20,24,24,7,20,16,9,23,32,10,10,3,17,112,89,42,20,24,24,7,20,16,9,23,32,10,10,3,17,112,1.42,8.8,193.2,0.09,0,0,85.7,0.71,15.4,92.4,11.36,8.2,5.6,"2023-2024"
"BAY","MAC","31_5","Regular Season","Tamir  Blatt",12,5,1,1,100,1,4,25,0,0,NA,0,0,0,6,0,0,0,0,2,0,6,"A","W",89,42,20,24,24,7,20,16,9,23,32,10,10,3,17,112,89,42,20,24,24,7,20,16,9,23,32,10,10,3,17,112,1,4.8,104.2,0.04,125,Inf,50,0,5.7,50,0,4,0,"2023-2024"
"MAC","BAY","31_5","Regular Season","Nick  Weiler-Babb",16,3,0,0,NA,1,4,25,0,0,NA,0,3,3,2,0,1,0,0,3,4,5,"H","L",74,32,32,13,20,9,7,13,9,22,31,4,14,1,25,57,74,32,32,13,20,9,7,13,9,22,31,4,14,1,25,57,0.75,4.8,62.5,0.01,41.7,2,37.5,0,0.7,37.5,20.83,3,0,"2023-2024"
"MAC","BAY","31_5","Regular Season","Carsen  Edwards",30,12,3,6,50,2,8,25,0,0,NA,0,3,3,1,2,1,0,2,2,0,4,"H","L",74,32,32,13,20,9,7,13,9,22,31,4,14,1,25,57,74,32,32,13,20,9,7,13,9,22,31,4,14,1,25,57,0.86,14.4,83.3,0.08,6.9,1,42.9,0,6,42.9,6.94,4.8,0,"2023-2024"
"MAC","BAY","31_5","Regular Season","Niels  Giffey",15,2,1,1,100,0,2,0,0,0,NA,1,0,1,0,0,1,0,0,2,0,-2,"H","L",74,32,32,13,20,9,7,13,9,22,31,4,14,1,25,57,74,32,32,13,20,9,7,13,9,22,31,4,14,1,25,57,0.67,2.9,69,-0.03,0,0,33.3,0,-0.8,33.3,34.48,2.5,5.6,"2023-2024"
"MAC","BAY","31_5","Regular Season","Vladimir  Lucic",30,8,1,1,100,1,3,33.3,3,4,75,1,1,2,0,0,2,0,0,0,3,8,"H","L",74,32,32,13,20,9,7,13,9,22,31,4,14,1,25,57,74,32,32,13,20,9,7,13,9,22,31,4,14,1,25,57,1,6.5,123.1,0.06,0,0,62.5,1,4.6,69.4,30.77,2.5,5.6,"2023-2024"
"MAC","BAY","31_5","Regular Season","Serge  Ibaka",26,14,4,8,50,2,2,100,0,1,0,2,6,8,3,1,1,1,0,3,1,19,"H","L",74,32,32,13,20,9,7,13,9,22,31,4,14,1,25,57,74,32,32,13,20,9,7,13,9,22,31,4,14,1,25,57,1.27,9.1,153.8,0.22,33,3,70,0.1,13.8,67,10.99,4.2,11.1,"2023-2024"
"MAC","BAY","31_5","Regular Season","Sylvain  Francisco",14,0,0,2,0,0,2,0,0,0,NA,0,1,1,1,0,1,0,0,3,1,-5,"H","L",74,32,32,13,20,9,7,13,9,22,31,4,14,1,25,57,74,32,32,13,20,9,7,13,9,22,31,4,14,1,25,57,0,4.8,0,-0.08,20.8,1,0,0,-4,0,20.83,3.4,0,"2023-2024"
"MAC","BAY","31_5","Regular Season","Dino  Radoncic",10,2,1,2,50,0,0,NA,0,2,0,1,0,1,0,0,1,0,0,1,1,-1,"H","L",74,32,32,13,20,9,7,13,9,22,31,4,14,1,25,57,74,32,32,13,20,9,7,13,9,22,31,4,14,1,25,57,0.5,2.8,71.4,-0.03,0,0,50,1,-0.5,34.7,35.71,3.7,5.6,"2023-2024"
"MAC","BAY","31_5","Regular Season","Isaac  Bonga",17,3,1,1,100,0,2,0,1,1,100,0,3,3,1,0,0,0,0,3,1,3,"H","L",74,32,32,13,20,9,7,13,9,22,31,4,14,1,25,57,74,32,32,13,20,9,7,13,9,22,31,4,14,1,25,57,0.75,3.3,90.9,0.03,30.3,Inf,33.3,0.33,1.7,43.6,0,1.9,0,"2023-2024"
"MAC","BAY","31_5","Regular Season","Leandro  Bolmaro",26,21,5,6,83.3,3,9,33.3,2,4,50,1,3,4,3,1,3,0,1,4,5,17,"H","L",74,32,32,13,20,9,7,13,9,22,31,4,14,1,25,57,74,32,32,13,20,9,7,13,9,22,31,4,14,1,25,57,1.11,18,116.7,0.16,16.7,1,63.3,0.27,13,62.6,16.67,7.3,5.6,"2023-2024"
"MAC","BAY","31_5","Regular Season","Jan Niklas  Wimberg",5,0,0,1,0,0,0,NA,0,0,NA,2,0,2,1,0,2,0,0,1,0,-1,"H","L",74,32,32,13,20,9,7,13,9,22,31,4,14,1,25,57,74,32,32,13,20,9,7,13,9,22,31,4,14,1,25,57,0,1,0,-0.03,100,0.5,0,0,-1,0,200,5.7,11.1,"2023-2024"
"MAC","BAY","31_5","Regular Season","Elias  Harris",11,9,4,4,100,0,0,NA,1,1,100,1,2,3,1,0,1,0,0,3,1,10,"H","L",74,32,32,13,20,9,7,13,9,22,31,4,14,1,25,57,74,32,32,13,20,9,7,13,9,22,31,4,14,1,25,57,1.8,4.3,209.3,0.11,23.3,1,100,0.25,7.6,101.4,23.26,4.7,5.6,"2023-2024"
"FEN","MIL","31_6","Regular Season","Stefano  Tonut",21,6,0,2,0,2,2,100,0,0,NA,1,1,2,1,0,0,0,0,2,1,6,"H","W",77,29,26,18,17,9,16,15,8,19,27,5,13,2,16,86,77,29,26,18,17,9,16,15,8,19,27,5,13,2,16,86,1.5,2.9,206.9,0.04,34.5,Inf,75,0,4.9,75,0,2,6.2,"2023-2024"
"FEN","MIL","31_6","Regular Season","Nicolo  Melli",24,17,5,6,83.3,2,4,50,1,1,100,0,3,3,2,3,2,0,0,3,3,20,"H","W",77,29,26,18,17,9,16,15,8,19,27,5,13,2,16,86,77,29,26,18,17,9,16,15,8,19,27,5,13,2,16,86,1.55,11.9,142.9,0.14,16.8,1,80,0.1,14.9,81.4,16.81,5.5,0,"2023-2024"
"FEN","MIL","31_6","Regular Season","Shabazz  Napier",27,6,0,0,NA,1,5,20,3,3,100,0,1,1,3,0,4,0,0,3,4,3,"H","W",77,29,26,18,17,9,16,15,8,19,27,5,13,2,16,86,77,29,26,18,17,9,16,15,8,19,27,5,13,2,16,86,0.75,9.9,60.6,-0.01,30.3,0.8,30,0.6,0.1,47.5,40.4,4,0,"2023-2024"
"FEN","MIL","31_6","Regular Season","Shavon  Shields",33,15,4,4,100,0,3,0,7,8,87.5,0,2,2,5,1,2,0,0,0,6,23,"H","W",77,29,26,18,17,9,16,15,8,19,27,5,13,2,16,86,77,29,26,18,17,9,16,15,8,19,27,5,13,2,16,86,1,12,125,0.14,41.7,2.5,57.1,1.14,14.4,71.3,16.67,4,0,"2023-2024"
"FEN","MIL","31_6","Regular Season","Nikola  Mirotic",27,13,0,1,0,3,6,50,4,4,100,2,5,7,0,0,0,0,0,2,4,18,"H","W",77,29,26,18,17,9,16,15,8,19,27,5,13,2,16,86,77,29,26,18,17,9,16,15,8,19,27,5,13,2,16,86,1.18,6.5,200,0.11,0,NA,64.3,0.57,11.4,74.2,0,3.4,12.5,"2023-2024"
"FEN","MIL","31_6","Regular Season","Alex  Poythress",12,9,4,5,80,0,0,NA,1,2,50,3,3,6,0,0,0,1,0,4,1,11,"H","W",77,29,26,18,17,9,16,15,8,19,27,5,13,2,16,86,77,29,26,18,17,9,16,15,8,19,27,5,13,2,16,86,1.29,2.8,321.4,0.07,0,NA,80,0.4,8.8,76.5,0,5.2,18.8,"2023-2024"
"FEN","MIL","31_6","Regular Season","Giordano  Bortolani",4,0,0,0,NA,0,2,0,0,0,NA,0,0,0,0,0,0,0,0,0,0,-2,"H","W",77,29,26,18,17,9,16,15,8,19,27,5,13,2,16,86,77,29,26,18,17,9,16,15,8,19,27,5,13,2,16,86,0,1.9,0,-0.02,0,NA,0,0,-1.4,0,0,5.3,0,"2023-2024"
"FEN","MIL","31_6","Regular Season","Diego  Flaccadori",9,0,0,2,0,0,0,NA,0,0,NA,0,0,0,0,0,1,0,0,0,1,-2,"H","W",77,29,26,18,17,9,16,15,8,19,27,5,13,2,16,86,77,29,26,18,17,9,16,15,8,19,27,5,13,2,16,86,0,2.9,0,-0.02,0,0,0,0,-2.4,0,34.48,3.5,0,"2023-2024"
"FEN","MIL","31_6","Regular Season","Devon  Hall",26,7,2,4,50,1,4,25,0,0,NA,1,2,3,2,0,3,0,1,1,0,2,"H","W",77,29,26,18,17,9,16,15,8,19,27,5,13,2,16,86,77,29,26,18,17,9,16,15,8,19,27,5,13,2,16,86,0.88,9.6,72.9,0.02,20.8,0.7,43.8,0,1.9,43.8,31.25,4.5,6.2,"2023-2024"
"FEN","MIL","31_6","Regular Season","Kyle  Hines",3,0,0,0,NA,0,0,NA,0,0,NA,0,1,1,0,0,0,0,0,1,0,0,"H","W",77,29,26,18,17,9,16,15,8,19,27,5,13,2,16,86,77,29,26,18,17,9,16,15,8,19,27,5,13,2,16,86,NA,0,NA,0,NA,NA,NA,NA,-0.1,NA,NA,0,0,"2023-2024"
"FEN","MIL","31_6","Regular Season","Johannes  Voigtmann",14,4,2,5,40,0,0,NA,0,0,NA,1,1,2,2,1,1,1,0,0,1,7,"H","W",77,29,26,18,17,9,16,15,8,19,27,5,13,2,16,86,77,29,26,18,17,9,16,15,8,19,27,5,13,2,16,86,0.8,4.8,83.3,0.04,41.7,2,40,0,4.4,40,20.83,4.5,6.2,"2023-2024"
"MIL","FEN","31_6","Regular Season","Amine  Noua",6,0,0,0,NA,0,0,NA,0,0,NA,0,2,2,0,0,0,0,0,1,0,1,"A","L",76,28,29,9,18,11,7,17,7,21,28,7,13,1,21,79,76,28,29,9,18,11,7,17,7,21,28,7,13,1,21,79,NA,0,NA,0.01,NA,NA,NA,NA,0.2,NA,NA,0,0,"2023-2024"
"MIL","FEN","31_6","Regular Season","Johnathan  Motley",22,13,6,7,85.7,0,0,NA,1,1,100,1,3,4,0,0,2,0,0,4,6,16,"A","L",76,28,29,9,18,11,7,17,7,21,28,7,13,1,21,79,76,28,29,9,18,11,7,17,7,21,28,7,13,1,21,79,1.62,8.1,160.5,0.08,0,0,85.7,0.14,8.5,87.4,24.69,4.6,7.1,"2023-2024"
"MIL","FEN","31_6","Regular Season","Nigel  Hayes-Davis",26,10,1,2,50,2,4,50,2,2,100,1,0,1,0,0,3,0,0,3,2,4,"A","L",76,28,29,9,18,11,7,17,7,21,28,7,13,1,21,79,76,28,29,9,18,11,7,17,7,21,28,7,13,1,21,79,1.25,8.5,117.6,0.01,0,0,66.7,0.33,3.5,72.7,35.29,4.1,7.1,"2023-2024"
"MIL","FEN","31_6","Regular Season","Tyler  Dorsey",18,9,0,2,0,3,3,100,0,0,NA,0,2,2,0,0,1,0,0,2,1,7,"A","L",76,28,29,9,18,11,7,17,7,21,28,7,13,1,21,79,76,28,29,9,18,11,7,17,7,21,28,7,13,1,21,79,1.8,5.8,155.2,0.05,0,0,90,0,5.5,90,17.24,3.6,0,"2023-2024"
"MIL","FEN","31_6","Regular Season","Nick  Calathes",24,2,1,1,100,0,2,0,0,2,0,0,3,3,6,1,3,1,0,1,1,6,"A","L",76,28,29,9,18,11,7,17,7,21,28,7,13,1,21,79,76,28,29,9,18,11,7,17,7,21,28,7,13,1,21,79,0.4,6.6,30.3,0.04,90.9,2,33.3,0.67,2.9,25.8,45.45,3.1,0,"2023-2024"
"MIL","FEN","31_6","Regular Season","Scottie  Wilbekin",28,15,0,1,0,5,16,31.2,0,0,NA,1,3,4,4,3,1,0,0,2,1,12,"A","L",76,28,29,9,18,11,7,17,7,21,28,7,13,1,21,79,76,28,29,9,18,11,7,17,7,21,28,7,13,1,21,79,0.88,16.3,92,0.09,24.5,4,44.1,0,10.7,44.1,6.13,7,7.1,"2023-2024"
"MIL","FEN","31_6","Regular Season","Sertac  Sanli",6,6,3,3,100,0,0,NA,0,0,NA,1,1,2,0,0,0,0,0,0,0,8,"A","L",76,28,29,9,18,11,7,17,7,21,28,7,13,1,21,79,76,28,29,9,18,11,7,17,7,21,28,7,13,1,21,79,2,1.9,315.8,0.06,0,NA,100,0,6.1,100,0,5.4,7.1,"2023-2024"
"MIL","FEN","31_6","Regular Season","Georgios  Papagiannis",7,0,0,1,0,0,0,NA,0,0,NA,1,0,1,0,0,1,0,0,1,0,-2,"A","L",76,28,29,9,18,11,7,17,7,21,28,7,13,1,21,79,76,28,29,9,18,11,7,17,7,21,28,7,13,1,21,79,0,1,0,-0.02,0,0,0,0,-1.4,0,100,3.1,7.1,"2023-2024"
"MIL","FEN","31_6","Regular Season","Tarik  Biberovic",27,13,4,6,66.7,1,2,50,2,2,100,1,3,4,1,0,1,0,1,4,2,11,"A","L",76,28,29,9,18,11,7,17,7,21,28,7,13,1,21,79,76,28,29,9,18,11,7,17,7,21,28,7,13,1,21,79,1.3,8.5,152.9,0.08,11.8,1,68.8,0.25,9.1,73.2,11.76,4,7.1,"2023-2024"
"MIL","FEN","31_6","Regular Season","Marko  Guduric",26,8,3,4,75,0,2,0,2,2,100,1,4,5,6,3,1,0,0,2,3,19,"A","L",76,28,29,9,18,11,7,17,7,21,28,7,13,1,21,79,76,28,29,9,18,11,7,17,7,21,28,7,13,1,21,79,1,6.6,121.2,0.13,90.9,6,50,0.33,12.3,58.1,15.15,3.3,7.1,"2023-2024"
"MIL","FEN","31_6","Regular Season","Nathan  Sestina",10,0,0,1,0,0,0,NA,0,0,NA,0,0,0,0,0,0,0,1,1,0,-3,"A","L",76,28,29,9,18,11,7,17,7,21,28,7,13,1,21,79,76,28,29,9,18,11,7,17,7,21,28,7,13,1,21,79,0,1,0,-0.02,0,NA,0,0,-1.1,0,0,1.1,0,"2023-2024"
"ASM","VAL","31_7","Regular Season","Jaime  Pradilla",14,2,1,5,20,0,0,NA,0,0,NA,1,4,5,1,0,2,0,2,4,1,-3,"A","L",78,29,23,26,16,10,16,20,8,16,24,10,14,1,24,75,78,29,23,26,16,10,16,20,8,16,24,10,14,1,24,75,0.4,5.8,34.5,-0.02,17.2,0.5,20,0,-2.1,20,34.48,5.2,6.2,"2023-2024"
"ASM","VAL","31_7","Regular Season","Justin  Anderson",27,11,1,1,100,3,8,37.5,0,0,NA,0,1,1,0,1,3,0,0,4,0,1,"A","L",78,29,23,26,16,10,16,20,8,16,24,10,14,1,24,75,78,29,23,26,16,10,16,20,8,16,24,10,14,1,24,75,1.22,11.5,95.7,0.01,0,0,61.1,0,3,61.1,26.09,4.6,0,"2023-2024"
"ASM","VAL","31_7","Regular Season","Chris  Jones",27,15,2,4,50,3,4,75,2,4,50,0,0,0,5,1,0,0,0,0,5,21,"A","L",78,29,23,26,16,10,16,20,8,16,24,10,14,1,24,75,78,29,23,26,16,10,16,20,8,16,24,10,14,1,24,75,1.25,9.4,159.6,0.15,53.2,Inf,81.2,0.5,15.1,76.8,0,3.7,0,"2023-2024"
"ASM","VAL","31_7","Regular Season","Damien  Inglis",24,11,4,6,66.7,0,0,NA,3,4,75,2,4,6,1,0,1,0,0,5,3,12,"A","L",78,29,23,26,16,10,16,20,8,16,24,10,14,1,24,75,78,29,23,26,16,10,16,20,8,16,24,10,14,1,24,75,1.1,6.5,169.2,0.07,15.4,1,66.7,0.67,8.3,70.9,15.38,3.8,12.5,"2023-2024"
"ASM","VAL","31_7","Regular Season","Kevin  Pangos",11,0,0,0,NA,0,0,NA,0,0,NA,0,0,0,2,0,1,0,0,2,0,-1,"A","L",78,29,23,26,16,10,16,20,8,16,24,10,14,1,24,75,78,29,23,26,16,10,16,20,8,16,24,10,14,1,24,75,NA,1,0,-0.01,200,2,NA,NA,-0.4,NA,100,0.9,0,"2023-2024"
"ASM","VAL","31_7","Regular Season","Victor  Claver",17,0,0,1,0,0,0,NA,0,0,NA,0,2,2,1,2,1,0,0,1,0,2,"A","L",78,29,23,26,16,10,16,20,8,16,24,10,14,1,24,75,78,29,23,26,16,10,16,20,8,16,24,10,14,1,24,75,0,1.9,0,0.02,52.6,1,0,0,1.2,0,52.63,1.2,0,"2023-2024"
"ASM","VAL","31_7","Regular Season","Nate  Reuvers",12,8,2,3,66.7,1,3,33.3,1,2,50,0,1,1,0,0,0,0,0,4,1,2,"A","L",78,29,23,26,16,10,16,20,8,16,24,10,14,1,24,75,78,29,23,26,16,10,16,20,8,16,24,10,14,1,24,75,1,6.6,121.2,0.01,0,NA,58.3,0.33,3.3,58.1,0,5.9,0,"2023-2024"
"ASM","VAL","31_7","Regular Season","Xabi  Lopez-Arostegui",13,0,0,1,0,0,1,0,0,0,NA,0,2,2,2,0,0,0,0,1,0,1,"A","L",78,29,23,26,16,10,16,20,8,16,24,10,14,1,24,75,78,29,23,26,16,10,16,20,8,16,24,10,14,1,24,75,0,1.9,0,0.01,105.3,Inf,0,0,0.2,0,0,1.6,0,"2023-2024"
"ASM","VAL","31_7","Regular Season","Stefan  Jovic",19,5,1,2,50,0,1,0,3,4,75,0,0,0,6,4,2,0,1,1,2,10,"A","L",78,29,23,26,16,10,16,20,8,16,24,10,14,1,24,75,78,29,23,26,16,10,16,20,8,16,24,10,14,1,24,75,0.71,6.5,76.9,0.08,92.3,3,33.3,1.33,8.7,52.5,30.77,3.7,0,"2023-2024"
"ASM","VAL","31_7","Regular Season","Kassius  Robertson",9,4,0,0,NA,1,2,50,1,5,20,1,0,1,0,0,1,0,0,2,3,0,"A","L",78,29,23,26,16,10,16,20,8,16,24,10,14,1,24,75,78,29,23,26,16,10,16,20,8,16,24,10,14,1,24,75,0.57,4,100,-0.03,0,0,75,2.5,0.3,47.6,25,6,6.2,"2023-2024"
"ASM","VAL","31_7","Regular Season","Semi  Ojeleye",25,22,5,6,83.3,2,4,50,6,7,85.7,4,2,6,2,2,3,1,1,0,5,30,"A","L",78,29,23,26,16,10,16,20,8,16,24,10,14,1,24,75,78,29,23,26,16,10,16,20,8,16,24,10,14,1,24,75,1.29,11.6,189.7,0.22,17.2,0.7,80,0.7,21.9,84.1,25.86,6.6,25,"2023-2024"
"VAL","ASM","31_7","Regular Season","John  Brown III",24,8,4,7,57.1,0,0,NA,0,0,NA,2,0,2,0,1,3,0,0,2,2,5,"H","W",79,41,16,20,23,7,12,18,8,19,27,6,15,4,20,87,79,41,16,20,23,7,12,18,8,19,27,6,15,4,20,87,1.14,7.7,103.9,0.02,0,0,57.1,0,3.3,57.1,38.96,4.1,12.5,"2023-2024"
"VAL","ASM","31_7","Regular Season","Jaron  Blossomgame",22,17,4,4,100,3,3,100,0,0,NA,1,2,3,0,1,0,0,0,3,1,19,"H","W",79,41,16,20,23,7,12,18,8,19,27,6,15,4,20,87,79,41,16,20,23,7,12,18,8,19,27,6,15,4,20,87,2.43,5.8,293.1,0.15,0,NA,121.4,0,16,121.4,0,3.2,6.2,"2023-2024"
"VAL","ASM","31_7","Regular Season","Donatas  Motiejunas",17,6,2,4,50,0,0,NA,2,4,50,0,5,5,2,0,1,0,0,1,4,11,"H","W",79,41,16,20,23,7,12,18,8,19,27,6,15,4,20,87,79,41,16,20,23,7,12,18,8,19,27,6,15,4,20,87,0.75,6.5,92.3,0.06,30.8,2,50,1,4.7,52.1,15.38,3.9,0,"2023-2024"
"VAL","ASM","31_7","Regular Season","Matthew  Strazel",24,7,1,2,50,1,2,50,2,2,100,0,0,0,6,1,0,0,0,0,4,16,"H","W",79,41,16,20,23,7,12,18,8,19,27,6,15,4,20,87,79,41,16,20,23,7,12,18,8,19,27,6,15,4,20,87,1.17,4.7,148.9,0.1,127.7,Inf,62.5,0.5,10.2,71.7,0,2,0,"2023-2024"
"VAL","ASM","31_7","Regular Season","Mike  James",33,17,4,10,40,1,4,25,6,7,85.7,1,2,3,4,2,2,2,0,2,4,18,"H","W",79,41,16,20,23,7,12,18,8,19,27,6,15,4,20,87,79,41,16,20,23,7,12,18,8,19,27,6,15,4,20,87,0.81,17.4,97.7,0.11,23,2,39.3,0.5,13.5,49.8,11.49,5.7,6.2,"2023-2024"
"VAL","ASM","31_7","Regular Season","Elie  Okobo",13,5,1,1,100,1,1,100,0,0,NA,0,1,1,3,0,5,0,0,4,1,1,"H","W",79,41,16,20,23,7,12,18,8,19,27,6,15,4,20,87,79,41,16,20,23,7,12,18,8,19,27,6,15,4,20,87,2.5,6.7,74.6,0,44.8,0.6,125,0,0.2,125,74.63,5.3,0,"2023-2024"
"VAL","ASM","31_7","Regular Season","Alpha  Diallo",26,2,1,5,20,0,2,0,0,0,NA,0,3,3,1,0,2,0,1,2,1,-4,"H","W",79,41,16,20,23,7,12,18,8,19,27,6,15,4,20,87,79,41,16,20,23,7,12,18,8,19,27,6,15,4,20,87,0.29,8.6,23.3,-0.03,11.6,0.5,14.3,0,-3.7,14.3,23.26,3.4,0,"2023-2024"
"VAL","ASM","31_7","Regular Season","Petr  Cornelie",9,2,1,1,100,0,1,0,0,3,0,2,0,2,1,1,2,1,0,0,1,2,"H","W",79,41,16,20,23,7,12,18,8,19,27,6,15,4,20,87,79,41,16,20,23,7,12,18,8,19,27,6,15,4,20,87,0.4,3.2,62.5,0,31.2,0.5,50,1.5,1.6,30.1,62.5,5.9,12.5,"2023-2024"
"VAL","ASM","31_7","Regular Season","Kemba  Walker",10,7,2,3,66.7,1,3,33.3,0,2,0,1,2,3,1,0,0,0,0,3,2,5,"H","W",79,41,16,20,23,7,12,18,8,19,27,6,15,4,20,87,79,41,16,20,23,7,12,18,8,19,27,6,15,4,20,87,0.88,5.6,125,0.02,17.9,Inf,58.3,0.33,4,50.9,0,6.8,6.2,"2023-2024"
"VAL","ASM","31_7","Regular Season","Donta  Hall",21,8,3,4,75,0,0,NA,2,2,100,1,4,5,0,0,0,1,0,3,4,14,"H","W",79,41,16,20,23,7,12,18,8,19,27,6,15,4,20,87,79,41,16,20,23,7,12,18,8,19,27,6,15,4,20,87,1.33,3.7,216.2,0.08,0,NA,75,0.5,7.8,82,0,2.3,6.2,"2023-2024"
"BAR","PAN","31_8","Regular Season","Jerian  Grant",24,9,2,3,66.7,1,4,25,2,3,66.7,0,1,1,4,4,2,0,0,5,4,10,"H","W",89,38,20,20,26,7,16,18,8,20,28,8,13,2,22,103,89,38,20,20,26,7,16,18,8,20,28,8,13,2,22,103,0.9,9.9,90.9,0.04,40.4,2,50,0.43,8,54.1,20.2,4.3,0,"2023-2024"
"BAR","PAN","31_8","Regular Season","Kendrick  Nunn",29,22,7,11,63.6,2,5,40,2,2,100,1,1,2,2,0,4,0,0,3,5,17,"H","W",89,38,20,20,26,7,16,18,8,20,28,8,13,2,22,103,89,38,20,20,26,7,16,18,8,20,28,8,13,2,22,103,1.22,19.1,115.2,0.08,10.5,0.5,62.5,0.12,11.6,65.2,20.94,7.2,6.2,"2023-2024"
"BAR","PAN","31_8","Regular Season","Mathias  Lessort",35,13,5,8,62.5,0,0,NA,3,4,75,1,6,7,4,0,2,2,1,2,5,22,"H","W",89,38,20,20,26,7,16,18,8,20,28,8,13,2,22,103,89,38,20,20,26,7,16,18,8,20,28,8,13,2,22,103,1.08,10.3,126.2,0.11,38.8,2,62.5,0.5,12.9,66.6,19.42,3.4,6.2,"2023-2024"
"BAR","PAN","31_8","Regular Season","Marius  Grigonis",29,8,2,4,50,1,1,100,1,1,100,1,3,4,0,1,0,0,0,3,3,11,"H","W",89,38,20,20,26,7,16,18,8,20,28,8,13,2,22,103,89,38,20,20,26,7,16,18,8,20,28,8,13,2,22,103,1.33,4.3,186,0.05,0,NA,70,0.2,7.1,73.5,0,1.9,6.2,"2023-2024"
"BAR","PAN","31_8","Regular Season","Konstantinos  Mitoglou",38,19,6,8,75,1,4,25,4,6,66.7,5,5,10,0,1,1,0,0,2,3,23,"H","W",89,38,20,20,26,7,16,18,8,20,28,8,13,2,22,103,89,38,20,20,26,7,16,18,8,20,28,8,13,2,22,103,1.06,10.2,186.3,0.12,0,0,62.5,0.5,16.8,64.9,9.8,4.1,31.2,"2023-2024"
"BAR","PAN","31_8","Regular Season","Panagiotis  Kalaitzakis",3,0,0,0,NA,0,1,0,0,0,NA,0,0,0,0,0,1,0,0,0,0,-2,"H","W",89,38,20,20,26,7,16,18,8,20,28,8,13,2,22,103,89,38,20,20,26,7,16,18,8,20,28,8,13,2,22,103,0,1.9,0,-0.01,0,0,0,0,-1.7,0,52.63,6.7,0,"2023-2024"
"BAR","PAN","31_8","Regular Season","Luca  Vildoza",1,0,0,0,NA,0,0,NA,0,0,NA,0,0,0,0,0,0,0,0,1,0,-1,"H","W",89,38,20,20,26,7,16,18,8,20,28,8,13,2,22,103,89,38,20,20,26,7,16,18,8,20,28,8,13,2,22,103,NA,0,NA,-0.01,NA,NA,NA,NA,-0.4,NA,NA,0,0,"2023-2024"
"BAR","PAN","31_8","Regular Season","Aleksander  Balcerowski",3,0,0,0,NA,0,0,NA,0,0,NA,0,0,0,0,0,0,0,0,1,0,-1,"H","W",89,38,20,20,26,7,16,18,8,20,28,8,13,2,22,103,89,38,20,20,26,7,16,18,8,20,28,8,13,2,22,103,NA,0,NA,-0.01,NA,NA,NA,NA,-0.4,NA,NA,0,0,"2023-2024"
"BAR","PAN","31_8","Regular Season","Kostas  Sloukas",33,18,4,4,100,2,5,40,4,4,100,0,4,4,8,2,2,0,0,5,3,25,"H","W",89,38,20,20,26,7,16,18,8,20,28,8,13,2,22,103,89,38,20,20,26,7,16,18,8,20,28,8,13,2,22,103,1.38,12.2,147.5,0.14,65.6,4,77.8,0.44,18.9,83.6,16.39,3.9,0,"2023-2024"
"BAR","PAN","31_8","Regular Season","Juan  Hernangomez",3,0,0,0,NA,0,0,NA,0,0,NA,0,0,0,0,0,1,0,0,0,0,-1,"H","W",89,38,20,20,26,7,16,18,8,20,28,8,13,2,22,103,89,38,20,20,26,7,16,18,8,20,28,8,13,2,22,103,NA,1,0,-0.01,0,0,NA,NA,-1,NA,100,3.3,0,"2023-2024"
"PAN","BAR","31_8","Regular Season","Jan  Vesely",25,13,5,11,45.5,1,2,50,0,0,NA,1,0,1,1,0,3,0,1,5,1,0,"A","L",81,43,21,17,26,6,11,23,10,14,24,5,15,1,23,78,81,43,21,17,26,6,11,23,10,14,24,5,15,1,23,78,1,14.4,90.3,0,6.9,0.3,50,0,2.7,50,20.83,5.9,5,"2023-2024"
"PAN","BAR","31_8","Regular Season","Nikola  Kalinic",24,4,2,2,100,0,0,NA,0,0,NA,0,3,3,2,0,1,0,0,0,1,9,"A","L",81,43,21,17,26,6,11,23,10,14,24,5,15,1,23,78,81,43,21,17,26,6,11,23,10,14,24,5,15,1,23,78,2,2.9,137.9,0.08,69,2,100,0,4.7,100,34.48,1.2,0,"2023-2024"
"PAN","BAR","31_8","Regular Season","Tomas  Satoransky",28,12,5,7,71.4,0,1,0,2,3,66.7,1,4,5,6,3,3,0,0,3,4,20,"A","L",81,43,21,17,26,6,11,23,10,14,24,5,15,1,23,78,81,43,21,17,26,6,11,23,10,14,24,5,15,1,23,78,1.09,10.9,110.1,0.15,55,2,62.5,0.38,12.9,64.4,27.52,4.1,5,"2023-2024"
"PAN","BAR","31_8","Regular Season","Jabari  Parker",26,9,3,5,60,1,4,25,0,0,NA,0,1,1,0,1,2,0,0,4,0,0,"A","L",81,43,21,17,26,6,11,23,10,14,24,5,15,1,23,78,81,43,21,17,26,6,11,23,10,14,24,5,15,1,23,78,1,10.6,84.9,0,0,0,50,0,2,50,18.87,3.9,0,"2023-2024"
"PAN","BAR","31_8","Regular Season","Rokas  Jokubaitis",16,6,3,5,60,0,0,NA,0,0,NA,0,0,0,3,1,1,0,1,2,1,5,"A","L",81,43,21,17,26,6,11,23,10,14,24,5,15,1,23,78,81,43,21,17,26,6,11,23,10,14,24,5,15,1,23,78,1.2,5.8,103.4,0.05,51.7,3,60,0,5,60,17.24,3.5,0,"2023-2024"
"PAN","BAR","31_8","Regular Season","Oscar  da Silva",13,2,1,1,100,0,2,0,0,0,NA,2,0,2,2,0,0,0,0,1,0,3,"A","L",81,43,21,17,26,6,11,23,10,14,24,5,15,1,23,78,81,43,21,17,26,6,11,23,10,14,24,5,15,1,23,78,0.67,1,200,0.02,200,Inf,33.3,0,2.7,33.3,0,2.1,10,"2023-2024"
"PAN","BAR","31_8","Regular Season","Ricard  Rubio",15,4,2,4,50,0,2,0,0,0,NA,2,1,3,3,0,2,0,0,3,1,2,"A","L",81,43,21,17,26,6,11,23,10,14,24,5,15,1,23,78,81,43,21,17,26,6,11,23,10,14,24,5,15,1,23,78,0.67,5.8,69,0,51.7,1.5,33.3,0,1.2,33.3,34.48,4.9,10,"2023-2024"
"PAN","BAR","31_8","Regular Season","Willy  Hernangomez",15,13,4,6,66.7,0,0,NA,5,7,71.4,1,4,5,0,0,1,1,0,1,5,18,"A","L",81,43,21,17,26,6,11,23,10,14,24,5,15,1,23,78,81,43,21,17,26,6,11,23,10,14,24,5,15,1,23,78,1,8.7,149.4,0.11,0,0,66.7,1.17,10.8,71.6,11.49,6.2,5,"2023-2024"
"PAN","BAR","31_8","Regular Season","Nicolas  Laprovittola",21,6,0,0,NA,1,6,16.7,3,5,60,2,0,2,5,0,1,0,0,1,6,10,"A","L",81,43,21,17,26,6,11,23,10,14,24,5,15,1,23,78,81,43,21,17,26,6,11,23,10,14,24,5,15,1,23,78,0.55,6.9,87,0.03,72.5,5,25,0.83,4.9,36.6,14.49,4.1,10,"2023-2024"
"PAN","BAR","31_8","Regular Season","Alejandro  Abrines",16,12,1,2,50,3,4,75,1,2,50,1,1,2,1,0,1,0,0,3,3,11,"A","L",81,43,21,17,26,6,11,23,10,14,24,5,15,1,23,78,81,43,21,17,26,6,11,23,10,14,24,5,15,1,23,78,1.5,6.6,181.8,0.07,15.2,1,91.7,0.33,8.5,87.2,15.15,4.6,5,"2023-2024"
"BOL","CRV","31_9","Regular Season","Adam  Hanga",26,3,0,1,0,1,5,20,0,2,0,1,6,7,7,2,5,1,0,1,2,9,"H","W",94,38,23,25,22,10,20,30,9,28,37,5,13,7,22,127,94,38,23,25,22,10,20,30,9,28,37,5,13,7,22,127,0.38,10.4,28.8,0.03,67.3,1.4,25,0.33,3.1,21.8,48.08,4.3,5.6,"2023-2024"
"BOL","CRV","31_9","Regular Season","Dejan  Davidovac",20,11,3,6,50,1,2,50,2,2,100,0,5,5,2,0,1,2,0,1,3,17,"H","W",94,38,23,25,22,10,20,30,9,28,37,5,13,7,22,127,94,38,23,25,22,10,20,30,9,28,37,5,13,7,22,127,1.1,9.5,115.8,0.07,21.1,2,56.2,0.25,9.9,61.9,10.53,4.6,0,"2023-2024"
"BOL","CRV","31_9","Regular Season","Joel  Bolomboy",28,15,7,8,87.5,0,0,NA,1,1,100,2,3,5,0,0,2,3,0,2,4,22,"H","W",94,38,23,25,22,10,20,30,9,28,37,5,13,7,22,127,94,38,23,25,22,10,20,30,9,28,37,5,13,7,22,127,1.67,8.1,185.2,0.08,0,0,87.5,0.12,13.8,88.9,24.69,3.5,11.1,"2023-2024"
"BOL","CRV","31_9","Regular Season","Dalibor  Ilic",16,5,1,1,100,1,1,100,0,0,NA,2,1,3,1,1,1,0,0,4,0,5,"H","W",94,38,23,25,22,10,20,30,9,28,37,5,13,7,22,127,94,38,23,25,22,10,20,30,9,28,37,5,13,7,22,127,2.5,1,500,0.02,100,1,125,0,5.2,125,100,1.8,11.1,"2023-2024"
"BOL","CRV","31_9","Regular Season","Nemanja  Nedovic",24,25,6,7,85.7,3,5,60,4,5,80,0,3,3,7,0,1,0,1,3,4,30,"H","W",94,38,23,25,22,10,20,30,9,28,37,5,13,7,22,127,94,38,23,25,22,10,20,30,9,28,37,5,13,7,22,127,1.47,14.6,171.2,0.14,47.9,7,87.5,0.42,23.4,88,6.85,6,0,"2023-2024"
"BOL","CRV","31_9","Regular Season","Javonte  Smart",13,0,0,1,0,0,0,NA,0,0,NA,0,0,0,0,0,1,0,0,3,1,-4,"H","W",94,38,23,25,22,10,20,30,9,28,37,5,13,7,22,127,94,38,23,25,22,10,20,30,9,28,37,5,13,7,22,127,0,1.9,0,-0.03,0,0,0,0,-2.9,0,52.63,1.4,0,"2023-2024"
"BOL","CRV","31_9","Regular Season","Stefan  Lazarevic",0,0,0,0,NA,0,1,0,0,0,NA,0,1,1,0,0,0,0,0,0,0,0,"H","W",94,38,23,25,22,10,20,30,9,28,37,5,13,7,22,127,94,38,23,25,22,10,20,30,9,28,37,5,13,7,22,127,0,1,0,0,0,NA,0,0,-0.4,0,0,Inf,0,"2023-2024"
"BOL","CRV","31_9","Regular Season","Milos  Teodosic",17,11,0,0,NA,2,3,66.7,5,6,83.3,0,3,3,9,1,1,0,0,3,4,22,"H","W",94,38,23,25,22,10,20,30,9,28,37,5,13,7,22,127,94,38,23,25,22,10,20,30,9,28,37,5,13,7,22,127,1.22,6.4,171.9,0.09,140.6,9,100,2,15.3,97.5,15.62,3.7,0,"2023-2024"
"BOL","CRV","31_9","Regular Season","Luka  Mitrovic",19,10,3,8,37.5,0,0,NA,4,5,80,1,4,5,2,0,0,0,1,1,5,14,"H","W",94,38,23,25,22,10,20,30,9,28,37,5,13,7,22,127,94,38,23,25,22,10,20,30,9,28,37,5,13,7,22,127,0.77,8.8,113.6,0.05,22.7,Inf,37.5,0.62,8.1,49,0,5.1,5.6,"2023-2024"
"BOL","CRV","31_9","Regular Season","Mike  Tobey",17,7,2,4,50,1,3,33.3,0,0,NA,3,1,4,0,1,0,1,1,1,0,7,"H","W",94,38,23,25,22,10,20,30,9,28,37,5,13,7,22,127,94,38,23,25,22,10,20,30,9,28,37,5,13,7,22,127,1,3.8,184.2,0.03,0,NA,50,0,7,50,0,3.9,16.7,"2023-2024"
"BOL","CRV","31_9","Regular Season","Rokas  Giedraitis",20,7,0,2,0,1,3,33.3,4,4,100,0,1,1,2,0,1,0,0,3,3,5,"H","W",94,38,23,25,22,10,20,30,9,28,37,5,13,7,22,127,94,38,23,25,22,10,20,30,9,28,37,5,13,7,22,127,0.78,7.4,94.6,0.01,27,2,30,0.8,3.4,51.8,13.51,3.7,0,"2023-2024"
"CRV","BOL","31_9","Regular Season","Marco  Belinelli",27,14,2,6,33.3,3,11,27.3,1,1,100,0,3,3,3,0,0,0,1,2,1,6,"A","L",79,45,29,16,17,10,15,18,12,19,31,6,11,3,26,66,79,45,29,16,17,10,15,18,12,19,31,6,11,3,26,66,0.78,16.7,83.8,0.07,18,Inf,38.2,0.06,6.3,40.1,0,5.6,0,"2023-2024"
"CRV","BOL","31_9","Regular Season","Alessandro  Pajola",19,5,0,1,0,1,1,100,2,2,100,0,0,0,2,0,3,0,0,5,1,-1,"A","L",79,45,29,16,17,10,15,18,12,19,31,6,11,3,26,66,79,45,29,16,17,10,15,18,12,19,31,6,11,3,26,66,1.25,5.6,89.3,-0.02,35.7,0.7,75,1,0.4,86.8,53.57,2.7,0,"2023-2024"
"CRV","BOL","31_9","Regular Season","Ognjen  Dobric",11,2,1,1,100,0,2,0,0,0,NA,1,0,1,0,0,0,0,0,1,1,1,"A","L",79,45,29,16,17,10,15,18,12,19,31,6,11,3,26,66,79,45,29,16,17,10,15,18,12,19,31,6,11,3,26,66,0.67,1.9,105.3,-0.01,0,NA,33.3,0,0.6,33.3,0,2.4,4.2,"2023-2024"
"CRV","BOL","31_9","Regular Season","Tornike  Shengelia",29,25,7,13,53.8,2,6,33.3,5,5,100,2,2,4,5,0,4,1,4,5,6,18,"A","L",79,45,29,16,17,10,15,18,12,19,31,6,11,3,26,66,79,45,29,16,17,10,15,18,12,19,31,6,11,3,26,66,1.04,22.3,112.1,0.16,22.4,1.2,52.6,0.26,15.5,59,17.94,7.6,8.3,"2023-2024"
"CRV","BOL","31_9","Regular Season","Bryant  Dunston",19,2,1,3,33.3,0,0,NA,0,0,NA,4,2,6,2,2,1,1,0,3,0,7,"A","L",79,45,29,16,17,10,15,18,12,19,31,6,11,3,26,66,79,45,29,16,17,10,15,18,12,19,31,6,11,3,26,66,0.67,0,Inf,0.05,Inf,2,33.3,0,5.6,33.3,Inf,1.8,16.7,"2023-2024"
"CRV","BOL","31_9","Regular Season","Gabriel  Lundberg",30,15,2,7,28.6,2,3,66.7,5,6,83.3,0,2,2,3,2,1,0,0,1,7,20,"A","L",79,45,29,16,17,10,15,18,12,19,31,6,11,3,26,66,79,45,29,16,17,10,15,18,12,19,31,6,11,3,26,66,0.94,13.1,114.5,0.15,22.9,3,50,0.6,12.5,59.3,7.63,4,0,"2023-2024"
"CRV","BOL","31_9","Regular Season","Rihards  Lomazs",10,3,0,2,0,1,1,100,0,0,NA,0,1,1,0,0,0,0,0,1,1,2,"A","L",79,45,29,16,17,10,15,18,12,19,31,6,11,3,26,66,79,45,29,16,17,10,15,18,12,19,31,6,11,3,26,66,1,2.9,103.4,0.01,0,NA,50,0,1.2,50,0,2.6,0,"2023-2024"
"CRV","BOL","31_9","Regular Season","Jordan  Mickey",18,8,3,8,37.5,0,0,NA,2,2,100,2,1,3,1,1,2,0,1,5,1,1,"A","L",79,45,29,16,17,10,15,18,12,19,31,6,11,3,26,66,79,45,29,16,17,10,15,18,12,19,31,6,11,3,26,66,0.8,8.5,94.1,0,11.8,0.5,37.5,0.25,3,45,23.53,5.3,8.3,"2023-2024"
"CRV","BOL","31_9","Regular Season","Achille  Polonara",11,0,0,1,0,0,1,0,0,0,NA,0,5,5,0,0,0,1,0,1,1,4,"A","L",79,45,29,16,17,10,15,18,12,19,31,6,11,3,26,66,79,45,29,16,17,10,15,18,12,19,31,6,11,3,26,66,0,1.9,0,0.03,0,NA,0,0,0.4,0,0,1.6,0,"2023-2024"
"CRV","BOL","31_9","Regular Season","Awudu  Abass",23,5,1,3,33.3,1,4,25,0,0,NA,3,3,6,2,1,0,0,1,2,2,8,"A","L",79,45,29,16,17,10,15,18,12,19,31,6,11,3,26,66,79,45,29,16,17,10,15,18,12,19,31,6,11,3,26,66,0.71,3.8,131.6,0.06,52.6,Inf,35.7,0,5.5,35.7,0,2.6,12.5,"2023-2024"
"BAR","BAY","32_1","Regular Season","Carsen  Edwards",24,6,3,6,50,0,3,0,0,0,NA,0,2,2,3,1,1,0,0,3,1,3,"H","L",79,39,25,15,20,9,12,21,11,24,35,4,14,4,19,91,79,39,25,15,20,9,12,21,11,24,35,4,14,4,19,91,0.67,9.6,62.5,0.02,31.2,3,33.3,0,2.4,33.3,10.42,3.9,0,"2023-2024"
"BAR","BAY","32_1","Regular Season","Isaac  Bonga",26,9,2,3,66.7,1,4,25,2,3,66.7,0,6,6,2,0,2,1,0,1,2,12,"H","L",79,39,25,15,20,9,12,21,11,24,35,4,14,4,19,91,79,39,25,15,20,9,12,21,11,24,35,4,14,4,19,91,0.9,9.9,90.9,0.07,20.2,1,50,0.43,6.4,54.1,20.2,3.8,0,"2023-2024"
"BAR","BAY","32_1","Regular Season","Leandro  Bolmaro",17,0,0,3,0,0,1,0,0,0,NA,1,1,2,5,1,2,0,0,1,3,4,"H","L",79,39,25,15,20,9,12,21,11,24,35,4,14,4,19,91,79,39,25,15,20,9,12,21,11,24,35,4,14,4,19,91,0,4.8,0,0,104.2,2.5,0,0,0.3,0,41.67,3.3,4.5,"2023-2024"
"BAR","BAY","32_1","Regular Season","Vladimir  Lucic",29,13,1,2,50,2,4,50,5,5,100,1,2,3,1,1,2,0,0,1,4,16,"H","L",79,39,25,15,20,9,12,21,11,24,35,4,14,4,19,91,79,39,25,15,20,9,12,21,11,24,35,4,14,4,19,91,1.18,8.8,147.7,0.09,11.4,0.5,66.7,0.83,10.6,79.3,22.73,3.3,4.5,"2023-2024"
"BAR","BAY","32_1","Regular Season","Serge  Ibaka",26,17,7,12,58.3,1,2,50,0,0,NA,4,8,12,0,0,2,3,0,2,1,23,"H","L",79,39,25,15,20,9,12,21,11,24,35,4,14,4,19,91,79,39,25,15,20,9,12,21,11,24,35,4,14,4,19,91,1.21,11.5,147.8,0.14,0,0,60.7,0,14.9,60.7,17.39,5.8,18.2,"2023-2024"
"BAR","BAY","32_1","Regular Season","Nick  Weiler-Babb",20,17,3,3,100,3,4,75,2,2,100,1,3,4,2,0,1,0,0,4,3,20,"H","L",79,39,25,15,20,9,12,21,11,24,35,4,14,4,19,91,79,39,25,15,20,9,12,21,11,24,35,4,14,4,19,91,1.89,7.6,223.7,0.13,26.3,2,107.1,0.29,14.9,107.9,13.16,4.2,4.5,"2023-2024"
"BAR","BAY","32_1","Regular Season","Sylvain  Francisco",21,8,1,3,33.3,2,5,40,0,0,NA,0,0,0,5,0,2,0,1,3,3,5,"H","L",79,39,25,15,20,9,12,21,11,24,35,4,14,4,19,91,79,39,25,15,20,9,12,21,11,24,35,4,14,4,19,91,1,9.6,83.3,0.02,52.1,2.5,50,0,3.9,50,20.83,4.5,0,"2023-2024"
"BAR","BAY","32_1","Regular Season","Dino  Radoncic",13,1,0,0,NA,0,0,NA,1,2,50,1,1,2,0,0,2,0,0,1,1,0,"H","L",79,39,25,15,20,9,12,21,11,24,35,4,14,4,19,91,79,39,25,15,20,9,12,21,11,24,35,4,14,4,19,91,0.5,1.8,55.6,-0.01,0,0,NA,Inf,-0.8,56.8,111.11,2.1,4.5,"2023-2024"
"BAR","BAY","32_1","Regular Season","Jan Niklas  Wimberg",6,2,1,1,100,0,0,NA,0,0,NA,0,1,1,1,0,0,0,0,0,0,4,"H","L",79,39,25,15,20,9,12,21,11,24,35,4,14,4,19,91,79,39,25,15,20,9,12,21,11,24,35,4,14,4,19,91,2,1,200,0.03,100,Inf,100,0,2.7,100,0,1.6,0,"2023-2024"
"BAR","BAY","32_1","Regular Season","Elias  Harris",11,6,2,5,40,0,0,NA,2,3,66.7,3,0,3,2,0,0,0,0,1,3,9,"H","L",79,39,25,15,20,9,12,21,11,24,35,4,14,4,19,91,79,39,25,15,20,9,12,21,11,24,35,4,14,4,19,91,0.75,3.2,187.5,0.03,62.5,Inf,40,0.6,6,47.5,0,5.4,13.6,"2023-2024"
"BAR","BAY","32_1","Regular Season","Ivan  Kharchenkov",7,0,0,1,0,0,2,0,0,0,NA,0,0,0,0,1,0,0,1,2,0,-5,"H","L",79,39,25,15,20,9,12,21,11,24,35,4,14,4,19,91,79,39,25,15,20,9,12,21,11,24,35,4,14,4,19,91,0,2.9,0,-0.03,0,NA,0,0,-1.9,0,0,4.1,0,"2023-2024"
"BAY","BAR","32_1","Regular Season","Oscar  da Silva",17,4,2,3,66.7,0,0,NA,0,0,NA,1,1,2,0,0,0,0,0,2,0,3,"A","W",87,44,20,17,27,7,12,18,8,22,30,12,9,2,21,98,87,44,20,17,27,7,12,18,8,22,30,12,9,2,21,98,1.33,1.9,210.5,0.02,0,NA,66.7,0,2.9,66.7,0,1.8,6.2,"2023-2024"
"BAY","BAR","32_1","Regular Season","Jan  Vesely",20,12,6,9,66.7,0,0,NA,0,0,NA,1,0,1,1,1,1,1,1,4,0,7,"A","W",87,44,20,17,27,7,12,18,8,22,30,12,9,2,21,98,87,44,20,17,27,7,12,18,8,22,30,12,9,2,21,98,1.33,8.6,139.5,0.04,11.6,1,66.7,0,8.6,66.7,11.63,5,6.2,"2023-2024"
"BAY","BAR","32_1","Regular Season","Nikola  Kalinic",20,8,2,5,40,1,4,25,1,2,50,1,3,4,1,3,0,0,2,1,2,8,"A","W",87,44,20,17,27,7,12,18,8,22,30,12,9,2,21,98,87,44,20,17,27,7,12,18,8,22,30,12,9,2,21,98,0.73,8.5,94.1,0.05,11.8,Inf,38.9,0.22,7.4,40.5,0,4.9,6.2,"2023-2024"
"BAY","BAR","32_1","Regular Season","Tomas  Satoransky",21,9,1,2,50,2,3,66.7,1,2,50,0,3,3,7,1,1,0,0,3,1,14,"A","W",87,44,20,17,27,7,12,18,8,22,30,12,9,2,21,98,87,44,20,17,27,7,12,18,8,22,30,12,9,2,21,98,1.29,6.6,136.4,0.08,106.1,7,80,0.4,10.9,76.5,15.15,3.3,0,"2023-2024"
"BAY","BAR","32_1","Regular Season","Nicolas  Laprovittola",21,14,3,4,75,2,5,40,2,2,100,0,1,1,0,3,2,0,0,2,1,11,"A","W",87,44,20,17,27,7,12,18,8,22,30,12,9,2,21,98,87,44,20,17,27,7,12,18,8,22,30,12,9,2,21,98,1.27,11.4,122.8,0.06,0,0,66.7,0.22,10.2,70.9,17.54,5.6,0,"2023-2024"
"BAY","BAR","32_1","Regular Season","Dario  Brizuela",15,3,1,2,50,0,2,0,1,2,50,0,0,0,1,1,0,0,1,0,2,2,"A","W",87,44,20,17,27,7,12,18,8,22,30,12,9,2,21,98,87,44,20,17,27,7,12,18,8,22,30,12,9,2,21,98,0.5,4.7,63.8,0.01,21.3,Inf,25,0.5,1.9,30.7,0,3.2,0,"2023-2024"
"BAY","BAR","32_1","Regular Season","Ricard  Rubio",17,6,0,4,0,0,1,0,6,7,85.7,1,4,5,4,2,0,0,0,4,5,12,"A","W",87,44,20,17,27,7,12,18,8,22,30,12,9,2,21,98,87,44,20,17,27,7,12,18,8,22,30,12,9,2,21,98,0.5,6.8,88.2,0.04,58.8,Inf,0,1.4,7.2,37.1,0,4.7,6.2,"2023-2024"
"BAY","BAR","32_1","Regular Season","Willy  Hernangomez",19,9,4,4,100,0,0,NA,1,2,50,1,7,8,0,1,2,0,0,3,3,15,"A","W",87,44,20,17,27,7,12,18,8,22,30,12,9,2,21,98,87,44,20,17,27,7,12,18,8,22,30,12,9,2,21,98,1.5,5.6,160.7,0.07,0,0,100,0.5,8,92.2,35.71,3.6,6.2,"2023-2024"
"BAY","BAR","32_1","Regular Season","Alejandro  Abrines",17,3,0,0,NA,1,2,50,0,0,NA,0,1,1,1,0,0,1,0,1,3,7,"A","W",87,44,20,17,27,7,12,18,8,22,30,12,9,2,21,98,87,44,20,17,27,7,12,18,8,22,30,12,9,2,21,98,1.5,1.9,157.9,0.02,52.6,Inf,75,0,3.3,75,0,1.2,0,"2023-2024"
"BAY","BAR","32_1","Regular Season","Jabari  Parker",23,15,6,8,75,1,2,50,0,0,NA,2,1,3,2,0,0,0,0,0,1,18,"A","W",87,44,20,17,27,7,12,18,8,22,30,12,9,2,21,98,87,44,20,17,27,7,12,18,8,22,30,12,9,2,21,98,1.5,7.7,194.8,0.1,26,Inf,75,0,13.9,75,0,4.3,12.5,"2023-2024"
"BAY","BAR","32_1","Regular Season","Rokas  Jokubaitis",8,4,2,3,66.7,0,1,0,0,0,NA,1,1,2,1,0,3,0,0,1,0,1,"A","W",87,44,20,17,27,7,12,18,8,22,30,12,9,2,21,98,87,44,20,17,27,7,12,18,8,22,30,12,9,2,21,98,1,5.8,69,0,17.2,0.3,50,0,0.3,50,51.72,8.7,6.2,"2023-2024"
"OLY","PAR","32_2","Regular Season","Kevin  Punter",37,19,6,12,50,1,6,16.7,4,4,100,0,2,2,5,1,1,1,1,3,8,20,"H","L",69,38,24,15,21,5,12,16,17,20,37,4,16,2,23,68,69,38,24,15,21,5,12,16,17,20,37,4,16,2,23,68,0.86,19.9,95.5,0.15,25.1,5,41.7,0.22,12.8,48.1,5.03,5.3,0,"2023-2024"
"OLY","PAR","32_2","Regular Season","P.J.  Dozier",32,12,3,7,42.9,1,6,16.7,3,4,75,4,5,9,4,3,4,0,0,2,5,17,"H","L",69,38,24,15,21,5,12,16,17,20,37,4,16,2,23,68,69,38,24,15,21,5,12,16,17,20,37,4,16,2,23,68,0.71,14.2,84.5,0.12,28.2,1,34.6,0.31,9.4,40.7,28.17,5.5,11.8,"2023-2024"
"OLY","PAR","32_2","Regular Season","Mateusz  Ponitka",27,8,2,4,50,0,3,0,4,4,100,3,4,7,1,0,1,0,1,3,2,8,"H","L",69,38,24,15,21,5,12,16,17,20,37,4,16,2,23,68,69,38,24,15,21,5,12,16,17,20,37,4,16,2,23,68,0.73,6.5,123.1,0.07,15.4,1,28.6,0.57,5.7,45.7,15.38,3.4,8.8,"2023-2024"
"OLY","PAR","32_2","Regular Season","Frank  Kaminsky",34,14,5,7,71.4,1,4,25,1,2,50,6,2,8,5,0,1,0,0,3,2,19,"H","L",69,38,24,15,21,5,12,16,17,20,37,4,16,2,23,68,69,38,24,15,21,5,12,16,17,20,37,4,16,2,23,68,1.08,6.6,212.1,0.17,75.8,5,59.1,0.18,14.4,58.9,15.15,3.6,17.6,"2023-2024"
"OLY","PAR","32_2","Regular Season","Bruno  Caboclo",27,13,5,7,71.4,1,2,50,0,1,0,4,4,8,1,0,1,0,0,3,2,16,"H","L",69,38,24,15,21,5,12,16,17,20,37,4,16,2,23,68,69,38,24,15,21,5,12,16,17,20,37,4,16,2,23,68,1.3,6.2,209.7,0.15,16.1,1,72.2,0.11,11.2,68.9,16.13,3.7,11.8,"2023-2024"
"OLY","PAR","32_2","Regular Season","Aleksa  Avramovic",6,0,0,0,NA,0,1,0,0,0,NA,0,1,1,0,0,3,0,0,2,0,-5,"H","L",69,38,24,15,21,5,12,16,17,20,37,4,16,2,23,68,69,38,24,15,21,5,12,16,17,20,37,4,16,2,23,68,0,3.8,0,-0.06,0,0,0,0,-4.2,0,78.95,6.3,0,"2023-2024"
"OLY","PAR","32_2","Regular Season","Balsa  Koprivica",4,0,0,0,NA,0,0,NA,0,0,NA,0,1,1,0,0,2,0,0,3,0,-4,"H","L",69,38,24,15,21,5,12,16,17,20,37,4,16,2,23,68,69,38,24,15,21,5,12,16,17,20,37,4,16,2,23,68,NA,1.9,0,-0.05,0,0,NA,NA,-2.9,NA,105.26,4.7,0,"2023-2024"
"OLY","PAR","32_2","Regular Season","Alen  Smailagic",9,3,0,0,NA,1,1,100,0,0,NA,0,0,0,0,0,0,1,0,1,0,3,"H","L",69,38,24,15,21,5,12,16,17,20,37,4,16,2,23,68,69,38,24,15,21,5,12,16,17,20,37,4,16,2,23,68,3,1,300,0.03,0,NA,150,0,3,150,0,1.1,0,"2023-2024"
"OLY","PAR","32_2","Regular Season","James  Nunnally",16,0,0,1,0,0,1,0,0,0,NA,0,1,1,0,0,3,0,0,2,1,-5,"H","L",69,38,24,15,21,5,12,16,17,20,37,4,16,2,23,68,69,38,24,15,21,5,12,16,17,20,37,4,16,2,23,68,0,4.8,0,-0.07,0,0,0,0,-4.9,0,62.5,3,0,"2023-2024"
"OLY","PAR","32_2","Regular Season","Uros  Trifunovic",6,0,0,0,NA,0,0,NA,0,0,NA,0,0,0,0,0,0,0,0,1,0,-1,"H","L",69,38,24,15,21,5,12,16,17,20,37,4,16,2,23,68,69,38,24,15,21,5,12,16,17,20,37,4,16,2,23,68,NA,0,NA,-0.01,NA,NA,NA,NA,-0.4,NA,NA,0,0,"2023-2024"
"PAR","OLY","32_2","Regular Season","Thomas  Walkup",29,11,4,5,80,0,2,0,3,3,100,0,2,2,3,2,0,0,0,2,3,16,"A","W",74,31,20,22,19,6,18,11,3,19,22,10,10,2,20,80,74,31,20,22,19,6,18,11,3,19,22,10,10,2,20,80,1.1,8,137.5,0.12,37.5,Inf,57.1,0.43,11.6,66.1,0,3.2,0,"2023-2024"
"PAR","OLY","32_2","Regular Season","Isaiah  Canaan",20,10,2,4,50,2,5,40,0,0,NA,0,1,1,0,0,2,0,1,1,2,4,"A","W",74,31,20,22,19,6,18,11,3,19,22,10,10,2,20,80,74,31,20,22,19,6,18,11,3,19,22,10,10,2,20,80,1.11,10.6,94.3,0.03,0,0,55.6,0,3.2,55.6,18.87,6.2,0,"2023-2024"
"PAR","OLY","32_2","Regular Season","Moustapha  Fall",30,7,3,5,60,0,0,NA,1,2,50,0,4,4,2,0,1,2,0,1,3,13,"A","W",74,31,20,22,19,6,18,11,3,19,22,10,10,2,20,80,74,31,20,22,19,6,18,11,3,19,22,10,10,2,20,80,1,6.6,106.1,0.08,30.3,2,60,0.4,6.9,59.5,15.15,2.6,0,"2023-2024"
"PAR","OLY","32_2","Regular Season","Kostas  Papanikolaou",30,13,5,5,100,1,2,50,0,0,NA,0,3,3,2,0,1,0,0,0,0,16,"A","W",74,31,20,22,19,6,18,11,3,19,22,10,10,2,20,80,74,31,20,22,19,6,18,11,3,19,22,10,10,2,20,80,1.86,7.7,168.8,0.14,26,2,92.9,0,11.8,92.9,12.99,3,0,"2023-2024"
"PAR","OLY","32_2","Regular Season","Alec  Peters",14,3,1,3,33.3,0,3,0,1,1,100,0,1,1,0,1,0,0,0,3,3,0,"A","W",74,31,20,22,19,6,18,11,3,19,22,10,10,2,20,80,74,31,20,22,19,6,18,11,3,19,22,10,10,2,20,80,0.43,6.2,48.4,-0.03,0,NA,16.7,0.17,-0.7,23.3,0,5.2,0,"2023-2024"
"PAR","OLY","32_2","Regular Season","Nigel  Williams-Goss",24,17,4,6,66.7,2,4,50,3,4,75,1,2,3,3,5,3,0,0,4,3,19,"A","W",74,31,20,22,19,6,18,11,3,19,22,10,10,2,20,80,74,31,20,22,19,6,18,11,3,19,22,10,10,2,20,80,1.21,13.2,128.8,0.14,22.7,1,70,0.4,15.8,72.3,22.73,7,16.7,"2023-2024"
"PAR","OLY","32_2","Regular Season","Moses  Wright",10,6,0,1,0,1,1,100,3,4,75,1,1,2,0,1,0,0,1,1,3,8,"A","W",74,31,20,22,19,6,18,11,3,19,22,10,10,2,20,80,74,31,20,22,19,6,18,11,3,19,22,10,10,2,20,80,1,2.6,230.8,0.05,0,NA,75,2,6.2,79.8,0,4.3,16.7,"2023-2024"
"PAR","OLY","32_2","Regular Season","Giannoulis  Larentzakis",20,3,0,2,0,0,2,0,3,4,75,1,3,4,1,1,3,0,0,4,4,1,"A","W",74,31,20,22,19,6,18,11,3,19,22,10,10,2,20,80,74,31,20,22,19,6,18,11,3,19,22,10,10,2,20,80,0.38,7.4,40.5,-0.03,13.5,0.3,0,1,-1.5,26,40.54,5,16.7,"2023-2024"
"PAR","OLY","32_2","Regular Season","Luke  Sikma",11,0,0,0,NA,0,0,NA,0,0,NA,0,2,2,0,0,0,0,0,1,0,1,"A","W",74,31,20,22,19,6,18,11,3,19,22,10,10,2,20,80,74,31,20,22,19,6,18,11,3,19,22,10,10,2,20,80,NA,0,NA,0.01,NA,NA,NA,NA,0.2,NA,NA,0,0,"2023-2024"
"PAR","OLY","32_2","Regular Season","Shaquielle  McKissic",13,4,0,0,NA,0,1,0,4,4,100,0,0,0,0,0,0,0,0,3,2,2,"A","W",74,31,20,22,19,6,18,11,3,19,22,10,10,2,20,80,74,31,20,22,19,6,18,11,3,19,22,10,10,2,20,80,0.8,2.6,153.8,0,0,NA,0,4,2.1,72.5,0,2.4,0,"2023-2024"
"MAC","VAL","32_3","Regular Season","Jaime  Pradilla",17,6,3,3,100,0,0,NA,0,0,NA,2,0,2,1,0,0,0,0,3,0,6,"A","L",80,37,31,14,17,12,10,19,11,20,31,6,14,0,19,71,80,37,31,14,17,12,10,19,11,20,31,6,14,0,19,71,2,1,600,0.05,100,Inf,100,0,6,100,0,1.6,9.1,"2023-2024"
"MAC","VAL","32_3","Regular Season","Justin  Anderson",23,9,1,5,20,2,4,50,1,2,50,1,1,2,0,0,0,0,2,2,1,1,"A","L",80,37,31,14,17,12,10,19,11,20,31,6,14,0,19,71,80,37,31,14,17,12,10,19,11,20,31,6,14,0,19,71,0.82,8.5,105.9,0.01,0,NA,44.4,0.22,3.7,45.5,0,3.9,4.5,"2023-2024"
"MAC","VAL","32_3","Regular Season","Chris  Jones",21,9,0,3,0,3,5,60,0,0,NA,1,1,2,5,1,3,0,0,0,2,11,"A","L",80,37,31,14,17,12,10,19,11,20,31,6,14,0,19,71,80,37,31,14,17,12,10,19,11,20,31,6,14,0,19,71,1.12,9.6,93.8,0.08,52.1,1.7,56.2,0,7.1,56.2,31.25,4.8,4.5,"2023-2024"
"MAC","VAL","32_3","Regular Season","Damien  Inglis",24,12,5,7,71.4,0,3,0,2,2,100,2,7,9,2,1,2,0,1,4,2,14,"A","L",80,37,31,14,17,12,10,19,11,20,31,6,14,0,19,71,80,37,31,14,17,12,10,19,11,20,31,6,14,0,19,71,1,10.4,115.4,0.11,19.2,1,50,0.2,9.3,55.1,19.23,4.9,9.1,"2023-2024"
"MAC","VAL","32_3","Regular Season","Stefan  Jovic",20,2,1,2,50,0,0,NA,0,0,NA,0,1,1,2,2,3,0,0,4,1,0,"A","L",80,37,31,14,17,12,10,19,11,20,31,6,14,0,19,71,80,37,31,14,17,12,10,19,11,20,31,6,14,0,19,71,1,4.8,41.7,-0.01,41.7,0.7,50,0,0.1,50,62.5,2.3,0,"2023-2024"
"MAC","VAL","32_3","Regular Season","Victor  Claver",11,6,0,1,0,2,3,66.7,0,0,NA,0,2,2,0,0,1,0,0,1,1,5,"A","L",80,37,31,14,17,12,10,19,11,20,31,6,14,0,19,71,80,37,31,14,17,12,10,19,11,20,31,6,14,0,19,71,1.5,4.8,125,0.04,0,0,75,0,3.2,75,20.83,4.1,0,"2023-2024"
"MAC","VAL","32_3","Regular Season","Nate  Reuvers",3,0,0,0,NA,0,1,0,0,0,NA,0,0,0,0,0,0,0,0,1,1,-1,"A","L",80,37,31,14,17,12,10,19,11,20,31,6,14,0,19,71,80,37,31,14,17,12,10,19,11,20,31,6,14,0,19,71,0,1,0,-0.02,0,NA,0,0,-1.1,0,0,3,0,"2023-2024"
"MAC","VAL","32_3","Regular Season","Xabi  Lopez-Arostegui",19,7,2,3,66.7,1,4,25,0,0,NA,3,4,7,0,0,2,0,0,0,1,9,"A","L",80,37,31,14,17,12,10,19,11,20,31,6,14,0,19,71,80,37,31,14,17,12,10,19,11,20,31,6,14,0,19,71,1,5.8,120.7,0.06,0,0,50,0,4.6,50,34.48,4.3,13.6,"2023-2024"
"MAC","VAL","32_3","Regular Season","Kassius  Robertson",19,13,3,5,60,2,4,50,1,1,100,1,0,1,3,0,0,0,0,2,2,13,"A","L",80,37,31,14,17,12,10,19,11,20,31,6,14,0,19,71,80,37,31,14,17,12,10,19,11,20,31,6,14,0,19,71,1.3,8.1,160.5,0.1,37,Inf,66.7,0.11,10.7,68.9,0,4.5,4.5,"2023-2024"
"MAC","VAL","32_3","Regular Season","Semi  Ojeleye",25,15,2,6,33.3,2,5,40,5,8,62.5,1,4,5,2,2,2,0,3,1,5,13,"A","L",80,37,31,14,17,12,10,19,11,20,31,6,14,0,19,71,80,37,31,14,17,12,10,19,11,20,31,6,14,0,19,71,0.79,14.9,100.7,0.1,13.4,1,45.5,0.73,10.6,51.7,13.42,6,4.5,"2023-2024"
"MAC","VAL","32_3","Regular Season","Kevin  Pangos",17,1,0,2,0,0,2,0,1,1,100,0,0,0,4,0,1,0,0,1,1,0,"A","L",80,37,31,14,17,12,10,19,11,20,31,6,14,0,19,71,80,37,31,14,17,12,10,19,11,20,31,6,14,0,19,71,0.2,5.2,19.2,-0.01,76.9,4,0,0.25,-0.4,11.3,19.23,2.9,0,"2023-2024"
"VAL","MAC","32_3","Regular Season","Lorenzo  Brown",28,6,3,5,60,0,4,0,0,0,NA,0,4,4,7,2,0,2,0,2,1,14,"H","W",95,46,22,19,31,6,15,18,12,22,34,10,9,6,17,121,95,46,22,19,31,6,15,18,12,22,34,10,9,6,17,121,0.67,8.6,69.8,0.06,81.4,Inf,33.3,0,9.6,33.3,0,3,0,"2023-2024"
"VAL","MAC","32_3","Regular Season","Wade  Baldwin IV",28,17,3,7,42.9,1,4,25,8,9,88.9,0,3,3,4,4,3,0,0,1,7,23,"H","W",95,46,22,19,31,6,15,18,12,22,34,10,9,6,17,121,95,46,22,19,31,6,15,18,12,22,34,10,9,6,17,121,0.85,17.2,98.8,0.09,23.3,1.3,40.9,0.82,14.8,56.8,17.44,6,0,"2023-2024"
"VAL","MAC","32_3","Regular Season","Jake  Cohen",13,4,2,2,100,0,1,0,0,0,NA,1,2,3,2,0,1,0,0,2,0,5,"H","W",95,46,22,19,31,6,15,18,12,22,34,10,9,6,17,121,95,46,22,19,31,6,15,18,12,22,34,10,9,6,17,121,1.33,2.9,137.9,0.02,69,2,66.7,0,3.6,66.7,34.48,2.9,4.2,"2023-2024"
"VAL","MAC","32_3","Regular Season","Josh  Nebo",27,15,7,9,77.8,0,0,NA,1,1,100,2,7,9,0,0,1,2,0,1,1,23,"H","W",95,46,22,19,31,6,15,18,12,22,34,10,9,6,17,121,95,46,22,19,31,6,15,18,12,22,34,10,9,6,17,121,1.5,8.1,185.2,0.11,0,0,77.8,0.11,15,79.4,12.35,3.6,8.3,"2023-2024"
"VAL","MAC","32_3","Regular Season","Bonzie  Colson",32,10,5,8,62.5,0,0,NA,0,1,0,2,2,4,0,1,0,0,0,1,1,11,"H","W",95,46,22,19,31,6,15,18,12,22,34,10,9,6,17,121,95,46,22,19,31,6,15,18,12,22,34,10,9,6,17,121,1.11,6.2,161.3,0.05,0,NA,62.5,0.12,8.6,59.2,0,2.5,8.3,"2023-2024"
"VAL","MAC","32_3","Regular Season","Antonius  Cleveland",18,10,4,6,66.7,0,0,NA,2,2,100,1,2,3,0,0,1,2,0,2,1,11,"H","W",95,46,22,19,31,6,15,18,12,22,34,10,9,6,17,121,95,46,22,19,31,6,15,18,12,22,34,10,9,6,17,121,1.25,6.6,151.5,0.05,0,0,66.7,0.33,8.3,72.7,15.15,4.1,4.2,"2023-2024"
"VAL","MAC","32_3","Regular Season","James  Webb III",11,7,2,3,66.7,1,3,33.3,0,0,NA,0,0,0,0,0,0,0,0,3,2,3,"H","W",95,46,22,19,31,6,15,18,12,22,34,10,9,6,17,121,95,46,22,19,31,6,15,18,12,22,34,10,9,6,17,121,1.17,5.8,120.7,0.01,0,NA,58.3,0,2.8,58.3,0,5.1,0,"2023-2024"
"VAL","MAC","32_3","Regular Season","John  Dibartolomeo",11,8,1,1,100,2,4,50,0,0,NA,2,0,2,1,1,1,0,0,2,1,8,"H","W",95,46,22,19,31,6,15,18,12,22,34,10,9,6,17,121,95,46,22,19,31,6,15,18,12,22,34,10,9,6,17,121,1.6,3.8,210.5,0.03,26.3,1,80,0,7,80,26.32,5.1,8.3,"2023-2024"
"VAL","MAC","32_3","Regular Season","Jasiel  Rivero",16,10,4,4,100,0,0,NA,2,4,50,4,2,6,1,0,0,0,0,1,3,17,"H","W",95,46,22,19,31,6,15,18,12,22,34,10,9,6,17,121,95,46,22,19,31,6,15,18,12,22,34,10,9,6,17,121,1.25,1.7,588.2,0.06,58.8,Inf,100,1,11.7,86.8,0,3.4,16.7,"2023-2024"
"VAL","MAC","32_3","Regular Season","Joe  Thomasson",4,2,0,1,0,0,1,0,2,2,100,0,0,0,1,2,0,0,0,1,1,3,"H","W",95,46,22,19,31,6,15,18,12,22,34,10,9,6,17,121,95,46,22,19,31,6,15,18,12,22,34,10,9,6,17,121,0.5,2.8,71.4,0.01,35.7,Inf,0,1,2.9,34.7,0,6.7,0,"2023-2024"
"VAL","MAC","32_3","Regular Season","Tamir  Blatt",12,6,0,0,NA,2,5,40,0,0,NA,0,0,0,2,0,2,0,0,1,1,3,"H","W",95,46,22,19,31,6,15,18,12,22,34,10,9,6,17,121,95,46,22,19,31,6,15,18,12,22,34,10,9,6,17,121,1.2,6.7,89.6,0.01,29.9,1,60,0,2.3,60,29.85,5.5,0,"2023-2024"
"ASM","VIL","32_4","Regular Season","Mike  Scott",5,0,0,0,NA,0,1,0,0,0,NA,0,3,3,0,0,0,0,0,0,0,2,"H","L",77,40,26,9,17,12,7,24,7,22,29,6,15,1,25,71,77,40,26,9,17,12,7,24,7,22,29,6,15,1,25,71,0,1,0,0.02,0,NA,0,0,0.2,0,0,1.9,0,"2023-2024"
"ASM","VIL","32_4","Regular Season","Paris  Lee",26,6,0,1,0,2,6,33.3,0,0,NA,0,2,2,7,2,5,0,0,1,1,7,"H","L",77,40,26,9,17,12,7,24,7,22,29,6,15,1,25,71,77,40,26,9,17,12,7,24,7,22,29,6,15,1,25,71,0.86,11.5,52.2,0.06,60.9,1.4,42.9,0,4,42.9,43.48,4.3,0,"2023-2024"
"ASM","VIL","32_4","Regular Season","Joffrey  Lauvergne",20,13,5,9,55.6,1,1,100,0,0,NA,2,1,3,0,0,1,0,0,2,0,9,"H","L",77,40,26,9,17,12,7,24,7,22,29,6,15,1,25,71,77,40,26,9,17,12,7,24,7,22,29,6,15,1,25,71,1.3,8.6,151.2,0.07,0,0,65,0,8.3,65,11.63,5.2,14.3,"2023-2024"
"ASM","VIL","32_4","Regular Season","Edwin  Jackson",20,13,4,4,100,1,3,33.3,2,4,50,1,0,1,1,0,0,0,0,3,4,12,"H","L",77,40,26,9,17,12,7,24,7,22,29,6,15,1,25,71,77,40,26,9,17,12,7,24,7,22,29,6,15,1,25,71,1.18,7.4,175.7,0.07,13.5,Inf,78.6,0.57,9.5,74.2,0,4.1,7.1,"2023-2024"
"ASM","VIL","32_4","Regular Season","David  Lighty",10,0,0,1,0,0,1,0,0,0,NA,0,0,0,1,1,0,0,0,4,2,-2,"H","L",77,40,26,9,17,12,7,24,7,22,29,6,15,1,25,71,77,40,26,9,17,12,7,24,7,22,29,6,15,1,25,71,0,1.9,0,-0.04,52.6,Inf,0,0,-1.3,0,0,1.9,0,"2023-2024"
"ASM","VIL","32_4","Regular Season","Charles Lombahe Kahudi",14,5,1,2,50,1,2,50,0,0,NA,0,1,1,1,0,1,0,0,3,0,1,"H","L",77,40,26,9,17,12,7,24,7,22,29,6,15,1,25,71,77,40,26,9,17,12,7,24,7,22,29,6,15,1,25,71,1.25,4.8,104.2,0.01,20.8,1,62.5,0,1.8,62.5,20.83,3.4,0,"2023-2024"
"ASM","VIL","32_4","Regular Season","Timothe  Luwawu-Cabarrot",29,23,3,5,60,5,6,83.3,2,2,100,1,6,7,2,0,2,0,0,1,3,29,"H","L",77,40,26,9,17,12,7,24,7,22,29,6,15,1,25,71,77,40,26,9,17,12,7,24,7,22,29,6,15,1,25,71,1.77,12.4,185.5,0.24,16.1,1,95.5,0.18,20,96.8,16.13,4.5,7.1,"2023-2024"
"ASM","VIL","32_4","Regular Season","Nando  de Colo",21,9,1,4,25,2,4,50,1,1,100,0,0,0,9,1,4,0,2,2,2,8,"H","L",77,40,26,9,17,12,7,24,7,22,29,6,15,1,25,71,77,40,26,9,17,12,7,24,7,22,29,6,15,1,25,71,1,11.9,75.6,0.07,75.6,2.2,50,0.12,7.1,53.3,33.61,5.6,0,"2023-2024"
"ASM","VIL","32_4","Regular Season","Youssoupha  Fall",19,4,1,4,25,0,0,NA,2,2,100,1,6,7,0,0,1,0,0,4,3,6,"H","L",77,40,26,9,17,12,7,24,7,22,29,6,15,1,25,71,77,40,26,9,17,12,7,24,7,22,29,6,15,1,25,71,0.67,4.7,85.1,0.02,0,0,25,0.5,1.5,41,21.28,2.9,7.1,"2023-2024"
"ASM","VIL","32_4","Regular Season","Mbaye  Ndiaye",22,4,2,7,28.6,0,1,0,0,0,NA,2,3,5,0,2,1,1,1,2,0,2,"H","L",77,40,26,9,17,12,7,24,7,22,29,6,15,1,25,71,77,40,26,9,17,12,7,24,7,22,29,6,15,1,25,71,0.5,6.7,59.7,0.01,0,0,25,0,2.4,25,14.93,3.9,14.3,"2023-2024"
"ASM","VIL","32_4","Regular Season","Noam  Yaacov",14,0,0,3,0,0,1,0,0,0,NA,0,0,0,3,0,0,0,0,3,1,-3,"H","L",77,40,26,9,17,12,7,24,7,22,29,6,15,1,25,71,77,40,26,9,17,12,7,24,7,22,29,6,15,1,25,71,0,3.8,0,-0.04,78.9,Inf,0,0,-1.9,0,0,2.7,0,"2023-2024"
"VIL","ASM","32_4","Regular Season","John  Brown III",17,2,1,2,50,0,0,NA,0,0,NA,0,2,2,3,1,2,0,0,3,1,3,"A","W",87,42,19,26,30,3,18,16,8,27,35,7,11,3,16,108,87,42,19,26,30,3,18,16,8,27,35,7,11,3,16,108,1,3.8,52.6,0.01,78.9,1.5,50,0,1.5,50,52.63,2.3,0,"2023-2024"
"VIL","ASM","32_4","Regular Season","Jordan  Loyd",21,9,4,6,66.7,0,3,0,1,1,100,1,3,4,2,0,1,1,0,3,2,9,"A","W",87,42,19,26,30,3,18,16,8,27,35,7,11,3,16,108,87,42,19,26,30,3,18,16,8,27,35,7,11,3,16,108,0.9,9.1,98.9,0.04,22,2,44.4,0.11,5.8,47.7,10.99,4.8,6.2,"2023-2024"
"VIL","ASM","32_4","Regular Season","Donatas  Motiejunas",13,4,2,3,66.7,0,1,0,0,0,NA,1,3,4,0,0,1,0,0,0,1,6,"A","W",87,42,19,26,30,3,18,16,8,27,35,7,11,3,16,108,87,42,19,26,30,3,18,16,8,27,35,7,11,3,16,108,1,3.8,105.3,0.03,0,0,50,0,2.6,50,26.32,3.7,6.2,"2023-2024"
"VIL","ASM","32_4","Regular Season","Yakuba  Ouattara",8,2,1,1,100,0,0,NA,0,0,NA,0,0,0,0,0,0,0,0,0,0,2,"A","W",87,42,19,26,30,3,18,16,8,27,35,7,11,3,16,108,87,42,19,26,30,3,18,16,8,27,35,7,11,3,16,108,2,1,200,0.01,0,NA,100,0,1.7,100,0,1.2,0,"2023-2024"
"VIL","ASM","32_4","Regular Season","Mike  James",29,12,4,7,57.1,0,3,0,4,7,57.1,0,4,4,4,1,3,0,0,1,5,13,"A","W",87,42,19,26,30,3,18,16,8,27,35,7,11,3,16,108,87,42,19,26,30,3,18,16,8,27,35,7,11,3,16,108,0.71,15.4,77.9,0.05,26,1.3,40,0.7,7,45.9,19.48,5.3,0,"2023-2024"
"VIL","ASM","32_4","Regular Season","Elie  Okobo",27,16,4,6,66.7,2,7,28.6,2,3,66.7,0,2,2,3,1,2,0,0,1,3,14,"A","W",87,42,19,26,30,3,18,16,8,27,35,7,11,3,16,108,87,42,19,26,30,3,18,16,8,27,35,7,11,3,16,108,1,15.7,101.9,0.07,19.1,1.5,53.8,0.23,10.2,55.9,12.74,5.8,0,"2023-2024"
"VIL","ASM","32_4","Regular Season","Jaron  Blossomgame",25,13,4,6,66.7,1,2,50,2,4,50,2,3,5,0,0,0,0,1,1,3,14,"A","W",87,42,19,26,30,3,18,16,8,27,35,7,11,3,16,108,87,42,19,26,30,3,18,16,8,27,35,7,11,3,16,108,1.08,7.4,175.7,0.07,0,NA,68.8,0.5,10.5,66.6,0,3.7,12.5,"2023-2024"
"VIL","ASM","32_4","Regular Season","Alpha  Diallo",30,15,5,6,83.3,0,2,0,5,5,100,1,5,6,3,3,1,1,0,2,4,26,"A","W",87,42,19,26,30,3,18,16,8,27,35,7,11,3,16,108,87,42,19,26,30,3,18,16,8,27,35,7,11,3,16,108,1.15,9.8,153.1,0.13,30.6,3,62.5,0.62,17.6,73.5,10.2,3.6,6.2,"2023-2024"
"VIL","ASM","32_4","Regular Season","Mouhammadou  Jaiteh",5,3,1,1,100,0,0,NA,1,2,50,0,0,0,0,0,0,0,0,1,1,2,"A","W",87,42,19,26,30,3,18,16,8,27,35,7,11,3,16,108,87,42,19,26,30,3,18,16,8,27,35,7,11,3,16,108,1,1.8,166.7,0.01,0,NA,100,2,1.9,79.8,0,3.6,0,"2023-2024"
"VIL","ASM","32_4","Regular Season","Kemba  Walker",5,2,1,1,100,0,1,0,0,0,NA,0,2,2,1,0,0,0,0,1,0,3,"A","W",87,42,19,26,30,3,18,16,8,27,35,7,11,3,16,108,87,42,19,26,30,3,18,16,8,27,35,7,11,3,16,108,1,1.9,105.3,0.02,52.6,Inf,50,0,1.9,50,0,3.8,0,"2023-2024"
"VIL","ASM","32_4","Regular Season","Donta  Hall",19,9,3,3,100,0,0,NA,3,4,75,3,3,6,0,1,1,1,0,3,4,16,"A","W",87,42,19,26,30,3,18,16,8,27,35,7,11,3,16,108,87,42,19,26,30,3,18,16,8,27,35,7,11,3,16,108,1.29,2.6,346.2,0.06,0,0,100,1.33,10.2,94.5,38.46,2.9,18.8,"2023-2024"
"BAS","EFE","32_5","Regular Season","Shane  Larkin",28,28,3,4,75,5,9,55.6,7,7,100,0,2,2,2,2,2,0,0,1,3,29,"A","W",97,38,28,18,21,13,16,18,11,18,29,10,7,3,22,112,97,38,28,18,21,13,16,18,11,18,29,10,7,3,22,112,1.4,17.4,160.9,0.15,11.5,1,80.8,0.54,23.7,87.1,11.49,6.4,0,"2023-2024"
"BAS","EFE","32_5","Regular Season","Will  Clyburn",30,20,3,7,42.9,3,7,42.9,5,6,83.3,1,3,4,1,1,2,1,0,3,9,22,"A","W",97,38,28,18,21,13,16,18,11,18,29,10,7,3,22,112,97,38,28,18,21,13,16,18,11,18,29,10,7,3,22,112,1,16.9,118.3,0.07,5.9,0.5,53.6,0.43,13,60.1,11.83,6.1,4.5,"2023-2024"
"BAS","EFE","32_5","Regular Season","Tibor  Pleiss",14,5,1,1,100,1,2,50,0,0,NA,0,2,2,1,0,0,1,0,1,0,7,"A","W",97,38,28,18,21,13,16,18,11,18,29,10,7,3,22,112,97,38,28,18,21,13,16,18,11,18,29,10,7,3,22,112,1.67,2.9,172.4,0.04,34.5,Inf,83.3,0,5.3,83.3,0,2.1,0,"2023-2024"
"BAS","EFE","32_5","Regular Season","Justus  Hollatz",16,4,2,3,66.7,0,0,NA,0,0,NA,3,3,6,2,2,0,0,0,1,0,12,"A","W",97,38,28,18,21,13,16,18,11,18,29,10,7,3,22,112,97,38,28,18,21,13,16,18,11,18,29,10,7,3,22,112,1.33,0,Inf,0.06,Inf,Inf,66.7,0,8.7,66.7,NA,1.9,13.6,"2023-2024"
"BAS","EFE","32_5","Regular Season","Ercan  Osmani",24,15,4,7,57.1,2,3,66.7,1,1,100,3,2,5,1,2,0,0,1,5,1,14,"A","W",97,38,28,18,21,13,16,18,11,18,29,10,7,3,22,112,97,38,28,18,21,13,16,18,11,18,29,10,7,3,22,112,1.36,7.1,211.3,0.07,14.1,Inf,70,0.1,13.8,71.8,0,4.3,13.6,"2023-2024"
"BAS","EFE","32_5","Regular Season","Rodrigue  Beaubois",15,5,1,3,33.3,1,2,50,0,0,NA,0,0,0,2,1,1,0,0,1,0,3,"A","W",97,38,28,18,21,13,16,18,11,18,29,10,7,3,22,112,97,38,28,18,21,13,16,18,11,18,29,10,7,3,22,112,1,5.8,86.2,0.02,34.5,2,50,0,3.3,50,17.24,4,0,"2023-2024"
"BAS","EFE","32_5","Regular Season","Elijah  Bryant",15,0,0,2,0,0,0,NA,0,0,NA,0,4,4,4,0,1,1,0,3,0,3,"A","W",97,38,28,18,21,13,16,18,11,18,29,10,7,3,22,112,97,38,28,18,21,13,16,18,11,18,29,10,7,3,22,112,0,2.9,0,0.01,137.9,4,0,0,1.1,0,34.48,2,0,"2023-2024"
"BAS","EFE","32_5","Regular Season","Darius  Thompson",19,7,2,5,40,1,3,33.3,0,0,NA,1,0,1,3,1,1,0,0,2,2,6,"A","W",97,38,28,18,21,13,16,18,11,18,29,10,7,3,22,112,97,38,28,18,21,13,16,18,11,18,29,10,7,3,22,112,0.88,7.7,90.9,0.02,39,3,43.8,0,4.6,43.8,12.99,4.7,4.5,"2023-2024"
"BAS","EFE","32_5","Regular Season","Daniel  Oturu",8,3,0,1,0,0,0,NA,3,4,75,1,0,1,0,1,0,0,0,2,2,3,"A","W",97,38,28,18,21,13,16,18,11,18,29,10,7,3,22,112,97,38,28,18,21,13,16,18,11,18,29,10,7,3,22,112,0.6,1.7,176.5,0,0,NA,0,4,2.8,54.3,0,3.4,4.5,"2023-2024"
"BAS","EFE","32_5","Regular Season","Erkan  Yilmaz",0,0,0,0,NA,0,0,NA,0,0,NA,0,0,0,0,0,0,0,0,0,0,0,"A","W",97,38,28,18,21,13,16,18,11,18,29,10,7,3,22,112,97,38,28,18,21,13,16,18,11,18,29,10,7,3,22,112,NA,0,NA,0,NA,NA,NA,NA,0,NA,NA,NA,0,"2023-2024"
"BAS","EFE","32_5","Regular Season","Derek  Willis",11,2,1,1,100,0,2,0,0,0,NA,0,0,0,0,0,0,0,0,0,0,0,"A","W",97,38,28,18,21,13,16,18,11,18,29,10,7,3,22,112,97,38,28,18,21,13,16,18,11,18,29,10,7,3,22,112,0.67,2.9,69,0,0,NA,33.3,0,0.3,33.3,0,2.7,0,"2023-2024"
"BAS","EFE","32_5","Regular Season","Tyrique  Jones",18,8,4,4,100,0,0,NA,0,0,NA,2,2,4,2,0,0,0,0,3,2,13,"A","W",97,38,28,18,21,13,16,18,11,18,29,10,7,3,22,112,97,38,28,18,21,13,16,18,11,18,29,10,7,3,22,112,2,1.9,421.1,0.06,105.3,Inf,100,0,9,100,0,2.2,9.1,"2023-2024"
"EFE","BAS","32_5","Regular Season","Markus  Howard",25,15,1,3,33.3,2,8,25,7,8,87.5,0,1,1,0,1,1,0,1,0,4,10,"H","L",76,37,22,26,22,5,17,13,11,20,31,5,11,1,19,74,76,37,22,26,22,5,17,13,11,20,31,5,11,1,19,74,0.79,14.9,100.7,0.07,0,0,36.4,0.73,8.4,51.7,6.71,6.1,0,"2023-2024"
"EFE","BAS","32_5","Regular Season","Christopher  Chiozza",13,2,1,2,50,0,2,0,0,0,NA,0,0,0,5,0,3,0,0,3,1,-1,"H","L",76,37,22,26,22,5,17,13,11,20,31,5,11,1,19,74,76,37,22,26,22,5,17,13,11,20,31,5,11,1,19,74,0.5,6.7,29.9,-0.02,74.6,1.7,25,0,-1.1,25,44.78,5.3,0,"2023-2024"
"EFE","BAS","32_5","Regular Season","Tadas  Sedekerskis",24,4,1,3,33.3,0,1,0,2,2,100,1,3,4,1,0,0,1,0,0,2,9,"H","L",76,37,22,26,22,5,17,13,11,20,31,5,11,1,19,74,76,37,22,26,22,5,17,13,11,20,31,5,11,1,19,74,0.67,3.7,108.1,0.06,27,Inf,25,0.5,4.6,41,0,2,4.5,"2023-2024"
"EFE","BAS","32_5","Regular Season","Vanja  Marinkovic",26,5,2,3,66.7,0,2,0,1,1,100,0,2,2,2,0,0,0,0,3,2,5,"H","L",76,37,22,26,22,5,17,13,11,20,31,5,11,1,19,74,76,37,22,26,22,5,17,13,11,20,31,5,11,1,19,74,0.83,5.2,96.2,0.03,38.5,Inf,40,0.2,3.1,46,0,2.1,0,"2023-2024"
"EFE","BAS","32_5","Regular Season","Maik  Kotsar",23,8,4,6,66.7,0,0,NA,0,0,NA,2,2,4,3,0,0,0,1,2,1,11,"H","L",76,37,22,26,22,5,17,13,11,20,31,5,11,1,19,74,76,37,22,26,22,5,17,13,11,20,31,5,11,1,19,74,1.33,3.8,210.5,0.1,78.9,Inf,66.7,0,8.7,66.7,0,2.6,9.1,"2023-2024"
"EFE","BAS","32_5","Regular Season","Codi  Miller-McIntyre",27,13,5,8,62.5,0,2,0,3,5,60,1,2,3,1,0,3,0,1,3,6,9,"H","L",76,37,22,26,22,5,17,13,11,20,31,5,11,1,19,74,76,37,22,26,22,5,17,13,11,20,31,5,11,1,19,74,0.87,13.6,95.6,0.04,7.4,0.3,50,0.5,5,53.3,22.06,5.5,4.5,"2023-2024"
"EFE","BAS","32_5","Regular Season","Daniel  Diez",11,0,0,0,NA,0,0,NA,0,0,NA,0,3,3,1,1,0,0,0,0,0,5,"H","L",76,37,22,26,22,5,17,13,11,20,31,5,11,1,19,74,76,37,22,26,22,5,17,13,11,20,31,5,11,1,19,74,NA,0,NA,0.05,Inf,Inf,NA,NA,2.6,NA,NA,0,0,"2023-2024"
"EFE","BAS","32_5","Regular Season","Nikos  Rogkavopoulos",19,12,2,2,100,2,5,40,2,4,50,0,1,1,0,1,1,0,0,2,2,8,"H","L",76,37,22,26,22,5,17,13,11,20,31,5,11,1,19,74,76,37,22,26,22,5,17,13,11,20,31,5,11,1,19,74,1.09,9.4,127.7,0.06,0,0,71.4,0.57,7.4,68.5,10.64,5,0,"2023-2024"
"EFE","BAS","32_5","Regular Season","Matthew  Costello",16,8,2,2,100,1,2,50,1,4,25,3,3,6,0,2,3,0,0,4,2,7,"H","L",76,37,22,26,22,5,17,13,11,20,31,5,11,1,19,74,76,37,22,26,22,5,17,13,11,20,31,5,11,1,19,74,1,5.5,145.5,0.04,0,0,87.5,1,5.6,69.4,54.55,5.4,13.6,"2023-2024"
"EFE","BAS","32_5","Regular Season","Chima  Moneke",14,9,4,8,50,0,0,NA,1,2,50,4,3,7,0,0,0,0,0,2,2,11,"H","L",76,37,22,26,22,5,17,13,11,20,31,5,11,1,19,74,76,37,22,26,22,5,17,13,11,20,31,5,11,1,19,74,0.9,4.7,191.5,0.07,0,NA,50,0.25,7.5,50.7,0,6.2,18.2,"2023-2024"
"MIL","ZAL","32_6","Regular Season","Keenan  Evans",28,20,5,7,71.4,2,5,40,4,4,100,0,2,2,2,1,1,0,0,3,4,20,"H","W",87,39,27,14,24,10,9,16,12,22,34,6,8,1,20,98,87,39,27,14,24,10,9,16,12,22,34,6,8,1,20,98,1.25,14.2,140.8,0.11,14.1,2,66.7,0.33,15.2,72.7,7.04,5.3,0,"2023-2024"
"MIL","ZAL","32_6","Regular Season","Dovydas  Giedraitis",24,4,2,6,33.3,0,1,0,0,0,NA,0,2,2,1,1,0,0,0,2,1,2,"H","W",87,39,27,14,24,10,9,16,12,22,34,6,8,1,20,98,87,39,27,14,24,10,9,16,12,22,34,6,8,1,20,98,0.57,6.7,59.7,0.01,14.9,Inf,28.6,0,1.4,28.6,0,2.9,0,"2023-2024"
"MIL","ZAL","32_6","Regular Season","Laurynas  Birutis",19,7,3,6,50,0,0,NA,1,2,50,2,5,7,0,0,1,0,0,1,1,9,"H","W",87,39,27,14,24,10,9,16,12,22,34,6,8,1,20,98,87,39,27,14,24,10,9,16,12,22,34,6,8,1,20,98,0.88,5.6,125,0.05,0,0,50,0.33,5.1,50.9,17.86,4.1,8.3,"2023-2024"
"MIL","ZAL","32_6","Regular Season","Arnas  Butkevicius",30,13,2,2,100,3,7,42.9,0,2,0,1,3,4,1,0,0,0,0,5,3,10,"H","W",87,39,27,14,24,10,9,16,12,22,34,6,8,1,20,98,87,39,27,14,24,10,9,16,12,22,34,6,8,1,20,98,1.18,8.5,152.9,0.04,11.8,Inf,72.2,0.22,8.2,65.8,0,3.3,4.2,"2023-2024"
"MIL","ZAL","32_6","Regular Season","Edgaras  Ulanovas",25,4,2,4,50,0,1,0,0,0,NA,3,1,4,5,1,2,0,1,1,2,9,"H","W",87,39,27,14,24,10,9,16,12,22,34,6,8,1,20,98,87,39,27,14,24,10,9,16,12,22,34,6,8,1,20,98,0.8,3.8,105.3,0.04,131.6,2.5,40,0,5.8,40,52.63,2.8,12.5,"2023-2024"
"MIL","ZAL","32_6","Regular Season","Lukas  Lekavicius",11,10,2,3,66.7,2,2,100,0,0,NA,0,0,0,1,0,0,0,0,1,2,11,"H","W",87,39,27,14,24,10,9,16,12,22,34,6,8,1,20,98,87,39,27,14,24,10,9,16,12,22,34,6,8,1,20,98,2,4.8,208.3,0.06,20.8,Inf,100,0,8.4,100,0,4.5,0,"2023-2024"
"MIL","ZAL","32_6","Regular Season","Kevarrius  Hayes",21,8,4,6,66.7,0,0,NA,0,0,NA,4,2,6,0,1,1,1,0,2,1,12,"H","W",87,39,27,14,24,10,9,16,12,22,34,6,8,1,20,98,87,39,27,14,24,10,9,16,12,22,34,6,8,1,20,98,1.33,2.9,275.9,0.06,0,0,66.7,0,8.7,66.7,34.48,3.3,16.7,"2023-2024"
"MIL","ZAL","32_6","Regular Season","Edmond  Sumner",15,17,4,4,100,2,2,100,3,4,75,0,3,3,5,2,1,0,0,3,6,28,"H","W",87,39,27,14,24,10,9,16,12,22,34,6,8,1,20,98,87,39,27,14,24,10,9,16,12,22,34,6,8,1,20,98,1.7,8.4,202.4,0.15,59.5,5,116.7,0.67,19,109.5,11.9,5.8,0,"2023-2024"
"MIL","ZAL","32_6","Regular Season","Dovydas  Butka",1,0,0,0,NA,0,1,0,0,0,NA,0,0,0,0,0,0,0,0,0,0,-1,"H","W",87,39,27,14,24,10,9,16,12,22,34,6,8,1,20,98,87,39,27,14,24,10,9,16,12,22,34,6,8,1,20,98,0,1,0,-0.01,0,NA,0,0,-0.7,0,0,10,0,"2023-2024"
"MIL","ZAL","32_6","Regular Season","Tomas  Dimsa",11,0,0,1,0,0,3,0,0,0,NA,1,2,3,1,0,1,0,1,1,0,-3,"H","W",87,39,27,14,24,10,9,16,12,22,34,6,8,1,20,98,87,39,27,14,24,10,9,16,12,22,34,6,8,1,20,98,0,3.8,0,-0.02,26.3,1,0,0,-2.2,0,26.32,4.5,4.2,"2023-2024"
"MIL","ZAL","32_6","Regular Season","Danielius  Lavrinovicius",1,1,0,0,NA,0,0,NA,1,2,50,1,0,1,0,0,0,0,0,0,1,2,"H","W",87,39,27,14,24,10,9,16,12,22,34,6,8,1,20,98,87,39,27,14,24,10,9,16,12,22,34,6,8,1,20,98,0.5,-0.1,-1000,0,0,NA,NA,Inf,1.3,56.8,0,8.8,4.2,"2023-2024"
"MIL","ZAL","32_6","Regular Season","Brady   Manek",14,3,0,0,NA,1,5,20,0,0,NA,0,2,2,0,0,1,0,0,1,0,-1,"H","W",87,39,27,14,24,10,9,16,12,22,34,6,8,1,20,98,87,39,27,14,24,10,9,16,12,22,34,6,8,1,20,98,0.6,5.8,51.7,-0.01,0,0,30,0,-0.9,30,17.24,4.3,0,"2023-2024"
"ZAL","MIL","32_6","Regular Season","Stefano  Tonut",22,8,1,2,50,2,2,100,0,0,NA,2,1,3,0,0,0,0,0,1,1,10,"A","L",73,32,21,20,14,9,18,12,6,20,26,5,12,2,21,72,73,32,21,20,14,9,18,12,6,20,26,5,12,2,21,72,2,1.9,421.1,0.08,0,NA,100,0,7.7,100,0,2,16.7,"2023-2024"
"ZAL","MIL","32_6","Regular Season","Nicolo  Melli",27,1,0,4,0,0,0,NA,1,2,50,0,2,2,3,2,0,0,0,2,2,3,"A","L",73,32,21,20,14,9,18,12,6,20,26,5,12,2,21,72,73,32,21,20,14,9,18,12,6,20,26,5,12,2,21,72,0.17,4.7,21.3,0.01,63.8,Inf,0,0.5,1.7,10.2,0,2,0,"2023-2024"
"ZAL","MIL","32_6","Regular Season","Shabazz  Napier",26,17,2,4,50,2,4,50,7,7,100,0,2,2,2,0,3,0,0,2,6,18,"A","L",73,32,21,20,14,9,18,12,6,20,26,5,12,2,21,72,73,32,21,20,14,9,18,12,6,20,26,5,12,2,21,72,1.13,13.5,125.9,0.12,14.8,0.7,62.5,0.88,11.2,76.7,22.22,5.9,0,"2023-2024"
"ZAL","MIL","32_6","Regular Season","Shavon  Shields",32,11,1,4,25,2,6,33.3,3,4,75,0,2,2,2,2,4,0,0,2,3,6,"A","L",73,32,21,20,14,9,18,12,6,20,26,5,12,2,21,72,73,32,21,20,14,9,18,12,6,20,26,5,12,2,21,72,0.79,15.1,72.8,0.03,13.2,0.5,40,0.4,4,46.8,26.49,5.3,0,"2023-2024"
"ZAL","MIL","32_6","Regular Season","Nikola  Mirotic",25,19,7,9,77.8,1,2,50,2,2,100,1,6,7,1,0,2,1,0,3,3,23,"A","L",73,32,21,20,14,9,18,12,6,20,26,5,12,2,21,72,73,32,21,20,14,9,18,12,6,20,26,5,12,2,21,72,1.46,12.4,153.2,0.19,8.1,0.5,77.3,0.18,15.2,80,16.13,6,8.3,"2023-2024"
"ZAL","MIL","32_6","Regular Season","Maodo  Lo",17,0,0,1,0,0,3,0,0,0,NA,0,2,2,4,0,2,0,0,3,0,-3,"A","L",73,32,21,20,14,9,18,12,6,20,26,5,12,2,21,72,73,32,21,20,14,9,18,12,6,20,26,5,12,2,21,72,0,5.8,0,-0.03,69,2,0,0,-2.6,0,34.48,3.8,0,"2023-2024"
"ZAL","MIL","32_6","Regular Season","Alex  Poythress",10,7,2,3,66.7,0,0,NA,3,3,100,2,1,3,0,0,0,0,1,4,3,7,"A","L",73,32,21,20,14,9,18,12,6,20,26,5,12,2,21,72,73,32,21,20,14,9,18,12,6,20,26,5,12,2,21,72,1.17,2.2,318.2,0.04,0,NA,66.7,1,5.8,81,0,4.7,16.7,"2023-2024"
"ZAL","MIL","32_6","Regular Season","Diego  Flaccadori",2,0,0,0,NA,0,0,NA,0,0,NA,0,0,0,0,0,0,0,0,1,0,-1,"A","L",73,32,21,20,14,9,18,12,6,20,26,5,12,2,21,72,73,32,21,20,14,9,18,12,6,20,26,5,12,2,21,72,NA,0,NA,-0.01,NA,NA,NA,NA,-0.4,NA,NA,0,0,"2023-2024"
"ZAL","MIL","32_6","Regular Season","Devon  Hall",21,6,0,3,0,2,2,100,0,0,NA,0,1,1,0,0,0,0,0,1,1,4,"A","L",73,32,21,20,14,9,18,12,6,20,26,5,12,2,21,72,73,32,21,20,14,9,18,12,6,20,26,5,12,2,21,72,1.2,4.8,125,0.03,0,NA,60,0,3.2,60,0,2.6,0,"2023-2024"
"ZAL","MIL","32_6","Regular Season","Kyle  Hines",4,0,0,0,NA,0,0,NA,0,0,NA,0,0,0,0,1,0,0,0,0,0,1,"A","L",73,32,21,20,14,9,18,12,6,20,26,5,12,2,21,72,73,32,21,20,14,9,18,12,6,20,26,5,12,2,21,72,NA,0,NA,0.01,NA,NA,NA,NA,1,NA,NA,0,0,"2023-2024"
"ZAL","MIL","32_6","Regular Season","Johannes  Voigtmann",13,4,1,2,50,0,2,0,2,2,100,1,3,4,0,0,1,1,0,2,1,4,"A","L",73,32,21,20,14,9,18,12,6,20,26,5,12,2,21,72,73,32,21,20,14,9,18,12,6,20,26,5,12,2,21,72,0.67,4.7,85.1,0.02,0,0,25,0.5,2.1,41,21.28,4.9,8.3,"2023-2024"
"CRV","RMB","32_7","Regular Season","Hugo  Gonzalez",9,0,0,0,NA,0,1,0,0,0,NA,0,1,1,0,0,2,0,0,3,0,-5,"H","W",101,29,28,38,17,12,31,19,9,24,33,5,13,3,20,121,101,29,28,38,17,12,31,19,9,24,33,5,13,3,20,121,0,2.9,0,-0.03,0,0,0,0,-3.6,0,68.97,3.1,0,"2023-2024"
"CRV","RMB","32_7","Regular Season","Carlos  Alocen",8,2,0,2,0,0,0,NA,2,4,50,0,1,1,0,0,2,0,1,1,2,-3,"H","W",101,29,28,38,17,12,31,19,9,24,33,5,13,3,20,121,101,29,28,38,17,12,31,19,9,24,33,5,13,3,20,121,0.33,5.5,36.4,-0.02,0,0,0,2,-2.3,26.6,36.36,6.6,0,"2023-2024"
"CRV","RMB","32_7","Regular Season","Walter  Tavares",24,11,3,6,50,0,0,NA,5,5,100,5,6,11,0,0,3,1,0,4,8,21,"H","W",101,29,28,38,17,12,31,19,9,24,33,5,13,3,20,121,101,29,28,38,17,12,31,19,9,24,33,5,13,3,20,121,1,6,183.3,0.06,0,0,50,0.83,9.4,67.1,50,4.3,27.8,"2023-2024"
"CRV","RMB","32_7","Regular Season","Eli  Ndiaye",15,2,1,3,33.3,0,1,0,0,0,NA,2,1,3,0,0,0,1,1,2,0,0,"H","W",101,29,28,38,17,12,31,19,9,24,33,5,13,3,20,121,101,29,28,38,17,12,31,19,9,24,33,5,13,3,20,121,0.5,1.9,105.3,0,0,NA,25,0,1.2,25,0,2.5,11.1,"2023-2024"
"CRV","RMB","32_7","Regular Season","Dzanan  Musa",25,30,6,7,85.7,2,3,66.7,12,15,80,0,4,4,2,0,0,0,0,0,9,40,"H","W",101,29,28,38,17,12,31,19,9,24,33,5,13,3,20,121,101,29,28,38,17,12,31,19,9,24,33,5,13,3,20,121,1.2,15.9,188.7,0.18,12.6,Inf,90,1.5,27.6,90.4,0,6.1,0,"2023-2024"
"CRV","RMB","32_7","Regular Season","Fabien  Causeur",5,0,0,0,NA,0,0,NA,0,0,NA,0,0,0,0,1,0,0,0,1,0,0,"H","W",101,29,28,38,17,12,31,19,9,24,33,5,13,3,20,121,101,29,28,38,17,12,31,19,9,24,33,5,13,3,20,121,NA,0,NA,0,NA,NA,NA,NA,0.6,NA,NA,0,0,"2023-2024"
"CRV","RMB","32_7","Regular Season","Rudy  Fernandez",19,3,0,0,NA,1,4,25,0,0,NA,0,0,0,1,0,1,0,0,2,2,0,"H","W",101,29,28,38,17,12,31,19,9,24,33,5,13,3,20,121,101,29,28,38,17,12,31,19,9,24,33,5,13,3,20,121,0.75,4.8,62.5,-0.01,20.8,1,37.5,0,-0.5,37.5,20.83,2.4,0,"2023-2024"
"CRV","RMB","32_7","Regular Season","Alberto   Abalde",5,7,1,1,100,1,2,50,2,2,100,0,0,0,0,0,0,0,0,0,1,7,"H","W",101,29,28,38,17,12,31,19,9,24,33,5,13,3,20,121,101,29,28,38,17,12,31,19,9,24,33,5,13,3,20,121,1.4,3.7,189.2,0.03,0,NA,83.3,0.67,5.7,90.2,0,7.2,0,"2023-2024"
"CRV","RMB","32_7","Regular Season","Mario  Hezonja",26,20,3,6,50,4,6,66.7,2,2,100,0,5,5,2,1,1,0,0,1,1,22,"H","W",101,29,28,38,17,12,31,19,9,24,33,5,13,3,20,121,101,29,28,38,17,12,31,19,9,24,33,5,13,3,20,121,1.43,13.3,150.4,0.12,15,2,75,0.17,16.9,77.6,7.52,4.9,0,"2023-2024"
"CRV","RMB","32_7","Regular Season","Sergio  Rodriguez",12,3,0,0,NA,1,3,33.3,0,0,NA,0,1,1,6,0,1,0,0,2,0,5,"H","W",101,29,28,38,17,12,31,19,9,24,33,5,13,3,20,121,101,29,28,38,17,12,31,19,9,24,33,5,13,3,20,121,1,3.8,78.9,0.03,157.9,6,50,0,4,50,26.32,3.1,0,"2023-2024"
"CRV","RMB","32_7","Regular Season","Sergio  Llull",19,7,0,0,NA,1,5,20,4,4,100,1,1,2,6,0,2,0,0,3,2,8,"H","W",101,29,28,38,17,12,31,19,9,24,33,5,13,3,20,121,101,29,28,38,17,12,31,19,9,24,33,5,13,3,20,121,0.78,7.4,94.6,0.03,81.1,3,30,0.8,5.9,51.8,27.03,4.3,5.6,"2023-2024"
"CRV","RMB","32_7","Regular Season","Guerschon  Yabusele",30,16,3,4,75,2,3,66.7,4,6,66.7,1,4,5,2,3,1,1,0,1,5,26,"H","W",101,29,28,38,17,12,31,19,9,24,33,5,13,3,20,121,101,29,28,38,17,12,31,19,9,24,33,5,13,3,20,121,1.23,9.3,172,0.11,21.5,2,85.7,0.86,17.9,83,10.75,3.3,5.6,"2023-2024"
"RMB","CRV","32_7","Regular Season","Adam  Hanga",30,22,2,4,50,4,8,50,6,6,100,1,5,6,7,1,1,1,0,4,5,31,"A","L",94,41,25,20,22,11,17,18,5,23,28,5,9,2,31,88,94,41,25,20,22,11,17,18,5,23,28,5,9,2,31,88,1.22,14.1,156,0.19,49.6,7,66.7,0.5,22.2,75.1,7.09,5,10,"2023-2024"
"RMB","CRV","32_7","Regular Season","Joel  Bolomboy",20,5,2,4,50,0,0,NA,1,2,50,0,2,2,0,0,0,0,2,4,2,0,"A","L",94,41,25,20,22,11,17,18,5,23,28,5,9,2,31,88,94,41,25,20,22,11,17,18,5,23,28,5,9,2,31,88,0.83,4.7,106.4,0,0,NA,50,0.5,1.6,51.2,0,2.3,0,"2023-2024"
"RMB","CRV","32_7","Regular Season","Dalibor  Ilic",14,9,3,3,100,1,1,100,0,0,NA,0,3,3,0,0,1,0,0,1,0,10,"A","L",94,41,25,20,22,11,17,18,5,23,28,5,9,2,31,88,94,41,25,20,22,11,17,18,5,23,28,5,9,2,31,88,2.25,4.8,187.5,0.07,0,0,112.5,0,7.3,112.5,20.83,3.4,0,"2023-2024"
"RMB","CRV","32_7","Regular Season","Nemanja  Nedovic",32,30,7,11,63.6,4,7,57.1,4,5,80,0,4,4,5,1,4,0,0,2,6,32,"A","L",94,41,25,20,22,11,17,18,5,23,28,5,9,2,31,88,94,41,25,20,22,11,17,18,5,23,28,5,9,2,31,88,1.3,23.2,129.3,0.19,21.6,1.2,72.2,0.28,22.3,74.3,17.24,7.2,0,"2023-2024"
"RMB","CRV","32_7","Regular Season","Rokas  Giedraitis",16,2,1,3,33.3,0,3,0,0,0,NA,0,1,1,0,1,0,0,0,3,2,-2,"A","L",94,41,25,20,22,11,17,18,5,23,28,5,9,2,31,88,94,41,25,20,22,11,17,18,5,23,28,5,9,2,31,88,0.33,5.8,34.5,-0.03,0,NA,16.7,0,-1.7,16.7,0,3.6,0,"2023-2024"
"RMB","CRV","32_7","Regular Season","Javonte  Smart",17,9,2,4,50,1,4,25,2,2,100,0,0,0,1,0,1,0,0,2,1,3,"A","L",94,41,25,20,22,11,17,18,5,23,28,5,9,2,31,88,94,41,25,20,22,11,17,18,5,23,28,5,9,2,31,88,0.9,9.5,94.7,0.01,10.5,1,43.8,0.25,3.5,50.7,10.53,5.5,0,"2023-2024"
"RMB","CRV","32_7","Regular Season","Stefan  Lazarevic",5,0,0,0,NA,0,0,NA,0,0,NA,0,0,0,0,0,0,0,0,1,0,-1,"A","L",94,41,25,20,22,11,17,18,5,23,28,5,9,2,31,88,94,41,25,20,22,11,17,18,5,23,28,5,9,2,31,88,NA,0,NA,-0.01,NA,NA,NA,NA,-0.4,NA,NA,0,0,"2023-2024"
"RMB","CRV","32_7","Regular Season","Dejan  Davidovac",16,6,2,2,100,0,0,NA,2,2,100,1,1,2,1,0,1,0,0,3,2,7,"A","L",94,41,25,20,22,11,17,18,5,23,28,5,9,2,31,88,94,41,25,20,22,11,17,18,5,23,28,5,9,2,31,88,1.5,2.8,214.3,0.03,35.7,1,100,1,4.9,104.2,35.71,2.3,10,"2023-2024"
"RMB","CRV","32_7","Regular Season","Luka  Mitrovic",11,6,2,4,50,0,0,NA,2,3,66.7,2,2,4,1,0,0,0,1,1,2,8,"A","L",94,41,25,20,22,11,17,18,5,23,28,5,9,2,31,88,94,41,25,20,22,11,17,18,5,23,28,5,9,2,31,88,0.86,3.2,187.5,0.04,31.2,Inf,50,0.75,5.9,56.4,0,4.6,20,"2023-2024"
"RMB","CRV","32_7","Regular Season","Branko  Lazic",15,3,0,3,0,1,2,50,0,0,NA,0,1,1,0,0,0,0,0,3,0,-3,"A","L",94,41,25,20,22,11,17,18,5,23,28,5,9,2,31,88,94,41,25,20,22,11,17,18,5,23,28,5,9,2,31,88,0.6,4.8,62.5,-0.02,0,NA,30,0,-1,30,0,3.2,0,"2023-2024"
"RMB","CRV","32_7","Regular Season","Mike  Tobey",7,0,0,1,0,0,0,NA,0,0,NA,1,0,1,0,1,1,0,0,2,0,-2,"A","L",94,41,25,20,22,11,17,18,5,23,28,5,9,2,31,88,94,41,25,20,22,11,17,18,5,23,28,5,9,2,31,88,0,1,0,-0.02,0,0,0,0,-0.8,0,100,2.7,10,"2023-2024"
"RMB","CRV","32_7","Regular Season","Freddie  Gillespie",16,2,1,2,50,0,0,NA,0,0,NA,0,4,4,3,1,0,1,0,5,0,5,"A","L",94,41,25,20,22,11,17,18,5,23,28,5,9,2,31,88,94,41,25,20,22,11,17,18,5,23,28,5,9,2,31,88,1,1.9,105.3,0.03,157.9,Inf,50,0,4,50,0,1.2,0,"2023-2024"
"BER","FEN","32_8","Regular Season","Sertac  Sanli",13,7,2,3,66.7,1,3,33.3,0,0,NA,0,0,0,1,0,1,2,0,1,0,5,"H","W",103,26,35,24,20,15,18,27,4,20,24,13,8,4,17,137,103,26,35,24,20,15,18,27,4,20,24,13,8,4,17,137,1.17,6.7,104.5,0.02,14.9,1,58.3,0,4.7,58.3,14.93,5.4,0,"2023-2024"
"BER","FEN","32_8","Regular Season","Nigel  Hayes-Davis",30,50,9,11,81.8,9,16,56.2,5,7,71.4,2,0,2,0,1,1,0,0,1,6,46,"H","W",103,26,35,24,20,15,18,27,4,20,24,13,8,4,17,137,103,26,35,24,20,15,18,27,4,20,24,13,8,4,17,137,1.47,27.9,179.2,0.18,0,0,83.3,0.26,38.5,83.1,3.58,10.4,25,"2023-2024"
"BER","FEN","32_8","Regular Season","Dyshawn  Pierre",17,6,0,0,NA,2,5,40,0,0,NA,1,3,4,1,0,0,0,0,0,0,8,"H","W",103,26,35,24,20,15,18,27,4,20,24,13,8,4,17,137,103,26,35,24,20,15,18,27,4,20,24,13,8,4,17,137,1.2,3.8,157.9,0.03,26.3,Inf,60,0,5.6,60,0,3,12.5,"2023-2024"
"BER","FEN","32_8","Regular Season","Tyler  Dorsey",16,7,1,3,33.3,1,2,50,2,3,66.7,0,1,1,3,1,1,0,0,1,2,8,"H","W",103,26,35,24,20,15,18,27,4,20,24,13,8,4,17,137,103,26,35,24,20,15,18,27,4,20,24,13,8,4,17,137,0.88,7,100,0.03,42.9,3,50,0.6,5.9,55.4,14.29,4.6,0,"2023-2024"
"BER","FEN","32_8","Regular Season","Nick  Calathes",20,2,1,2,50,0,0,NA,0,0,NA,0,4,4,7,2,0,0,0,1,0,13,"H","W",103,26,35,24,20,15,18,27,4,20,24,13,8,4,17,137,103,26,35,24,20,15,18,27,4,20,24,13,8,4,17,137,1,1.9,105.3,0.06,368.4,Inf,50,0,8.7,50,0,1,0,"2023-2024"
"BER","FEN","32_8","Regular Season","Johnathan  Motley",14,18,5,5,100,0,1,0,8,9,88.9,1,4,5,0,2,1,1,0,1,8,30,"H","W",103,26,35,24,20,15,18,27,4,20,24,13,8,4,17,137,103,26,35,24,20,15,18,27,4,20,24,13,8,4,17,137,1.2,9.6,187.5,0.1,0,0,83.3,1.5,18.6,90.4,10.42,7.9,12.5,"2023-2024"
"BER","FEN","32_8","Regular Season","Sehmus  Hazer",7,0,0,0,NA,0,0,NA,0,0,NA,0,0,0,1,0,1,0,0,0,0,0,"H","W",103,26,35,24,20,15,18,27,4,20,24,13,8,4,17,137,103,26,35,24,20,15,18,27,4,20,24,13,8,4,17,137,NA,1,0,0,100,1,NA,NA,-0.3,NA,100,1.4,0,"2023-2024"
"BER","FEN","32_8","Regular Season","Scottie  Wilbekin",21,2,1,1,100,0,3,0,0,1,0,0,2,2,6,2,0,0,0,2,4,10,"H","W",103,26,35,24,20,15,18,27,4,20,24,13,8,4,17,137,103,26,35,24,20,15,18,27,4,20,24,13,8,4,17,137,0.4,4.3,46.5,0.03,139.5,Inf,25,0.25,5.2,22.5,0,2.1,0,"2023-2024"
"BER","FEN","32_8","Regular Season","Georgios  Papagiannis",13,1,0,0,NA,0,1,0,1,2,50,0,3,3,1,0,1,1,0,2,1,2,"H","W",103,26,35,24,20,15,18,27,4,20,24,13,8,4,17,137,103,26,35,24,20,15,18,27,4,20,24,13,8,4,17,137,0.33,2.8,35.7,0,35.7,1,0,2,0.4,26.6,35.71,2.2,0,"2023-2024"
"BER","FEN","32_8","Regular Season","Tarik  Biberovic",16,6,0,0,NA,2,3,66.7,0,0,NA,0,3,3,1,2,0,0,0,4,0,7,"H","W",103,26,35,24,20,15,18,27,4,20,24,13,8,4,17,137,103,26,35,24,20,15,18,27,4,20,24,13,8,4,17,137,2,2.9,206.9,0.03,34.5,Inf,100,0,6.7,100,0,1.9,0,"2023-2024"
"BER","FEN","32_8","Regular Season","Yam  Madar",17,4,1,1,100,0,1,0,2,2,100,0,0,0,6,3,2,0,0,3,2,9,"H","W",103,26,35,24,20,15,18,27,4,20,24,13,8,4,17,137,103,26,35,24,20,15,18,27,4,20,24,13,8,4,17,137,1,4.7,85.1,0.03,127.7,3,50,1,7,69.4,42.55,2.9,0,"2023-2024"
"BER","FEN","32_8","Regular Season","Nathan  Sestina",16,0,0,0,NA,0,0,NA,0,0,NA,0,0,0,0,0,0,0,0,1,0,-1,"H","W",103,26,35,24,20,15,18,27,4,20,24,13,8,4,17,137,103,26,35,24,20,15,18,27,4,20,24,13,8,4,17,137,NA,0,NA,0,NA,NA,NA,NA,-0.4,NA,NA,0,0,"2023-2024"
"FEN","BER","32_8","Regular Season","Martin  Hermannsson",20,12,6,11,54.5,0,1,0,0,0,NA,0,0,0,2,0,2,0,1,3,1,3,"A","L",68,41,19,3,22,7,3,11,7,20,27,4,20,0,25,47,68,41,19,3,22,7,3,11,7,20,27,4,20,0,25,47,1,13.4,89.6,0.05,14.9,1,50,0,4.2,50,14.93,6.9,0,"2023-2024"
"FEN","BER","32_8","Regular Season","Tim  Schneider",19,2,1,1,100,0,1,0,0,0,NA,1,1,2,1,0,1,0,0,3,3,3,"A","L",68,41,19,3,22,7,3,11,7,20,27,4,20,0,25,47,68,41,19,3,22,7,3,11,7,20,27,4,20,0,25,47,1,1.9,105.3,-0.01,52.6,1,50,0,0.5,50,52.63,1.6,7.1,"2023-2024"
"FEN","BER","32_8","Regular Season","Matt  Thomas",21,10,2,4,50,2,4,50,0,0,NA,0,2,2,0,0,2,0,0,1,1,6,"A","L",68,41,19,3,22,7,3,11,7,20,27,4,20,0,25,47,68,41,19,3,22,7,3,11,7,20,27,4,20,0,25,47,1.25,9.6,104.2,0.08,0,0,62.5,0,4.2,62.5,20.83,4.7,0,"2023-2024"
"FEN","BER","32_8","Regular Season","Kresimir  Nikic",13,4,2,2,100,0,0,NA,0,0,NA,1,1,2,1,0,5,0,0,0,0,2,"A","L",68,41,19,3,22,7,3,11,7,20,27,4,20,0,25,47,68,41,19,3,22,7,3,11,7,20,27,4,20,0,25,47,2,5.8,69,0.02,17.2,0.2,100,0,0.1,100,86.21,5.3,7.1,"2023-2024"
"FEN","BER","32_8","Regular Season","Louis  Olinde",20,0,0,2,0,0,2,0,0,0,NA,1,3,4,0,0,0,0,0,0,1,1,"A","L",68,41,19,3,22,7,3,11,7,20,27,4,20,0,25,47,68,41,19,3,22,7,3,11,7,20,27,4,20,0,25,47,0,2.9,0,-0.01,0,NA,0,0,-1.2,0,0,2,7.1,"2023-2024"
"FEN","BER","32_8","Regular Season","Sterling  Brown",20,17,3,4,75,3,3,100,2,2,100,1,3,4,1,0,4,0,0,2,2,17,"A","L",68,41,19,3,22,7,3,11,7,20,27,4,20,0,25,47,68,41,19,3,22,7,3,11,7,20,27,4,20,0,25,47,1.89,10.4,163.5,0.24,9.6,0.2,107.1,0.29,12,107.9,38.46,5.8,7.1,"2023-2024"
"FEN","BER","32_8","Regular Season","Ziga  Samar",10,2,1,4,25,0,1,0,0,0,NA,0,0,0,3,1,3,0,0,2,1,-2,"A","L",68,41,19,3,22,7,3,11,7,20,27,4,20,0,25,47,68,41,19,3,22,7,3,11,7,20,27,4,20,0,25,47,0.4,7.7,26,-0.05,39,1,20,0,-1.8,20,38.96,7.9,0,"2023-2024"
"FEN","BER","32_8","Regular Season","Malte  Delow",13,5,1,3,33.3,1,3,33.3,0,0,NA,1,0,1,1,1,2,0,0,5,2,-1,"A","L",68,41,19,3,22,7,3,11,7,20,27,4,20,0,25,47,68,41,19,3,22,7,3,11,7,20,27,4,20,0,25,47,0.83,6.7,74.6,-0.06,14.9,0.5,41.7,0,0,41.7,29.85,6.1,7.1,"2023-2024"
"FEN","BER","32_8","Regular Season","Jonas  Mattisseck",17,5,1,1,100,1,2,50,0,0,NA,0,0,0,0,1,0,0,0,4,3,4,"A","L",68,41,19,3,22,7,3,11,7,20,27,4,20,0,25,47,68,41,19,3,22,7,3,11,7,20,27,4,20,0,25,47,1.67,2.9,172.4,0.02,0,NA,83.3,0,3.1,83.3,0,1.7,0,"2023-2024"
"FEN","BER","32_8","Regular Season","Christ  Koumadje",24,7,3,5,60,0,0,NA,1,1,100,1,4,5,0,1,0,0,1,3,1,8,"A","L",68,41,19,3,22,7,3,11,7,20,27,4,20,0,25,47,68,41,19,3,22,7,3,11,7,20,27,4,20,0,25,47,1.17,4.3,162.8,0.12,0,NA,60,0.2,6.4,64.3,0,2.2,7.1,"2023-2024"
"FEN","BER","32_8","Regular Season","Justin  Bean",22,4,2,4,50,0,2,0,0,0,NA,1,6,7,2,0,1,0,1,2,1,6,"A","L",68,41,19,3,22,7,3,11,7,20,27,4,20,0,25,47,68,41,19,3,22,7,3,11,7,20,27,4,20,0,25,47,0.67,5.8,69,0.09,34.5,2,33.3,0,2.7,33.3,17.24,3.1,7.1,"2023-2024"
"BOL","PAN","32_9","Regular Season","Jerian  Grant",27,13,0,2,0,3,5,60,4,4,100,0,3,3,3,3,1,0,0,1,5,21,"A","W",81,38,26,15,20,11,8,13,13,18,31,5,8,1,18,82,81,38,26,15,20,11,8,13,13,18,31,5,8,1,18,82,1.18,9.4,138.3,0.14,31.9,3,64.3,0.57,13.9,74.2,10.64,3.7,0,"2023-2024"
"BOL","PAN","32_9","Regular Season","Kendrick  Nunn",37,16,5,8,62.5,2,6,33.3,0,0,NA,1,4,5,5,0,3,0,0,2,4,18,"A","W",81,38,26,15,20,11,8,13,13,18,31,5,8,1,18,82,81,38,26,15,20,11,8,13,13,18,31,5,8,1,18,82,1.14,15.4,103.9,0.12,32.5,1.7,57.1,0,10.6,57.1,19.48,4.7,3.8,"2023-2024"
"BOL","PAN","32_9","Regular Season","Mathias  Lessort",34,10,5,13,38.5,0,0,NA,0,2,0,5,4,9,1,0,1,0,2,2,1,6,"A","W",81,38,26,15,20,11,8,13,13,18,31,5,8,1,18,82,81,38,26,15,20,11,8,13,13,18,31,5,8,1,18,82,0.67,9.5,105.3,0.04,10.5,1,38.5,0.15,5.7,36,10.53,4.5,19.2,"2023-2024"
"BOL","PAN","32_9","Regular Season","Marius  Grigonis",15,12,4,4,100,1,2,50,1,1,100,1,0,1,1,0,1,0,0,4,1,9,"A","W",81,38,26,15,20,11,8,13,13,18,31,5,8,1,18,82,81,38,26,15,20,11,8,13,13,18,31,5,8,1,18,82,1.71,6.2,193.5,0.06,16.1,1,91.7,0.17,8.6,93.2,16.13,5,3.8,"2023-2024"
"BOL","PAN","32_9","Regular Season","Konstantinos  Mitoglou",30,7,2,5,40,1,3,33.3,0,2,0,2,4,6,1,1,0,1,0,2,1,8,"A","W",81,38,26,15,20,11,8,13,13,18,31,5,8,1,18,82,81,38,26,15,20,11,8,13,13,18,31,5,8,1,18,82,0.7,6.6,106.1,0.05,15.2,Inf,43.8,0.25,6,39.4,0,3,7.7,"2023-2024"
"BOL","PAN","32_9","Regular Season","Panagiotis  Kalaitzakis",1,0,0,0,NA,0,1,0,0,0,NA,0,0,0,0,0,0,0,0,0,0,-1,"A","W",81,38,26,15,20,11,8,13,13,18,31,5,8,1,18,82,81,38,26,15,20,11,8,13,13,18,31,5,8,1,18,82,0,1,0,-0.01,0,NA,0,0,-0.7,0,0,10.2,0,"2023-2024"
"BOL","PAN","32_9","Regular Season","Kostas  Sloukas",32,20,4,5,80,3,6,50,3,4,75,1,3,4,2,1,2,0,0,2,3,21,"A","W",81,38,26,15,20,11,8,13,13,18,31,5,8,1,18,82,81,38,26,15,20,11,8,13,13,18,31,5,8,1,18,82,1.33,13.2,151.5,0.15,15.2,1,77.3,0.36,15.9,78.4,15.15,4.7,3.8,"2023-2024"
"BOL","PAN","32_9","Regular Season","Ioannis  Papapetrou",7,0,0,1,0,0,0,NA,0,0,NA,0,0,0,0,0,0,0,0,0,0,-1,"A","W",81,38,26,15,20,11,8,13,13,18,31,5,8,1,18,82,81,38,26,15,20,11,8,13,13,18,31,5,8,1,18,82,0,1,0,-0.01,0,NA,0,0,-0.7,0,0,1.5,0,"2023-2024"
"BOL","PAN","32_9","Regular Season","Kostas  Antetokounmpo",5,0,0,0,NA,0,0,NA,0,2,0,2,0,2,0,0,0,0,0,3,1,-2,"A","W",81,38,26,15,20,11,8,13,13,18,31,5,8,1,18,82,81,38,26,15,20,11,8,13,13,18,31,5,8,1,18,82,0,-1.1,0,-0.03,0,NA,NA,Inf,-0.6,0,0,1.8,7.7,"2023-2024"
"BOL","PAN","32_9","Regular Season","Juan  Hernangomez",10,3,0,0,NA,1,3,33.3,0,0,NA,1,0,1,0,0,0,0,0,2,3,3,"A","W",81,38,26,15,20,11,8,13,13,18,31,5,8,1,18,82,81,38,26,15,20,11,8,13,13,18,31,5,8,1,18,82,1,1.9,157.9,0,0,NA,50,0,1.2,50,0,3.1,3.8,"2023-2024"
"PAN","BOL","32_9","Regular Season","Marco  Belinelli",24,17,2,4,50,3,6,50,4,4,100,0,1,1,3,1,1,0,0,3,4,17,"H","L",79,30,26,10,18,12,7,21,8,19,27,5,13,2,20,88,79,30,26,10,18,12,7,21,8,19,27,5,13,2,20,88,1.21,12.2,139.3,0.1,24.6,3,65,0.4,13.2,72.3,8.2,5.8,0,"2023-2024"
"PAN","BOL","32_9","Regular Season","Alessandro  Pajola",27,2,1,2,50,0,2,0,0,0,NA,2,4,6,7,1,1,0,1,3,2,10,"H","L",79,30,26,10,18,12,7,21,8,19,27,5,13,2,20,88,79,30,26,10,18,12,7,21,8,19,27,5,13,2,20,88,0.5,2.9,69,0.06,241.4,7,25,0,5.9,25,34.48,2,12.5,"2023-2024"
"PAN","BOL","32_9","Regular Season","Ognjen  Dobric",25,11,4,5,80,1,2,50,0,0,NA,1,2,3,1,2,1,0,0,2,0,12,"H","L",79,30,26,10,18,12,7,21,8,19,27,5,13,2,20,88,79,30,26,10,18,12,7,21,8,19,27,5,13,2,20,88,1.57,6.7,164.2,0.09,14.9,1,78.6,0,10.3,78.6,14.93,3.5,6.2,"2023-2024"
"PAN","BOL","32_9","Regular Season","Tornike  Shengelia",29,19,5,6,83.3,2,4,50,3,4,75,0,4,4,3,1,0,0,0,1,3,25,"H","L",79,30,26,10,18,12,7,21,8,19,27,5,13,2,20,88,79,30,26,10,18,12,7,21,8,19,27,5,13,2,20,88,1.36,11.3,168.1,0.16,26.5,Inf,80,0.4,18.3,80.8,0,4.4,0,"2023-2024"
"PAN","BOL","32_9","Regular Season","Bryant  Dunston",20,4,2,4,50,0,0,NA,0,0,NA,1,3,4,0,0,1,1,0,1,3,8,"H","L",79,30,26,10,18,12,7,21,8,19,27,5,13,2,20,88,79,30,26,10,18,12,7,21,8,19,27,5,13,2,20,88,1,3.8,105.3,0.03,0,0,50,0,2.9,50,26.32,2.7,6.2,"2023-2024"
"PAN","BOL","32_9","Regular Season","Gabriel  Lundberg",23,11,1,1,100,3,7,42.9,0,1,0,1,1,2,2,0,3,0,0,3,1,5,"H","L",79,30,26,10,18,12,7,21,8,19,27,5,13,2,20,88,79,30,26,10,18,12,7,21,8,19,27,5,13,2,20,88,1.22,10,110,0.03,20,0.7,68.8,0.12,4.8,65.2,30,5.4,6.2,"2023-2024"
"PAN","BOL","32_9","Regular Season","Daniel  Hackett",12,3,0,2,0,1,1,100,0,0,NA,0,0,0,2,0,2,0,0,2,1,0,"H","L",79,30,26,10,18,12,7,21,8,19,27,5,13,2,20,88,79,30,26,10,18,12,7,21,8,19,27,5,13,2,20,88,1,4.8,62.5,-0.01,41.7,1,50,0,-0.1,50,41.67,4.5,0,"2023-2024"
"PAN","BOL","32_9","Regular Season","Jordan  Mickey",9,2,1,1,100,0,1,0,0,0,NA,1,1,2,0,0,3,0,0,3,0,-3,"H","L",79,30,26,10,18,12,7,21,8,19,27,5,13,2,20,88,79,30,26,10,18,12,7,21,8,19,27,5,13,2,20,88,1,3.8,52.6,-0.03,0,0,50,0,-2.2,50,78.95,6.1,6.2,"2023-2024"
"PAN","BOL","32_9","Regular Season","Achille  Polonara",8,5,1,2,50,1,2,50,0,0,NA,0,0,0,1,0,0,0,0,0,1,5,"H","L",79,30,26,10,18,12,7,21,8,19,27,5,13,2,20,88,79,30,26,10,18,12,7,21,8,19,27,5,13,2,20,88,1.25,3.8,131.6,0.03,26.3,Inf,62.5,0,3.7,62.5,0,5.4,0,"2023-2024"
"PAN","BOL","32_9","Regular Season","Ante  Zizic",14,2,1,2,50,0,0,NA,0,1,0,2,1,3,2,0,1,1,0,1,2,6,"H","L",79,30,26,10,18,12,7,21,8,19,27,5,13,2,20,88,79,30,26,10,18,12,7,21,8,19,27,5,13,2,20,88,0.67,1.4,142.9,0.02,142.9,2,50,0.5,3,41,71.43,2.7,12.5,"2023-2024"
"PAN","BOL","32_9","Regular Season","Awudu  Abass",8,3,0,1,0,1,1,100,0,0,NA,0,2,2,0,0,0,0,0,1,0,3,"H","L",79,30,26,10,18,12,7,21,8,19,27,5,13,2,20,88,79,30,26,10,18,12,7,21,8,19,27,5,13,2,20,88,1.5,1.9,157.9,0.02,0,NA,75,0,2.2,75,0,2.7,0,"2023-2024"
"BER","PAR","33_1","Regular Season","Zach  LeDay",30,14,3,5,60,1,3,33.3,5,5,100,1,5,6,0,1,1,0,1,2,4,17,"A","W",94,47,16,14,30,7,13,16,7,18,25,11,12,5,19,111,94,47,16,14,30,7,13,16,7,18,25,11,12,5,19,111,1.08,9.8,142.9,0.08,0,0,56.2,0.62,11.4,68.6,10.2,3.7,7.1,"2023-2024"
"BER","PAR","33_1","Regular Season","Kevin  Punter",30,15,6,8,75,0,1,0,3,3,100,3,3,6,3,1,4,0,0,1,4,21,"A","W",94,47,16,14,30,7,13,16,7,18,25,11,12,5,19,111,94,47,16,14,30,7,13,16,7,18,25,11,12,5,19,111,1.25,10.9,137.6,0.09,27.5,0.8,66.7,0.33,12.8,72.7,36.7,4.7,21.4,"2023-2024"
"BER","PAR","33_1","Regular Season","Alen  Smailagic",14,5,1,1,100,1,1,100,0,0,NA,1,0,1,0,1,0,0,0,4,1,4,"A","W",94,47,16,14,30,7,13,16,7,18,25,11,12,5,19,111,94,47,16,14,30,7,13,16,7,18,25,11,12,5,19,111,2.5,1,500,0.01,0,NA,125,0,4.5,125,0,1.4,7.1,"2023-2024"
"BER","PAR","33_1","Regular Season","P.J.  Dozier",25,15,6,12,50,1,1,100,0,0,NA,1,1,2,4,2,2,1,0,2,2,16,"A","W",94,47,16,14,30,7,13,16,7,18,25,11,12,5,19,111,94,47,16,14,30,7,13,16,7,18,25,11,12,5,19,111,1.15,13.4,111.9,0.07,29.9,2,57.7,0,12.4,57.7,14.93,5.9,7.1,"2023-2024"
"BER","PAR","33_1","Regular Season","Frank  Kaminsky",19,6,3,5,60,0,0,NA,0,0,NA,0,4,4,3,0,1,1,0,2,0,9,"A","W",94,47,16,14,30,7,13,16,7,18,25,11,12,5,19,111,94,47,16,14,30,7,13,16,7,18,25,11,12,5,19,111,1.2,5.8,103.4,0.05,51.7,3,60,0,5.9,60,17.24,3.1,0,"2023-2024"
"BER","PAR","33_1","Regular Season","Aleksa  Avramovic",16,11,4,6,66.7,1,4,25,0,0,NA,0,3,3,1,2,1,0,0,2,1,10,"A","W",94,47,16,14,30,7,13,16,7,18,25,11,12,5,19,111,94,47,16,14,30,7,13,16,7,18,25,11,12,5,19,111,1.1,10.6,103.8,0.05,9.4,1,55,0,7.8,55,9.43,6.8,0,"2023-2024"
"BER","PAR","33_1","Regular Season","Balsa  Koprivica",7,0,0,0,NA,0,0,NA,0,0,NA,1,0,1,0,1,0,1,0,1,1,3,"A","W",94,47,16,14,30,7,13,16,7,18,25,11,12,5,19,111,94,47,16,14,30,7,13,16,7,18,25,11,12,5,19,111,NA,-1,0,0.01,0,NA,NA,NA,2,NA,0,0,7.1,"2023-2024"
"BER","PAR","33_1","Regular Season","James  Nunnally",33,19,5,8,62.5,2,4,50,3,4,75,0,0,0,4,2,0,0,0,2,2,19,"A","W",94,47,16,14,30,7,13,16,7,18,25,11,12,5,19,111,94,47,16,14,30,7,13,16,7,18,25,11,12,5,19,111,1.19,13.2,143.9,0.1,30.3,Inf,66.7,0.33,17,69,0,4.1,0,"2023-2024"
"BER","PAR","33_1","Regular Season","Danilo  Andjusic",9,5,1,1,100,1,1,100,0,0,NA,0,0,0,1,0,2,0,0,0,2,6,"A","W",94,47,16,14,30,7,13,16,7,18,25,11,12,5,19,111,94,47,16,14,30,7,13,16,7,18,25,11,12,5,19,111,2.5,3.8,131.6,0.02,26.3,0.5,125,0,3.1,125,52.63,4.4,0,"2023-2024"
"BER","PAR","33_1","Regular Season","Bruno  Caboclo",16,4,1,1,100,0,1,0,2,2,100,0,2,2,0,1,1,2,0,3,2,6,"A","W",94,47,16,14,30,7,13,16,7,18,25,11,12,5,19,111,94,47,16,14,30,7,13,16,7,18,25,11,12,5,19,111,1,3.7,108.1,0.02,0,0,50,1,3.8,69.4,27.03,2.4,0,"2023-2024"
"PAR","BER","33_1","Regular Season","Martin  Hermannsson",27,8,4,7,57.1,0,1,0,0,0,NA,0,2,2,8,1,4,0,1,0,0,10,"H","L",83,35,27,15,21,9,14,17,9,19,28,8,16,1,19,83,83,35,27,15,21,9,14,17,9,19,28,8,16,1,19,83,1,11.5,69.6,0.09,69.6,2,50,0,7.2,50,34.78,4.2,0,"2023-2024"
"PAR","BER","33_1","Regular Season","Yannick  Wetzell",25,11,4,7,57.1,0,0,NA,3,4,75,2,1,3,1,2,1,0,0,3,4,13,"H","L",83,35,27,15,21,9,14,17,9,19,28,8,16,1,19,83,83,35,27,15,21,9,14,17,9,19,28,8,16,1,19,83,1,7.4,148.6,0.06,13.5,1,57.1,0.57,9.5,62.8,13.51,3.7,11.1,"2023-2024"
"PAR","BER","33_1","Regular Season","Malte  Delow",12,2,1,2,50,0,2,0,0,0,NA,0,0,0,1,0,1,0,1,0,1,-1,"H","L",83,35,27,15,21,9,14,17,9,19,28,8,16,1,19,83,83,35,27,15,21,9,14,17,9,19,28,8,16,1,19,83,0.5,4.8,41.7,-0.01,20.8,1,25,0,-0.7,25,20.83,3.9,0,"2023-2024"
"PAR","BER","33_1","Regular Season","Tim  Schneider",11,3,0,0,NA,1,2,50,0,0,NA,0,2,2,0,1,0,0,0,1,1,5,"H","L",83,35,27,15,21,9,14,17,9,19,28,8,16,1,19,83,83,35,27,15,21,9,14,17,9,19,28,8,16,1,19,83,1.5,1.9,157.9,0.03,0,NA,75,0,3.2,75,0,1.7,0,"2023-2024"
"PAR","BER","33_1","Regular Season","Matt  Thomas",27,16,2,4,50,4,9,44.4,0,0,NA,0,2,2,0,1,1,0,0,2,0,9,"H","L",83,35,27,15,21,9,14,17,9,19,28,8,16,1,19,83,83,35,27,15,21,9,14,17,9,19,28,8,16,1,19,83,1.23,13.4,119.4,0.07,0,0,61.5,0,9.1,61.5,7.46,4.9,0,"2023-2024"
"PAR","BER","33_1","Regular Season","Sterling  Brown",26,14,3,3,100,2,6,33.3,2,2,100,1,0,1,3,1,3,0,0,1,2,13,"H","L",83,35,27,15,21,9,14,17,9,19,28,8,16,1,19,83,83,35,27,15,21,9,14,17,9,19,28,8,16,1,19,83,1.27,11.4,122.8,0.08,26.3,1,66.7,0.22,10.1,70.9,26.32,4.7,5.6,"2023-2024"
"PAR","BER","33_1","Regular Season","Ziga  Samar",12,5,1,2,50,1,1,100,0,0,NA,0,1,1,0,1,3,0,1,3,3,2,"H","L",83,35,27,15,21,9,14,17,9,19,28,8,16,1,19,83,83,35,27,15,21,9,14,17,9,19,28,8,16,1,19,83,1.67,5.8,86.2,0,0,0,83.3,0,0.8,83.3,51.72,4.7,0,"2023-2024"
"PAR","BER","33_1","Regular Season","Jonas  Mattisseck",11,0,0,0,NA,0,1,0,0,0,NA,0,1,1,1,0,0,0,0,1,0,0,"H","L",83,35,27,15,21,9,14,17,9,19,28,8,16,1,19,83,83,35,27,15,21,9,14,17,9,19,28,8,16,1,19,83,0,1,0,0,100,Inf,0,0,-0.1,0,0,0.9,0,"2023-2024"
"PAR","BER","33_1","Regular Season","Christ  Koumadje",13,2,1,1,100,0,0,NA,0,0,NA,2,2,4,0,0,3,1,0,5,1,0,"H","L",83,35,27,15,21,9,14,17,9,19,28,8,16,1,19,83,83,35,27,15,21,9,14,17,9,19,28,8,16,1,19,83,2,1.9,105.3,-0.02,0,0,100,0,-0.6,100,157.89,2.9,11.1,"2023-2024"
"PAR","BER","33_1","Regular Season","Johannes  Thiemann",27,20,4,8,50,1,5,20,9,9,100,4,7,11,2,1,0,0,2,1,6,29,"H","L",83,35,27,15,21,9,14,17,9,19,28,8,16,1,19,83,83,35,27,15,21,9,14,17,9,19,28,8,16,1,19,83,0.91,12.4,161.3,0.18,16.1,Inf,42.3,0.69,19.8,59,0,5.9,22.2,"2023-2024"
"PAR","BER","33_1","Regular Season","Justin  Bean",9,2,1,1,100,0,0,NA,0,0,NA,0,1,1,1,0,0,0,0,2,1,3,"H","L",83,35,27,15,21,9,14,17,9,19,28,8,16,1,19,83,83,35,27,15,21,9,14,17,9,19,28,8,16,1,19,83,2,1,200,0.02,100,Inf,100,0,1.9,100,0,1.1,0,"2023-2024"
"BAR","MAC","33_2","Regular Season","Lorenzo  Brown",24,6,2,6,33.3,0,3,0,2,2,100,2,0,2,6,0,2,1,0,2,4,8,"A","L",89,51,25,9,28,9,6,22,11,21,32,6,11,2,18,95,89,51,25,9,28,9,6,22,11,21,32,6,11,2,18,95,0.55,9.5,63.2,0.02,63.2,3,22.2,0.22,4,30.4,21.05,4.4,9.1,"2023-2024"
"BAR","MAC","33_2","Regular Season","Wade  Baldwin IV",29,22,10,16,62.5,0,4,0,2,2,100,0,1,1,2,0,2,0,0,2,4,15,"A","L",89,51,25,9,28,9,6,22,11,21,32,6,11,2,18,95,89,51,25,9,28,9,6,22,11,21,32,6,11,2,18,95,1,22,100,0.07,9.1,1,50,0.1,10.9,52.7,9.09,6.9,0,"2023-2024"
"BAR","MAC","33_2","Regular Season","Jake  Cohen",6,0,0,2,0,0,1,0,0,0,NA,1,1,2,1,0,1,0,0,0,0,-1,"A","L",89,51,25,9,28,9,6,22,11,21,32,6,11,2,18,95,89,51,25,9,28,9,6,22,11,21,32,6,11,2,18,95,0,2.9,0,-0.01,34.5,1,0,0,-1.4,0,34.48,5.9,4.5,"2023-2024"
"BAR","MAC","33_2","Regular Season","Josh  Nebo",23,14,6,7,85.7,0,0,NA,2,4,50,2,7,9,0,0,2,0,0,1,3,20,"A","L",89,51,25,9,28,9,6,22,11,21,32,6,11,2,18,95,89,51,25,9,28,9,6,22,11,21,32,6,11,2,18,95,1.27,8.4,166.7,0.11,0,0,85.7,0.57,11.8,79.9,23.81,4.1,9.1,"2023-2024"
"BAR","MAC","33_2","Regular Season","Bonzie  Colson",30,7,2,5,40,1,3,33.3,0,0,NA,0,6,6,0,1,0,0,0,2,0,7,"A","L",89,51,25,9,28,9,6,22,11,21,32,6,11,2,18,95,89,51,25,9,28,9,6,22,11,21,32,6,11,2,18,95,0.88,7.7,90.9,0.05,0,NA,43.8,0,4.6,43.8,0,2.3,0,"2023-2024"
"BAR","MAC","33_2","Regular Season","Antonius  Cleveland",14,6,3,3,100,0,2,0,0,0,NA,1,0,1,1,1,0,0,0,4,1,4,"A","L",89,51,25,9,28,9,6,22,11,21,32,6,11,2,18,95,89,51,25,9,28,9,6,22,11,21,32,6,11,2,18,95,1.2,3.8,157.9,0.02,26.3,Inf,60,0,4.5,60,0,3.1,4.5,"2023-2024"
"BAR","MAC","33_2","Regular Season","James  Webb III",12,5,1,1,100,1,1,100,0,0,NA,1,1,2,0,0,1,0,0,3,0,3,"A","L",89,51,25,9,28,9,6,22,11,21,32,6,11,2,18,95,89,51,25,9,28,9,6,22,11,21,32,6,11,2,18,95,2.5,1.9,263.2,0.02,0,0,125,0,3.2,125,52.63,2.2,4.5,"2023-2024"
"BAR","MAC","33_2","Regular Season","Roman  Sorkin",8,0,0,1,0,0,1,0,0,0,NA,0,1,1,0,0,1,0,0,1,0,-3,"A","L",89,51,25,9,28,9,6,22,11,21,32,6,11,2,18,95,89,51,25,9,28,9,6,22,11,21,32,6,11,2,18,95,0,2.9,0,-0.02,0,0,0,0,-2.5,0,34.48,3.3,0,"2023-2024"
"BAR","MAC","33_2","Regular Season","John  Dibartolomeo",17,12,0,0,NA,4,5,80,0,0,NA,2,2,4,2,1,0,0,0,1,2,19,"A","L",89,51,25,9,28,9,6,22,11,21,32,6,11,2,18,95,89,51,25,9,28,9,6,22,11,21,32,6,11,2,18,95,2.4,2.9,413.8,0.11,69,Inf,120,0,14.1,120,0,2.6,9.1,"2023-2024"
"BAR","MAC","33_2","Regular Season","Jasiel  Rivero",18,8,4,8,50,0,0,NA,0,1,0,2,2,4,1,3,1,1,1,1,2,11,"A","L",89,51,25,9,28,9,6,22,11,21,32,6,11,2,18,95,89,51,25,9,28,9,6,22,11,21,32,6,11,2,18,95,0.89,7.1,112.7,0.06,14.1,1,50,0.12,8.6,47.4,14.08,4.6,9.1,"2023-2024"
"BAR","MAC","33_2","Regular Season","Tamir  Blatt",19,9,0,2,0,3,5,60,0,0,NA,0,0,0,9,0,1,0,0,1,0,12,"A","L",89,51,25,9,28,9,6,22,11,21,32,6,11,2,18,95,89,51,25,9,28,9,6,22,11,21,32,6,11,2,18,95,1.29,7.7,116.9,0.08,116.9,9,64.3,0,10.2,64.3,12.99,3.7,0,"2023-2024"
"MAC","BAR","33_2","Regular Season","Oscar  da Silva",18,10,5,6,83.3,0,2,0,0,0,NA,2,1,3,0,0,0,0,0,1,0,9,"H","W",92,35,28,24,19,11,21,23,9,27,36,5,14,1,16,107,92,35,28,24,19,11,21,23,9,27,36,5,14,1,16,107,1.25,5.8,172.4,0.05,0,NA,62.5,0,7.7,62.5,0,4.1,11.1,"2023-2024"
"MAC","BAR","33_2","Regular Season","Jan  Vesely",26,17,5,9,55.6,0,0,NA,7,8,87.5,3,4,7,0,1,3,0,0,2,4,19,"H","W",92,35,28,24,19,11,21,23,9,27,36,5,14,1,16,107,92,35,28,24,19,11,21,23,9,27,36,5,14,1,16,107,1,12,141.7,0.08,0,0,55.6,0.89,12.8,67.9,25,5.5,16.7,"2023-2024"
"MAC","BAR","33_2","Regular Season","Nikola  Kalinic",26,4,2,3,66.7,0,3,0,0,0,NA,0,3,3,3,2,1,0,0,1,0,6,"H","W",92,35,28,24,19,11,21,23,9,27,36,5,14,1,16,107,92,35,28,24,19,11,21,23,9,27,36,5,14,1,16,107,0.67,6.7,59.7,0.03,44.8,3,33.3,0,4.2,33.3,14.93,2.5,0,"2023-2024"
"MAC","BAR","33_2","Regular Season","Tomas  Satoransky",28,2,1,4,25,0,3,0,0,0,NA,1,10,11,6,1,2,0,1,3,0,8,"H","W",92,35,28,24,19,11,21,23,9,27,36,5,14,1,16,107,92,35,28,24,19,11,21,23,9,27,36,5,14,1,16,107,0.29,7.7,26,0.05,77.9,3,14.3,0,3.2,14.3,25.97,2.9,5.6,"2023-2024"
"MAC","BAR","33_2","Regular Season","Nicolas  Laprovittola",26,15,1,2,50,3,7,42.9,4,4,100,0,2,2,9,0,0,0,0,3,2,20,"H","W",92,35,28,24,19,11,21,23,9,27,36,5,14,1,16,107,92,35,28,24,19,11,21,23,9,27,36,5,14,1,16,107,1.15,10.3,145.6,0.1,87.4,Inf,61.1,0.44,16,69.7,0,3.8,0,"2023-2024"
"MAC","BAR","33_2","Regular Season","Ricard  Rubio",14,4,0,2,0,0,1,0,4,4,100,0,2,2,5,1,3,0,0,0,3,9,"H","W",92,35,28,24,19,11,21,23,9,27,36,5,14,1,16,107,92,35,28,24,19,11,21,23,9,27,36,5,14,1,16,107,0.57,7.4,54.1,0.03,67.6,1.7,0,1.33,4,42,40.54,5.1,0,"2023-2024"
"MAC","BAR","33_2","Regular Season","Willy  Hernangomez",11,9,4,5,80,0,0,NA,1,2,50,2,2,4,0,0,2,1,0,2,4,12,"H","W",92,35,28,24,19,11,21,23,9,27,36,5,14,1,16,107,92,35,28,24,19,11,21,23,9,27,36,5,14,1,16,107,1.29,5.6,160.7,0.04,0,0,80,0.4,6.6,76.5,35.71,6.5,11.1,"2023-2024"
"MAC","BAR","33_2","Regular Season","Alejandro  Abrines",21,17,0,0,NA,5,7,71.4,2,2,100,0,0,0,0,0,1,0,0,2,1,13,"H","W",92,35,28,24,19,11,21,23,9,27,36,5,14,1,16,107,92,35,28,24,19,11,21,23,9,27,36,5,14,1,16,107,1.89,8.5,200,0.07,0,0,107.1,0.29,12.3,107.9,11.76,3.9,0,"2023-2024"
"MAC","BAR","33_2","Regular Season","Jabari  Parker",21,14,1,3,33.3,3,5,60,3,4,75,1,2,3,0,0,2,0,0,0,4,14,"H","W",92,35,28,24,19,11,21,23,9,27,36,5,14,1,16,107,92,35,28,24,19,11,21,23,9,27,36,5,14,1,16,107,1.17,10.3,135.9,0.06,0,0,68.8,0.5,8.9,71.7,19.42,5.1,5.6,"2023-2024"
"MAC","BAR","33_2","Regular Season","James  Nnaji",2,0,0,0,NA,0,0,NA,0,0,NA,0,1,1,0,0,0,0,0,1,0,0,"H","W",92,35,28,24,19,11,21,23,9,27,36,5,14,1,16,107,92,35,28,24,19,11,21,23,9,27,36,5,14,1,16,107,NA,0,NA,0,NA,NA,NA,NA,-0.1,NA,NA,0,0,"2023-2024"
"MAC","BAR","33_2","Regular Season","Rokas  Jokubaitis",5,0,0,1,0,0,0,NA,0,0,NA,0,0,0,0,0,0,0,1,1,0,-3,"H","W",92,35,28,24,19,11,21,23,9,27,36,5,14,1,16,107,92,35,28,24,19,11,21,23,9,27,36,5,14,1,16,107,0,1,0,-0.01,0,NA,0,0,-1.1,0,0,1.8,0,"2023-2024"
"ASM","ZAL","33_3","Regular Season","Keenan  Evans",32,17,3,8,37.5,2,8,25,5,5,100,1,2,3,5,0,4,0,1,4,4,9,"A","L",66,30,29,16,15,7,15,14,9,22,31,3,13,3,27,54,66,30,29,16,15,7,15,14,9,22,31,3,13,3,27,54,0.81,20.4,83.3,0.08,24.5,1.2,37.5,0.31,7,46.7,19.61,7,5.6,"2023-2024"
"ASM","ZAL","33_3","Regular Season","Dovydas  Giedraitis",24,8,3,4,75,0,2,0,2,2,100,0,0,0,1,0,0,0,0,3,1,4,"A","L",66,30,29,16,15,7,15,14,9,22,31,3,13,3,27,54,66,30,29,16,15,7,15,14,9,22,31,3,13,3,27,54,1,6.6,121.2,0.05,15.2,Inf,50,0.33,4.5,58.1,0,2.9,0,"2023-2024"
"ASM","ZAL","33_3","Regular Season","Laurynas  Birutis",3,0,0,1,0,0,0,NA,0,0,NA,0,0,0,0,1,1,0,0,2,0,-3,"A","L",66,30,29,16,15,7,15,14,9,22,31,3,13,3,27,54,66,30,29,16,15,7,15,14,9,22,31,3,13,3,27,54,0,1.9,0,-0.05,0,0,0,0,-1.5,0,52.63,6.7,0,"2023-2024"
"ASM","ZAL","33_3","Regular Season","Arnas  Butkevicius",11,3,0,1,0,1,2,50,0,0,NA,0,1,1,0,0,0,0,0,1,1,2,"A","L",66,30,29,16,15,7,15,14,9,22,31,3,13,3,27,54,66,30,29,16,15,7,15,14,9,22,31,3,13,3,27,54,1,2.9,103.4,0.02,0,NA,50,0,1.2,50,0,2.8,0,"2023-2024"
"ASM","ZAL","33_3","Regular Season","Edgaras  Ulanovas",34,7,1,1,100,1,4,25,2,2,100,1,7,8,0,0,1,1,0,1,4,15,"A","L",66,30,29,16,15,7,15,14,9,22,31,3,13,3,27,54,66,30,29,16,15,7,15,14,9,22,31,3,13,3,27,54,1,5.6,125,0.15,0,0,50,0.4,6.4,59.5,17.86,2,5.6,"2023-2024"
"ASM","ZAL","33_3","Regular Season","Lukas  Lekavicius",14,2,0,1,0,0,2,0,2,2,100,0,2,2,2,0,1,0,0,2,1,1,"A","L",66,30,29,16,15,7,15,14,9,22,31,3,13,3,27,54,66,30,29,16,15,7,15,14,9,22,31,3,13,3,27,54,0.4,4.7,42.6,0,42.6,2,0,0.67,0.1,25.8,21.28,3.5,0,"2023-2024"
"ASM","ZAL","33_3","Regular Season","Kevarrius  Hayes",23,11,4,5,80,0,0,NA,3,3,100,4,3,7,1,2,2,1,0,3,4,20,"A","L",66,30,29,16,15,7,15,14,9,22,31,3,13,3,27,54,66,30,29,16,15,7,15,14,9,22,31,3,13,3,27,54,1.38,4.1,268.3,0.2,24.4,0.5,80,0.6,13,87,48.78,3.7,22.2,"2023-2024"
"ASM","ZAL","33_3","Regular Season","Rolands  Smits",8,2,1,3,33.3,0,1,0,0,0,NA,1,1,2,0,0,0,0,0,1,0,0,"A","L",66,30,29,16,15,7,15,14,9,22,31,3,13,3,27,54,66,30,29,16,15,7,15,14,9,22,31,3,13,3,27,54,0.5,2.9,69,-0.01,0,NA,25,0,0.2,25,0,5.1,5.6,"2023-2024"
"ASM","ZAL","33_3","Regular Season","Edmond  Sumner",18,4,2,3,66.7,0,4,0,0,0,NA,0,1,1,5,0,3,0,1,2,0,-1,"A","L",66,30,29,16,15,7,15,14,9,22,31,3,13,3,27,54,66,30,29,16,15,7,15,14,9,22,31,3,13,3,27,54,0.57,9.6,41.7,0,52.1,1.7,28.6,0,-0.1,28.6,31.25,5.6,0,"2023-2024"
"ASM","ZAL","33_3","Regular Season","Tomas  Dimsa",7,0,0,1,0,0,0,NA,0,0,NA,0,0,0,0,0,0,0,0,4,1,-4,"A","L",66,30,29,16,15,7,15,14,9,22,31,3,13,3,27,54,66,30,29,16,15,7,15,14,9,22,31,3,13,3,27,54,0,1,0,-0.08,0,NA,0,0,-2.3,0,0,1.4,0,"2023-2024"
"ASM","ZAL","33_3","Regular Season","Danielius  Lavrinovicius",0,0,0,0,NA,0,0,NA,0,0,NA,0,0,0,0,0,0,0,0,0,0,0,"A","L",66,30,29,16,15,7,15,14,9,22,31,3,13,3,27,54,66,30,29,16,15,7,15,14,9,22,31,3,13,3,27,54,NA,0,NA,0,NA,NA,NA,NA,0,NA,NA,NA,0,"2023-2024"
"ASM","ZAL","33_3","Regular Season","Brady   Manek",25,12,1,2,50,3,6,50,1,2,50,2,5,7,0,0,1,1,0,4,1,11,"A","L",66,30,29,16,15,7,15,14,9,22,31,3,13,3,27,54,66,30,29,16,15,7,15,14,9,22,31,3,13,3,27,54,1.2,7.6,157.9,0.13,0,0,68.8,0.25,8.6,67.6,13.16,4,11.1,"2023-2024"
"ZAL","ASM","33_3","Regular Season","John  Brown III",28,7,2,5,40,0,0,NA,3,4,75,4,4,8,2,1,1,1,0,2,5,17,"H","W",69,40,18,26,21,3,18,13,13,24,37,8,10,2,17,84,69,40,18,26,21,3,18,13,13,24,37,8,10,2,17,84,0.78,3.6,194.4,0.09,55.6,2,40,0.8,9.2,51.8,27.78,2.8,15.4,"2023-2024"
"ZAL","ASM","33_3","Regular Season","Jaron  Blossomgame",25,11,3,4,75,1,3,33.3,2,5,40,2,3,5,1,0,0,0,0,2,2,11,"H","W",69,40,18,26,21,3,18,13,13,24,37,8,10,2,17,84,69,40,18,26,21,3,18,13,13,24,37,8,10,2,17,84,0.92,6.9,159.4,0.08,14.5,Inf,64.3,0.71,8.7,59.8,0,3.7,7.7,"2023-2024"
"ZAL","ASM","33_3","Regular Season","Donatas  Motiejunas",21,14,6,8,75,0,1,0,2,2,100,3,4,7,0,0,2,1,0,2,4,19,"H","W",69,40,18,26,21,3,18,13,13,24,37,8,10,2,17,84,69,40,18,26,21,3,18,13,13,24,37,8,10,2,17,84,1.27,8.5,164.7,0.12,0,0,66.7,0.22,11.3,70.9,23.53,5.7,11.5,"2023-2024"
"ZAL","ASM","33_3","Regular Season","Matthew  Strazel",12,2,1,2,50,0,3,0,0,0,NA,0,2,2,0,2,0,0,0,2,3,3,"H","W",69,40,18,26,21,3,18,13,13,24,37,8,10,2,17,84,69,40,18,26,21,3,18,13,13,24,37,8,10,2,17,84,0.4,4.8,41.7,0,0,NA,20,0,0.7,20,0,4.2,0,"2023-2024"
"ZAL","ASM","33_3","Regular Season","Mike  James",30,18,5,11,45.5,1,3,33.3,5,8,62.5,1,4,5,3,1,2,0,0,2,4,16,"H","W",69,40,18,26,21,3,18,13,13,24,37,8,10,2,17,84,69,40,18,26,21,3,18,13,13,24,37,8,10,2,17,84,0.82,17.8,101.1,0.11,16.9,1.5,46.4,0.57,11.6,51.4,11.24,6.6,3.8,"2023-2024"
"ZAL","ASM","33_3","Regular Season","Elie  Okobo",24,4,1,4,25,0,3,0,2,2,100,0,3,3,3,1,0,0,2,2,3,4,"H","W",69,40,18,26,21,3,18,13,13,24,37,8,10,2,17,84,69,40,18,26,21,3,18,13,13,24,37,8,10,2,17,84,0.44,7.6,52.6,0.03,39.5,Inf,14.3,0.29,2.7,25.4,0,3.3,0,"2023-2024"
"ZAL","ASM","33_3","Regular Season","Jordan  Loyd",20,7,1,1,100,1,5,20,2,2,100,0,3,3,2,2,0,0,0,3,4,11,"H","W",69,40,18,26,21,3,18,13,13,24,37,8,10,2,17,84,69,40,18,26,21,3,18,13,13,24,37,8,10,2,17,84,0.88,6.6,106.1,0.07,30.3,Inf,41.7,0.33,6.7,50.9,0,3.5,0,"2023-2024"
"ZAL","ASM","33_3","Regular Season","Alpha  Diallo",25,3,1,3,33.3,0,0,NA,1,1,100,1,0,1,1,1,4,0,1,2,1,-2,"H","W",69,40,18,26,21,3,18,13,13,24,37,8,10,2,17,84,69,40,18,26,21,3,18,13,13,24,37,8,10,2,17,84,0.75,6.2,48.4,-0.02,16.1,0.2,33.3,0.33,-1.1,43.6,64.52,3,3.8,"2023-2024"
"ZAL","ASM","33_3","Regular Season","Donta  Hall",15,3,1,2,50,0,0,NA,1,2,50,2,1,3,1,0,1,0,0,0,1,5,"H","W",69,40,18,26,21,3,18,13,13,24,37,8,10,2,17,84,69,40,18,26,21,3,18,13,13,24,37,8,10,2,17,84,0.75,1.8,166.7,0.03,55.6,1,50,1,3,52.1,55.56,2.6,7.7,"2023-2024"
"CRV","OLY","33_4","Regular Season","Thomas  Walkup",32,12,2,6,33.3,2,6,33.3,2,2,100,1,3,4,5,1,0,1,0,3,3,15,"A","W",89,31,29,22,18,13,14,27,7,16,23,9,8,3,23,104,89,31,29,22,18,13,14,27,7,16,23,9,8,3,23,104,0.86,11.4,105.3,0.07,43.9,Inf,41.7,0.17,10.8,46.6,0,4.1,7.1,"2023-2024"
"CRV","OLY","33_4","Regular Season","Isaiah  Canaan",15,3,0,0,NA,1,3,33.3,0,0,NA,0,1,1,1,1,0,0,0,3,0,1,"A","W",89,31,29,22,18,13,14,27,7,16,23,9,8,3,23,104,89,31,29,22,18,13,14,27,7,16,23,9,8,3,23,104,1,2.9,103.4,0.01,34.5,Inf,50,0,2.1,50,0,2.1,0,"2023-2024"
"CRV","OLY","33_4","Regular Season","Moustapha  Fall",22,4,2,4,50,0,0,NA,0,2,0,0,5,5,6,0,1,1,1,2,2,10,"A","W",89,31,29,22,18,13,14,27,7,16,23,9,8,3,23,104,89,31,29,22,18,13,14,27,7,16,23,9,8,3,23,104,0.67,5.6,71.4,0.05,107.1,6,50,0.5,5.8,41,17.86,2.8,0,"2023-2024"
"CRV","OLY","33_4","Regular Season","Kostas  Papanikolaou",30,12,1,2,50,3,6,50,1,1,100,1,3,4,6,0,0,0,0,3,0,15,"A","W",89,31,29,22,18,13,14,27,7,16,23,9,8,3,23,104,89,31,29,22,18,13,14,27,7,16,23,9,8,3,23,104,1.33,7.1,169,0.09,84.5,Inf,68.8,0.12,12.6,71.1,0,2.9,7.1,"2023-2024"
"CRV","OLY","33_4","Regular Season","Alec  Peters",16,9,2,3,66.7,1,3,33.3,2,3,66.7,2,1,3,1,0,2,0,0,3,3,7,"A","W",89,31,29,22,18,13,14,27,7,16,23,9,8,3,23,104,89,31,29,22,18,13,14,27,7,16,23,9,8,3,23,104,1,7,128.6,0.02,14.3,0.5,58.3,0.5,4.8,61.5,28.57,6,14.3,"2023-2024"
"CRV","OLY","33_4","Regular Season","Nigel  Williams-Goss",17,10,2,2,100,2,3,66.7,0,0,NA,0,1,1,6,2,3,0,0,4,1,12,"A","W",89,31,29,22,18,13,14,27,7,16,23,9,8,3,23,104,89,31,29,22,18,13,14,27,7,16,23,9,8,3,23,104,2,7.7,129.9,0.07,77.9,2,100,0,10,100,38.96,4.8,0,"2023-2024"
"CRV","OLY","33_4","Regular Season","Moses  Wright",16,20,5,6,83.3,1,1,100,7,10,70,2,2,4,0,2,1,0,0,1,5,25,"A","W",89,31,29,22,18,13,14,27,7,16,23,9,8,3,23,104,89,31,29,22,18,13,14,27,7,16,23,9,8,3,23,104,1.18,10,200,0.12,0,0,92.9,1.43,18.9,87.7,10,8,14.3,"2023-2024"
"CRV","OLY","33_4","Regular Season","Giannoulis  Larentzakis",13,2,1,1,100,0,1,0,0,0,NA,0,0,0,0,1,0,0,0,1,2,3,"A","W",89,31,29,22,18,13,14,27,7,16,23,9,8,3,23,104,89,31,29,22,18,13,14,27,7,16,23,9,8,3,23,104,1,1.9,105.3,0.01,0,NA,50,0,1.6,50,0,1.6,0,"2023-2024"
"CRV","OLY","33_4","Regular Season","Naz  Mitrou-Long",12,5,1,2,50,1,3,33.3,0,2,0,0,0,0,2,0,0,0,0,2,4,4,"A","W",89,31,29,22,18,13,14,27,7,16,23,9,8,3,23,104,89,31,29,22,18,13,14,27,7,16,23,9,8,3,23,104,0.71,5.6,89.3,0,35.7,Inf,50,0.4,2.1,42.5,0,5,0,"2023-2024"
"CRV","OLY","33_4","Regular Season","Ignas  Brazdeikis",6,3,0,2,0,1,2,50,0,0,NA,1,0,1,0,0,0,0,1,1,0,-1,"A","W",89,31,29,22,18,13,14,27,7,16,23,9,8,3,23,104,89,31,29,22,18,13,14,27,7,16,23,9,8,3,23,104,0.75,2.9,103.4,0,0,NA,37.5,0,0.9,37.5,0,6.9,7.1,"2023-2024"
"CRV","OLY","33_4","Regular Season","Luke  Sikma",10,2,0,1,0,0,0,NA,2,2,100,0,0,0,0,0,1,1,0,0,2,3,"A","W",89,31,29,22,18,13,14,27,7,16,23,9,8,3,23,104,89,31,29,22,18,13,14,27,7,16,23,9,8,3,23,104,0.67,2.8,71.4,0,0,0,0,2,1,53.2,35.71,3,0,"2023-2024"
"CRV","OLY","33_4","Regular Season","Shaquielle  McKissic",10,7,2,2,100,1,1,100,0,0,NA,0,0,0,0,2,0,0,0,0,1,10,"A","W",89,31,29,22,18,13,14,27,7,16,23,9,8,3,23,104,89,31,29,22,18,13,14,27,7,16,23,9,8,3,23,104,2.33,2.9,241.4,0.06,0,NA,116.7,0,8.1,116.7,0,3.1,0,"2023-2024"
"OLY","CRV","33_4","Regular Season","Adam  Hanga",29,19,1,4,25,5,6,83.3,2,4,50,1,3,4,3,2,1,0,0,2,7,26,"H","L",86,40,25,14,21,11,11,22,15,22,37,4,14,2,24,97,86,40,25,14,21,11,11,22,15,22,37,4,14,2,24,97,1.36,11.3,168.1,0.14,26.5,3,85,0.4,17.5,80.8,8.85,4.1,3.3,"2023-2024"
"OLY","CRV","33_4","Regular Season","Branko  Lazic",5,0,0,1,0,0,1,0,0,0,NA,1,0,1,0,0,0,0,0,0,1,0,"H","L",86,40,25,14,21,11,11,22,15,22,37,4,14,2,24,97,86,40,25,14,21,11,11,22,15,22,37,4,14,2,24,97,0,1,0,-0.01,0,NA,0,0,-0.7,0,0,3.8,3.3,"2023-2024"
"OLY","CRV","33_4","Regular Season","Joel  Bolomboy",34,19,8,10,80,0,0,NA,3,3,100,5,7,12,1,1,0,2,2,4,5,32,"H","L",86,40,25,14,21,11,11,22,15,22,37,4,14,2,24,97,86,40,25,14,21,11,11,22,15,22,37,4,14,2,24,97,1.46,6.1,311.5,0.19,16.4,Inf,80,0.3,22.3,83.9,0,3.1,16.7,"2023-2024"
"OLY","CRV","33_4","Regular Season","Dalibor  Ilic",18,0,0,0,NA,0,1,0,0,0,NA,1,1,2,3,0,0,0,0,3,2,3,"H","L",86,40,25,14,21,11,11,22,15,22,37,4,14,2,24,97,86,40,25,14,21,11,11,22,15,22,37,4,14,2,24,97,0,0,NA,0,Inf,Inf,0,0,1.2,0,NA,0.5,3.3,"2023-2024"
"OLY","CRV","33_4","Regular Season","Nemanja  Nedovic",29,15,2,8,25,3,6,50,2,2,100,1,3,4,4,0,3,0,0,3,3,11,"H","L",86,40,25,14,21,11,11,22,15,22,37,4,14,2,24,97,86,40,25,14,21,11,11,22,15,22,37,4,14,2,24,97,0.94,16.2,92.6,0.05,24.7,1.3,46.4,0.14,7.4,50.4,18.52,5.8,3.3,"2023-2024"
"OLY","CRV","33_4","Regular Season","Milos  Teodosic",24,6,0,1,0,2,6,33.3,0,0,NA,0,2,2,8,0,2,0,0,4,0,5,"H","L",86,40,25,14,21,11,11,22,15,22,37,4,14,2,24,97,86,40,25,14,21,11,11,22,15,22,37,4,14,2,24,97,0.86,8.6,69.8,0.04,93,4,42.9,0,4.5,42.9,23.26,3.5,0,"2023-2024"
"OLY","CRV","33_4","Regular Season","Dejan  Davidovac",6,1,0,0,NA,0,1,0,1,2,50,0,2,2,0,0,1,0,0,0,2,2,"H","L",86,40,25,14,21,11,11,22,15,22,37,4,14,2,24,97,86,40,25,14,21,11,11,22,15,22,37,4,14,2,24,97,0.33,2.8,35.7,0,0,0,0,2,-0.5,26.6,35.71,4.5,0,"2023-2024"
"OLY","CRV","33_4","Regular Season","Luka  Mitrovic",15,8,3,4,75,0,0,NA,2,2,100,1,2,3,2,1,3,0,0,5,2,7,"H","L",86,40,25,14,21,11,11,22,15,22,37,4,14,2,24,97,86,40,25,14,21,11,11,22,15,22,37,4,14,2,24,97,1.33,6.6,121.2,0.03,30.3,0.7,75,0.5,5.1,82,45.45,4.9,3.3,"2023-2024"
"OLY","CRV","33_4","Regular Season","Rokas  Giedraitis",29,16,6,10,60,1,4,25,1,1,100,5,2,7,0,0,0,0,1,2,1,14,"H","L",86,40,25,14,21,11,11,22,15,22,37,4,14,2,24,97,86,40,25,14,21,11,11,22,15,22,37,4,14,2,24,97,1.07,9.1,175.8,0.08,0,NA,53.6,0.07,12.3,55.4,0,4.7,16.7,"2023-2024"
"OLY","CRV","33_4","Regular Season","Freddie  Gillespie",2,0,0,0,NA,0,0,NA,0,0,NA,0,0,0,0,0,1,0,0,0,0,-1,"H","L",86,40,25,14,21,11,11,22,15,22,37,4,14,2,24,97,86,40,25,14,21,11,11,22,15,22,37,4,14,2,24,97,NA,1,0,-0.01,0,0,NA,NA,-1,NA,100,4.7,0,"2023-2024"
"OLY","CRV","33_4","Regular Season","Yago Mateus dos Santos",7,2,1,2,50,0,0,NA,0,0,NA,0,0,0,1,0,3,0,0,1,0,-2,"H","L",86,40,25,14,21,11,11,22,15,22,37,4,14,2,24,97,86,40,25,14,21,11,11,22,15,22,37,4,14,2,24,97,1,4.8,41.7,-0.01,20.8,0.3,50,0,-1.7,50,62.5,6.7,0,"2023-2024"
"VAL","VIL","33_5","Regular Season","Deshaun  Thomas",29,13,4,6,66.7,1,3,33.3,2,2,100,1,8,9,4,0,1,0,0,1,1,21,"A","W",98,40,19,27,25,9,21,24,6,31,37,7,14,2,18,125,98,40,19,27,25,9,21,24,6,31,37,7,14,2,18,125,1.18,9.5,136.8,0.1,42.1,4,61.1,0.22,13.2,65.8,10.53,3.5,8.3,"2023-2024"
"VAL","VIL","33_5","Regular Season","Paris  Lee",27,13,3,6,50,2,4,50,1,1,100,0,3,3,4,1,0,0,0,2,2,16,"A","W",98,40,19,27,25,9,21,24,6,31,37,7,14,2,18,125,98,40,19,27,25,9,21,24,6,31,37,7,14,2,18,125,1.18,10,130,0.07,40,Inf,60,0.1,11.9,62.3,0,3.6,0,"2023-2024"
"VAL","VIL","33_5","Regular Season","Charles Lombahe Kahudi",22,7,1,2,50,1,2,50,2,2,100,1,1,2,1,0,0,0,1,2,3,8,"A","W",98,40,19,27,25,9,21,24,6,31,37,7,14,2,18,125,98,40,19,27,25,9,21,24,6,31,37,7,14,2,18,125,1.17,3.7,189.2,0.03,27,Inf,62.5,0.5,5.9,71.7,0,2.1,8.3,"2023-2024"
"VAL","VIL","33_5","Regular Season","Nando  de Colo",20,19,1,3,33.3,3,6,50,8,8,100,0,3,3,5,2,2,0,1,1,5,25,"A","W",98,40,19,27,25,9,21,24,6,31,37,7,14,2,18,125,98,40,19,27,25,9,21,24,6,31,37,7,14,2,18,125,1.12,13.9,136.7,0.1,36,2.5,61.1,0.89,18.3,75.9,14.39,6.8,0,"2023-2024"
"VAL","VIL","33_5","Regular Season","Youssoupha  Fall",21,9,4,6,66.7,0,0,NA,1,4,25,2,8,10,2,1,1,0,0,2,4,18,"A","W",98,40,19,27,25,9,21,24,6,31,37,7,14,2,18,125,98,40,19,27,25,9,21,24,6,31,37,7,14,2,18,125,0.9,6.5,138.5,0.06,30.8,2,66.7,0.67,9.6,58,15.38,3.9,16.7,"2023-2024"
"VAL","VIL","33_5","Regular Season","Joffrey  Lauvergne",22,21,8,10,80,0,1,0,5,8,62.5,2,5,7,3,2,4,2,0,3,5,27,"A","W",98,40,19,27,25,9,21,24,6,31,37,7,14,2,18,125,98,40,19,27,25,9,21,24,6,31,37,7,14,2,18,125,1.11,15.9,132.1,0.1,18.9,0.8,72.7,0.73,18.5,72.3,25.16,7.9,16.7,"2023-2024"
"VAL","VIL","33_5","Regular Season","Edwin  Jackson",20,12,2,2,100,2,2,100,2,2,100,0,0,0,1,0,2,0,0,3,1,9,"A","W",98,40,19,27,25,9,21,24,6,31,37,7,14,2,18,125,98,40,19,27,25,9,21,24,6,31,37,7,14,2,18,125,2,6.6,181.8,0.04,15.2,0.5,125,0.5,8.3,123,30.3,3.2,0,"2023-2024"
"VAL","VIL","33_5","Regular Season","David  Lighty",18,2,1,3,33.3,0,0,NA,0,0,NA,0,2,2,0,1,1,0,0,2,0,0,"A","W",98,40,19,27,25,9,21,24,6,31,37,7,14,2,18,125,98,40,19,27,25,9,21,24,6,31,37,7,14,2,18,125,0.67,3.8,52.6,0,0,0,33.3,0,0.1,33.3,26.32,2.1,0,"2023-2024"
"VAL","VIL","33_5","Regular Season","Mbaye  Ndiaye",2,0,0,0,NA,0,0,NA,0,0,NA,0,0,0,0,0,0,0,0,1,0,-1,"A","W",98,40,19,27,25,9,21,24,6,31,37,7,14,2,18,125,98,40,19,27,25,9,21,24,6,31,37,7,14,2,18,125,NA,0,NA,0,NA,NA,NA,NA,-0.4,NA,NA,0,0,"2023-2024"
"VAL","VIL","33_5","Regular Season","Noam  Yaacov",18,2,1,2,50,0,1,0,0,0,NA,0,1,1,4,0,3,0,0,1,1,2,"A","W",98,40,19,27,25,9,21,24,6,31,37,7,14,2,18,125,98,40,19,27,25,9,21,24,6,31,37,7,14,2,18,125,0.67,5.8,34.5,0,69,1.3,33.3,0,0,33.3,51.72,3.1,0,"2023-2024"
"VIL","VAL","33_5","Regular Season","Chris  Jones",25,18,3,6,50,3,5,60,3,3,100,0,1,1,2,0,0,0,0,0,5,21,"H","L",69,43,24,19,18,6,15,10,7,17,24,9,10,2,22,51,69,43,24,19,18,6,15,10,7,17,24,9,10,2,22,51,1.29,11.8,152.5,0.26,16.9,Inf,68.2,0.27,14.4,73.1,0,4.6,0,"2023-2024"
"VIL","VAL","33_5","Regular Season","Damien  Inglis",18,4,2,8,25,0,0,NA,0,0,NA,1,1,2,0,1,0,0,1,3,1,-2,"H","L",69,43,24,19,18,6,15,10,7,17,24,9,10,2,22,51,69,43,24,19,18,6,15,10,7,17,24,9,10,2,22,51,0.5,6.7,59.7,-0.04,0,NA,25,0,0,25,0,4.2,7.1,"2023-2024"
"VIL","VAL","33_5","Regular Season","Kassius  Robertson",9,2,1,1,100,0,1,0,0,0,NA,1,0,1,1,0,2,0,0,1,0,0,"H","L",69,43,24,19,18,6,15,10,7,17,24,9,10,2,22,51,69,43,24,19,18,6,15,10,7,17,24,9,10,2,22,51,1,2.9,69,-0.01,34.5,0.5,50,0,0,50,68.97,4.2,7.1,"2023-2024"
"VIL","VAL","33_5","Regular Season","Brandon  Davies",24,9,3,7,42.9,0,3,0,3,4,75,0,3,3,2,1,2,2,0,3,4,8,"H","L",69,43,24,19,18,6,15,10,7,17,24,9,10,2,22,51,69,43,24,19,18,6,15,10,7,17,24,9,10,2,22,51,0.64,13.2,68.2,0.05,15.2,1,30,0.4,4.3,38.3,15.15,5.4,0,"2023-2024"
"VIL","VAL","33_5","Regular Season","Semi  Ojeleye",21,6,1,3,33.3,1,4,25,1,2,50,0,3,3,0,0,1,0,0,2,1,1,"H","L",69,43,24,19,18,6,15,10,7,17,24,9,10,2,22,51,69,43,24,19,18,6,15,10,7,17,24,9,10,2,22,51,0.67,8.5,70.6,0,0,0,35.7,0.29,0.6,38.1,11.76,4,0,"2023-2024"
"VIL","VAL","33_5","Regular Season","Jared  Harper",19,10,1,5,20,1,5,20,5,7,71.4,0,1,1,2,1,2,0,0,2,4,4,"H","L",69,43,24,19,18,6,15,10,7,17,24,9,10,2,22,51,69,43,24,19,18,6,15,10,7,17,24,9,10,2,22,51,0.59,14.5,69,0,13.8,1,25,0.7,2.9,38.2,13.79,7.4,0,"2023-2024"
"VIL","VAL","33_5","Regular Season","Victor  Claver",12,3,0,1,0,1,1,100,0,0,NA,0,0,0,0,1,0,0,0,2,0,1,"H","L",69,43,24,19,18,6,15,10,7,17,24,9,10,2,22,51,69,43,24,19,18,6,15,10,7,17,24,9,10,2,22,51,1.5,1.9,157.9,0.02,0,NA,75,0,2.2,75,0,1.6,0,"2023-2024"
"VIL","VAL","33_5","Regular Season","Jaime  Pradilla",19,2,1,3,33.3,0,1,0,0,0,NA,3,3,6,1,2,0,0,1,4,0,3,"H","L",69,43,24,19,18,6,15,10,7,17,24,9,10,2,22,51,69,43,24,19,18,6,15,10,7,17,24,9,10,2,22,51,0.5,1,200,0.04,100,Inf,25,0,3.7,25,0,2,21.4,"2023-2024"
"VIL","VAL","33_5","Regular Season","Justin  Anderson",22,6,2,3,66.7,0,0,NA,2,2,100,0,4,4,0,0,1,0,0,2,1,7,"H","L",69,43,24,19,18,6,15,10,7,17,24,9,10,2,22,51,69,43,24,19,18,6,15,10,7,17,24,9,10,2,22,51,1.2,4.7,127.7,0.1,0,0,66.7,0.67,4.1,77.3,21.28,2.1,0,"2023-2024"
"VIL","VAL","33_5","Regular Season","Xabi  Lopez-Arostegui",17,6,3,3,100,0,2,0,0,0,NA,2,1,3,2,1,1,0,0,1,1,9,"H","L",69,43,24,19,18,6,15,10,7,17,24,9,10,2,22,51,69,43,24,19,18,6,15,10,7,17,24,9,10,2,22,51,1.2,3.8,157.9,0.11,52.6,2,60,0,6.4,60,26.32,3.3,14.3,"2023-2024"
"VIL","VAL","33_5","Regular Season","Stefan  Jovic",14,3,1,3,33.3,0,2,0,1,1,100,0,0,0,0,2,1,0,0,2,1,-1,"H","L",69,43,24,19,18,6,15,10,7,17,24,9,10,2,22,51,69,43,24,19,18,6,15,10,7,17,24,9,10,2,22,51,0.5,6.2,48.4,-0.03,0,0,20,0.2,0.1,27.6,16.13,4.3,0,"2023-2024"
"BAY","PAN","33_6","Regular Season","Jerian  Grant",25,7,1,2,50,1,3,33.3,2,2,100,0,1,1,1,1,1,1,0,2,2,7,"A","W",82,38,19,20,21,8,16,16,4,25,29,4,11,2,14,95,82,38,19,20,21,8,16,16,4,25,29,4,11,2,14,95,1,6.6,106.1,0.03,15.2,1,50,0.4,5.2,59.5,15.15,2.9,0,"2023-2024"
"BAY","PAN","33_6","Regular Season","Kendrick  Nunn",29,17,5,11,45.5,2,4,50,1,1,100,0,4,4,4,0,3,0,1,0,3,16,"A","W",82,38,19,20,21,8,16,16,4,25,29,4,11,2,14,95,82,38,19,20,21,8,16,16,4,25,29,4,11,2,14,95,1.06,17.7,96,0.1,22.6,1.3,53.3,0.07,10.3,55.1,16.95,6.6,0,"2023-2024"
"BAY","PAN","33_6","Regular Season","Mathias  Lessort",27,13,5,5,100,0,0,NA,3,6,50,0,5,5,0,2,0,0,0,3,4,18,"A","W",82,38,19,20,21,8,16,16,4,25,29,4,11,2,14,95,82,38,19,20,21,8,16,16,4,25,29,4,11,2,14,95,1.18,7.3,178.1,0.1,0,NA,100,1.2,12.6,85.1,0,2.9,0,"2023-2024"
"BAY","PAN","33_6","Regular Season","Marius  Grigonis",15,3,0,1,0,0,2,0,3,4,75,0,3,3,0,0,2,0,0,1,3,2,"A","W",82,38,19,20,21,8,16,16,4,25,29,4,11,2,14,95,82,38,19,20,21,8,16,16,4,25,29,4,11,2,14,95,0.43,6.5,46.2,-0.01,0,0,0,1.33,-1,31.5,30.77,4.7,0,"2023-2024"
"BAY","PAN","33_6","Regular Season","Konstantinos  Mitoglou",17,6,3,7,42.9,0,1,0,0,0,NA,0,3,3,2,0,1,0,1,1,2,5,"A","W",82,38,19,20,21,8,16,16,4,25,29,4,11,2,14,95,82,38,19,20,21,8,16,16,4,25,29,4,11,2,14,95,0.75,8.6,69.8,0.03,23.3,2,37.5,0,2.5,37.5,11.63,5.5,0,"2023-2024"
"BAY","PAN","33_6","Regular Season","Luca  Vildoza",5,2,1,1,100,0,1,0,0,0,NA,0,1,1,1,0,0,0,0,1,0,2,"A","W",82,38,19,20,21,8,16,16,4,25,29,4,11,2,14,95,82,38,19,20,21,8,16,16,4,25,29,4,11,2,14,95,1,1.9,105.3,0.01,52.6,Inf,50,0,1.6,50,0,4.2,0,"2023-2024"
"BAY","PAN","33_6","Regular Season","Kostas  Sloukas",21,12,1,4,25,2,4,50,4,4,100,1,5,6,7,0,2,0,0,2,5,21,"A","W",82,38,19,20,21,8,16,16,4,25,29,4,11,2,14,95,82,38,19,20,21,8,16,16,4,25,29,4,11,2,14,95,1,10.3,116.5,0.11,68,3.5,50,0.5,11.9,61.5,19.42,5.8,12.5,"2023-2024"
"BAY","PAN","33_6","Regular Season","Ioannis  Papapetrou",23,8,2,2,100,1,1,100,1,1,100,0,2,2,0,0,1,0,0,2,1,8,"A","W",82,38,19,20,21,8,16,16,4,25,29,4,11,2,14,95,82,38,19,20,21,8,16,16,4,25,29,4,11,2,14,95,2,4.3,186,0.05,0,0,116.7,0.33,5.9,116.3,23.26,2,0,"2023-2024"
"BAY","PAN","33_6","Regular Season","Kostas  Antetokounmpo",10,0,0,2,0,0,0,NA,0,0,NA,2,0,2,0,0,0,1,0,1,0,0,"A","W",82,38,19,20,21,8,16,16,4,25,29,4,11,2,14,95,82,38,19,20,21,8,16,16,4,25,29,4,11,2,14,95,0,0,NA,-0.01,NA,NA,0,0,0.3,0,NA,2.1,25,"2023-2024"
"BAY","PAN","33_6","Regular Season","Juan  Hernangomez",26,14,3,3,100,2,3,66.7,2,2,100,1,1,2,1,1,1,0,0,1,1,16,"A","W",82,38,19,20,21,8,16,16,4,25,29,4,11,2,14,95,82,38,19,20,21,8,16,16,4,25,29,4,11,2,14,95,1.75,6.6,212.1,0.1,15.2,1,100,0.33,13.1,101.7,15.15,3.2,12.5,"2023-2024"
"PAN","BAY","33_6","Regular Season","Carsen  Edwards",27,9,3,7,42.9,1,5,20,0,0,NA,1,1,2,3,2,3,0,1,0,2,6,"H","L",75,32,28,8,13,14,7,19,4,22,26,8,11,2,21,76,75,32,28,8,13,14,7,19,4,22,26,8,11,2,21,76,0.75,13.4,67.2,0.04,22.4,1,37.5,0,4.3,37.5,22.39,6,12.5,"2023-2024"
"PAN","BAY","33_6","Regular Season","Isaac  Bonga",28,5,0,1,0,1,2,50,2,2,100,0,2,2,1,2,1,0,0,2,1,6,"H","L",75,32,28,8,13,14,7,19,4,22,26,8,11,2,21,76,75,32,28,8,13,14,7,19,4,22,26,8,11,2,21,76,1,4.7,106.4,0.04,21.3,1,50,0.67,4.8,64.4,21.28,1.9,0,"2023-2024"
"PAN","BAY","33_6","Regular Season","Leandro  Bolmaro",17,11,3,5,60,1,2,50,2,3,66.7,0,1,1,7,0,1,0,0,4,3,13,"H","L",75,32,28,8,13,14,7,19,4,22,26,8,11,2,21,76,75,32,28,8,13,14,7,19,4,22,26,8,11,2,21,76,1.1,8.9,123.6,0.08,78.7,7,64.3,0.43,9.9,66.1,11.24,5.9,0,"2023-2024"
"PAN","BAY","33_6","Regular Season","Vladimir  Lucic",25,11,2,4,50,2,2,100,1,1,100,0,2,2,1,0,0,1,0,2,3,14,"H","L",75,32,28,8,13,14,7,19,4,22,26,8,11,2,21,76,75,32,28,8,13,14,7,19,4,22,26,8,11,2,21,76,1.57,6.2,177.4,0.09,16.1,Inf,83.3,0.17,9.6,85.4,0,2.8,0,"2023-2024"
"PAN","BAY","33_6","Regular Season","Serge  Ibaka",26,14,3,7,42.9,2,3,66.7,2,2,100,0,7,7,1,1,2,1,0,2,2,17,"H","L",75,32,28,8,13,14,7,19,4,22,26,8,11,2,21,76,75,32,28,8,13,14,7,19,4,22,26,8,11,2,21,76,1.17,12.4,112.9,0.12,8.1,0.5,60,0.2,10.7,64.3,16.13,5.3,0,"2023-2024"
"PAN","BAY","33_6","Regular Season","Nick  Weiler-Babb",28,15,0,1,0,5,7,71.4,0,0,NA,1,3,4,1,1,0,0,0,4,3,17,"H","L",75,32,28,8,13,14,7,19,4,22,26,8,11,2,21,76,75,32,28,8,13,14,7,19,4,22,26,8,11,2,21,76,1.88,6.7,223.9,0.11,14.9,Inf,93.8,0,13.1,93.8,0,3.1,12.5,"2023-2024"
"PAN","BAY","33_6","Regular Season","Sylvain  Francisco",12,2,1,2,50,0,2,0,0,0,NA,0,1,1,2,0,2,0,0,1,0,-1,"H","L",75,32,28,8,13,14,7,19,4,22,26,8,11,2,21,76,75,32,28,8,13,14,7,19,4,22,26,8,11,2,21,76,0.5,5.8,34.5,-0.01,34.5,1,25,0,-1.1,25,34.48,5.4,0,"2023-2024"
"PAN","BAY","33_6","Regular Season","Niels  Giffey",13,6,0,0,NA,2,4,50,0,0,NA,0,0,0,0,0,0,0,0,2,0,2,"H","L",75,32,28,8,13,14,7,19,4,22,26,8,11,2,21,76,75,32,28,8,13,14,7,19,4,22,26,8,11,2,21,76,1.5,3.8,157.9,0.02,0,NA,75,0,3.2,75,0,3.3,0,"2023-2024"
"PAN","BAY","33_6","Regular Season","Dino  Radoncic",8,0,0,0,NA,0,1,0,0,0,NA,1,1,2,3,1,0,0,0,3,0,2,"H","L",75,32,28,8,13,14,7,19,4,22,26,8,11,2,21,76,75,32,28,8,13,14,7,19,4,22,26,8,11,2,21,76,0,0,NA,0.01,Inf,Inf,0,0,2.2,0,NA,1.3,12.5,"2023-2024"
"PAN","BAY","33_6","Regular Season","Elias  Harris",10,2,1,3,33.3,0,0,NA,0,0,NA,1,2,3,0,1,2,0,0,0,0,2,"H","L",75,32,28,8,13,14,7,19,4,22,26,8,11,2,21,76,75,32,28,8,13,14,7,19,4,22,26,8,11,2,21,76,0.67,3.8,52.6,0.01,0,0,33.3,0,0.6,33.3,52.63,5.4,12.5,"2023-2024"
"PAN","BAY","33_6","Regular Season","Danko   Brankovic",4,0,0,2,0,0,0,NA,0,0,NA,0,2,2,0,0,0,0,1,1,0,-2,"H","L",75,32,28,8,13,14,7,19,4,22,26,8,11,2,21,76,75,32,28,8,13,14,7,19,4,22,26,8,11,2,21,76,0,1.9,0,-0.01,0,NA,0,0,-1.2,0,0,5.4,0,"2023-2024"
"BOL","MIL","33_7","Regular Season","Stefano  Tonut",23,15,3,5,60,2,3,66.7,3,4,75,0,4,4,1,2,1,0,0,4,4,17,"H","W",90,34,22,28,22,8,22,18,4,25,29,9,10,0,24,104,90,34,22,28,22,8,22,18,4,25,29,9,10,0,24,104,1.25,10.3,145.6,0.08,9.7,1,75,0.5,12.3,76.8,9.71,4.8,0,"2023-2024"
"BOL","MIL","33_7","Regular Season","Nicolo  Melli",17,13,2,3,66.7,2,3,66.7,3,6,50,1,3,4,4,2,0,0,0,5,4,17,"H","W",90,34,22,28,22,8,22,18,4,25,29,9,10,0,24,104,90,34,22,28,22,8,22,18,4,25,29,9,10,0,24,104,1.08,7.3,178.1,0.08,54.8,Inf,83.3,1,13.6,75.2,0,5.2,12.5,"2023-2024"
"BOL","MIL","33_7","Regular Season","Shabazz  Napier",25,8,1,1,100,2,3,66.7,0,0,NA,0,1,1,2,2,2,0,0,2,1,9,"H","W",90,34,22,28,22,8,22,18,4,25,29,9,10,0,24,104,90,34,22,28,22,8,22,18,4,25,29,9,10,0,24,104,2,5.8,137.9,0.05,34.5,1,100,0,7.3,100,34.48,2.5,0,"2023-2024"
"BOL","MIL","33_7","Regular Season","Shavon  Shields",30,11,3,5,60,1,4,25,2,2,100,0,2,2,5,2,1,0,0,3,1,12,"H","W",90,34,22,28,22,8,22,18,4,25,29,9,10,0,24,104,90,34,22,28,22,8,22,18,4,25,29,9,10,0,24,104,1,10.4,105.8,0.07,48.1,5,50,0.22,10.2,55.7,9.62,3.7,0,"2023-2024"
"BOL","MIL","33_7","Regular Season","Nikola  Mirotic",27,18,3,5,60,1,5,20,9,11,81.8,1,10,11,2,0,2,0,0,2,8,27,"H","W",90,34,22,28,22,8,22,18,4,25,29,9,10,0,24,104,90,34,22,28,22,8,22,18,4,25,29,9,10,0,24,104,0.86,15.2,118.4,0.12,13.2,1,45,1.1,14.1,60.6,13.16,6.4,12.5,"2023-2024"
"BOL","MIL","33_7","Regular Season","Maodo  Lo",15,2,1,3,33.3,0,1,0,0,0,NA,0,1,1,1,0,2,0,0,0,2,1,"H","W",90,34,22,28,22,8,22,18,4,25,29,9,10,0,24,104,90,34,22,28,22,8,22,18,4,25,29,9,10,0,24,104,0.5,5.8,34.5,-0.01,17.2,0.5,25,0,-1.4,25,34.48,4.1,0,"2023-2024"
"BOL","MIL","33_7","Regular Season","Alex  Poythress",18,8,3,3,100,0,0,NA,2,2,100,1,3,4,0,1,1,0,0,5,3,10,"H","W",90,34,22,28,22,8,22,18,4,25,29,9,10,0,24,104,90,34,22,28,22,8,22,18,4,25,29,9,10,0,24,104,1.6,3.7,216.2,0.04,0,0,100,0.67,6.7,103.1,27.03,2.8,12.5,"2023-2024"
"BOL","MIL","33_7","Regular Season","Giampaolo  Ricci",10,0,0,0,NA,0,1,0,0,0,NA,0,1,1,0,0,0,0,0,2,0,-2,"H","W",90,34,22,28,22,8,22,18,4,25,29,9,10,0,24,104,90,34,22,28,22,8,22,18,4,25,29,9,10,0,24,104,0,1,0,-0.01,0,NA,0,0,-1.2,0,0,1,0,"2023-2024"
"BOL","MIL","33_7","Regular Season","Devon  Hall",24,8,3,3,100,0,2,0,2,2,100,0,0,0,2,0,1,0,0,1,1,7,"H","W",90,34,22,28,22,8,22,18,4,25,29,9,10,0,24,104,90,34,22,28,22,8,22,18,4,25,29,9,10,0,24,104,1.14,6.6,121.2,0.04,30.3,2,60,0.4,5.7,68,15.15,2.9,0,"2023-2024"
"BOL","MIL","33_7","Regular Season","Kyle  Hines",6,4,2,2,100,0,0,NA,0,0,NA,0,0,0,1,0,0,0,0,0,0,5,"H","W",90,34,22,28,22,8,22,18,4,25,29,9,10,0,24,104,90,34,22,28,22,8,22,18,4,25,29,9,10,0,24,104,2,1.9,210.5,0.03,52.6,Inf,100,0,4.1,100,0,3.4,0,"2023-2024"
"BOL","MIL","33_7","Regular Season","Johannes  Voigtmann",5,3,1,4,25,0,0,NA,1,1,100,1,0,1,0,0,0,0,1,0,1,1,"H","W",90,34,22,28,22,8,22,18,4,25,29,9,10,0,24,104,90,34,22,28,22,8,22,18,4,25,29,9,10,0,24,104,0.6,3.3,90.9,0,0,NA,25,0.25,1.3,33.8,0,9.1,12.5,"2023-2024"
"MIL","BOL","33_7","Regular Season","Marco  Belinelli",25,13,1,4,25,2,11,18.2,5,5,100,0,1,1,3,0,2,0,0,2,2,3,"A","L",75,30,29,25,15,8,21,16,8,21,29,5,13,1,25,71,75,30,29,25,15,8,21,16,8,21,29,5,13,1,25,71,0.65,18.4,70.7,0.01,16.3,1.5,26.7,0.33,3.3,37.8,10.87,7.4,0,"2023-2024"
"MIL","BOL","33_7","Regular Season","Alessandro  Pajola",25,7,1,1,100,1,3,33.3,2,2,100,1,4,5,2,2,0,0,0,1,3,16,"A","L",75,30,29,25,15,8,21,16,8,21,29,5,13,1,25,71,75,30,29,25,15,8,21,16,8,21,29,5,13,1,25,71,1.17,3.7,189.2,0.14,54.1,Inf,62.5,0.5,9.9,71.7,0,1.9,6.2,"2023-2024"
"MIL","BOL","33_7","Regular Season","Ognjen  Dobric",13,6,0,0,NA,2,4,50,0,0,NA,0,1,1,1,0,0,0,0,1,0,5,"A","L",75,30,29,25,15,8,21,16,8,21,29,5,13,1,25,71,75,30,29,25,15,8,21,16,8,21,29,5,13,1,25,71,1.5,3.8,157.9,0.06,26.3,Inf,75,0,4.6,75,0,3,0,"2023-2024"
"MIL","BOL","33_7","Regular Season","Tornike  Shengelia",24,21,6,10,60,0,2,0,9,10,90,0,1,1,1,0,4,0,0,3,8,17,"A","L",75,30,29,25,15,8,21,16,8,21,29,5,13,1,25,71,75,30,29,25,15,8,21,16,8,21,29,5,13,1,25,71,0.95,19.6,107.1,0.1,5.1,0.2,50,0.83,10.4,64,20.41,8.2,0,"2023-2024"
"MIL","BOL","33_7","Regular Season","Bryant  Dunston",16,2,1,2,50,0,0,NA,0,0,NA,1,2,3,1,0,0,0,0,3,0,2,"A","L",75,30,29,25,15,8,21,16,8,21,29,5,13,1,25,71,75,30,29,25,15,8,21,16,8,21,29,5,13,1,25,71,1,1,200,0.02,100,Inf,50,0,1.8,50,0,1.2,6.2,"2023-2024"
"MIL","BOL","33_7","Regular Season","Gabriel  Lundberg",19,2,1,3,33.3,0,3,0,0,0,NA,0,1,1,2,1,0,0,0,3,0,-2,"A","L",75,30,29,25,15,8,21,16,8,21,29,5,13,1,25,71,75,30,29,25,15,8,21,16,8,21,29,5,13,1,25,71,0.33,5.8,34.5,-0.02,34.5,Inf,16.7,0,-0.3,16.7,0,3,0,"2023-2024"
"MIL","BOL","33_7","Regular Season","Rihards  Lomazs",7,2,0,1,0,0,1,0,2,2,100,0,0,0,1,0,0,0,0,0,1,2,"A","L",75,30,29,25,15,8,21,16,8,21,29,5,13,1,25,71,75,30,29,25,15,8,21,16,8,21,29,5,13,1,25,71,0.5,2.8,71.4,0.01,35.7,Inf,0,1,1.3,34.7,0,4,0,"2023-2024"
"MIL","BOL","33_7","Regular Season","Daniel  Hackett",17,1,0,0,NA,0,2,0,1,2,50,0,0,0,1,0,5,0,0,3,2,-7,"A","L",75,30,29,25,15,8,21,16,8,21,29,5,13,1,25,71,75,30,29,25,15,8,21,16,8,21,29,5,13,1,25,71,0.25,7.6,13.2,-0.1,13.2,0.2,0,1,-6.3,17.4,65.79,4.5,0,"2023-2024"
"MIL","BOL","33_7","Regular Season","Jordan  Mickey",12,5,1,3,33.3,1,1,100,0,0,NA,0,3,3,0,0,2,0,0,0,0,4,"A","L",75,30,29,25,15,8,21,16,8,21,29,5,13,1,25,71,75,30,29,25,15,8,21,16,8,21,29,5,13,1,25,71,1.25,5.8,86.2,0.05,0,0,62.5,0,1.9,62.5,34.48,4.8,0,"2023-2024"
"MIL","BOL","33_7","Regular Season","Achille  Polonara",17,8,1,1,100,2,2,100,0,0,NA,3,3,6,3,1,0,1,0,2,4,21,"A","L",75,30,29,25,15,8,21,16,8,21,29,5,13,1,25,71,75,30,29,25,15,8,21,16,8,21,29,5,13,1,25,71,2.67,0,Inf,0.17,Inf,Inf,133.3,0,13.1,133.3,NA,1.7,18.8,"2023-2024"
"MIL","BOL","33_7","Regular Season","Ante  Zizic",11,5,2,3,66.7,0,0,NA,1,2,50,3,2,5,0,0,0,0,0,2,2,8,"A","L",75,30,29,25,15,8,21,16,8,21,29,5,13,1,25,71,75,30,29,25,15,8,21,16,8,21,29,5,13,1,25,71,1,0.8,625,0.05,0,NA,66.7,0.67,5.2,64.4,0,3.4,18.8,"2023-2024"
"MIL","BOL","33_7","Regular Season","Awudu  Abass",14,3,1,2,50,0,0,NA,1,2,50,0,3,3,1,1,0,0,0,5,1,2,"A","L",75,30,29,25,15,8,21,16,8,21,29,5,13,1,25,71,75,30,29,25,15,8,21,16,8,21,29,5,13,1,25,71,0.75,2.8,107.1,0.01,35.7,Inf,50,1,2.2,52.1,0,2,0,"2023-2024"
"BAS","RMB","33_8","Regular Season","Fabien  Causeur",17,13,2,3,66.7,2,4,50,3,3,100,0,3,3,1,1,2,1,0,2,4,16,"H","L",91,39,31,16,21,12,13,23,6,26,32,11,14,5,25,101,91,39,31,16,21,12,13,23,6,26,32,11,14,5,25,101,1.3,9.9,131.3,0.07,10.1,0.5,71.4,0.43,10.2,78.1,20.2,5.3,0,"2023-2024"
"BAS","RMB","33_8","Regular Season","Facundo  Campazzo",26,12,3,3,100,2,5,40,0,0,NA,0,2,2,9,5,2,0,0,1,3,25,"H","L",91,39,31,16,21,12,13,23,6,26,32,11,14,5,25,101,91,39,31,16,21,12,13,23,6,26,32,11,14,5,25,101,1.5,9.6,125,0.14,93.8,4.5,75,0,17.9,75,20.83,3.4,0,"2023-2024"
"BAS","RMB","33_8","Regular Season","Mario  Hezonja",24,18,3,5,60,4,7,57.1,0,0,NA,1,6,7,3,2,4,0,1,4,0,16,"H","L",91,39,31,16,21,12,13,23,6,26,32,11,14,5,25,101,91,39,31,16,21,12,13,23,6,26,32,11,14,5,25,101,1.5,14.4,125,0.11,20.8,0.8,75,0,13.4,75,27.78,5.9,8.3,"2023-2024"
"BAS","RMB","33_8","Regular Season","Walter  Tavares",19,6,2,6,33.3,0,0,NA,2,2,100,1,1,2,0,1,1,3,0,5,2,4,"H","L",91,39,31,16,21,12,13,23,6,26,32,11,14,5,25,101,91,39,31,16,21,12,13,23,6,26,32,11,14,5,25,101,0.75,6.6,90.9,0,0,0,33.3,0.33,3.7,43.6,15.15,3.6,8.3,"2023-2024"
"BAS","RMB","33_8","Regular Season","Guerschon  Yabusele",25,12,2,5,40,1,3,33.3,5,6,83.3,0,3,3,2,1,0,0,1,1,4,14,"H","L",91,39,31,16,21,12,13,23,6,26,32,11,14,5,25,101,91,39,31,16,21,12,13,23,6,26,32,11,14,5,25,101,0.86,10.2,117.6,0.07,19.6,Inf,43.8,0.75,10.1,56.4,0,3.7,0,"2023-2024"
"BAS","RMB","33_8","Regular Season","Sergio  Rodriguez",14,0,0,1,0,0,2,0,0,0,NA,0,0,0,1,0,0,0,0,2,0,-4,"H","L",91,39,31,16,21,12,13,23,6,26,32,11,14,5,25,101,91,39,31,16,21,12,13,23,6,26,32,11,14,5,25,101,0,2.9,0,-0.03,34.5,Inf,0,0,-2.2,0,0,1.9,0,"2023-2024"
"BAS","RMB","33_8","Regular Season","Gabriel  Deck",20,5,1,1,100,1,3,33.3,0,0,NA,0,5,5,0,1,3,0,0,2,1,5,"H","L",91,39,31,16,21,12,13,23,6,26,32,11,14,5,25,101,91,39,31,16,21,12,13,23,6,26,32,11,14,5,25,101,1.25,6.7,74.6,0.03,0,0,62.5,0,1.7,62.5,44.78,3.1,0,"2023-2024"
"BAS","RMB","33_8","Regular Season","Vincent  Poirier",15,9,4,8,50,0,0,NA,1,3,33.3,4,2,6,0,0,0,1,0,5,3,8,"H","L",91,39,31,16,21,12,13,23,6,26,32,11,14,5,25,101,91,39,31,16,21,12,13,23,6,26,32,11,14,5,25,101,0.82,5.1,176.5,0.02,0,NA,50,0.38,6.3,48.3,0,5.5,33.3,"2023-2024"
"BAS","RMB","33_8","Regular Season","Sergio  Llull",17,0,0,1,0,0,1,0,0,0,NA,0,0,0,4,0,1,0,0,2,1,0,"H","L",91,39,31,16,21,12,13,23,6,26,32,11,14,5,25,101,91,39,31,16,21,12,13,23,6,26,32,11,14,5,25,101,0,2.9,0,-0.01,137.9,4,0,0,-0.4,0,34.48,1.6,0,"2023-2024"
"BAS","RMB","33_8","Regular Season","Dzanan  Musa",22,16,4,6,66.7,2,6,33.3,2,2,100,0,4,4,3,0,1,0,0,1,2,17,"H","L",91,39,31,16,21,12,13,23,6,26,32,11,14,5,25,101,91,39,31,16,21,12,13,23,6,26,32,11,14,5,25,101,1.14,13.3,120.3,0.1,22.6,3,58.3,0.17,11.9,62.1,7.52,5.5,0,"2023-2024"
"RMB","BAS","33_8","Regular Season","Vanja  Marinkovic",4,3,0,0,NA,1,1,100,0,0,NA,0,0,0,0,0,1,0,0,1,0,1,"A","W",95,40,29,25,20,12,19,22,11,28,39,5,14,2,20,105,95,40,29,25,20,12,19,22,11,28,39,5,14,2,20,105,3,1.9,157.9,0.01,0,0,150,0,1.3,150,52.63,4.3,0,"2023-2024"
"RMB","BAS","33_8","Regular Season","Codi  Miller-McIntyre",31,4,2,5,40,0,1,0,0,0,NA,0,0,0,12,2,4,0,0,3,0,7,"A","W",95,40,29,25,20,12,19,22,11,28,39,5,14,2,20,105,95,40,29,25,20,12,19,22,11,28,39,5,14,2,20,105,0.67,9.6,41.7,0.04,125,3,33.3,0,5.8,33.3,41.67,2.7,0,"2023-2024"
"RMB","BAS","33_8","Regular Season","Daniel  Diez",10,5,1,2,50,1,2,50,0,0,NA,0,4,4,0,0,0,0,0,1,1,7,"A","W",95,40,29,25,20,12,19,22,11,28,39,5,14,2,20,105,95,40,29,25,20,12,19,22,11,28,39,5,14,2,20,105,1.25,3.8,131.6,0.04,0,NA,62.5,0,3.8,62.5,0,3.4,0,"2023-2024"
"RMB","BAS","33_8","Regular Season","Maik  Kotsar",8,4,1,4,25,0,0,NA,2,2,100,1,0,1,0,0,0,0,2,0,2,2,"A","W",95,40,29,25,20,12,19,22,11,28,39,5,14,2,20,105,95,40,29,25,20,12,19,22,11,28,39,5,14,2,20,105,0.67,3.7,108.1,0.01,0,NA,25,0.5,2.3,41,0,5.2,4.5,"2023-2024"
"RMB","BAS","33_8","Regular Season","Chima  Moneke",35,11,4,6,66.7,0,3,0,3,5,60,4,5,9,0,2,2,0,1,1,6,17,"A","W",95,40,29,25,20,12,19,22,11,28,39,5,14,2,20,105,95,40,29,25,20,12,19,22,11,28,39,5,14,2,20,105,0.79,8.8,125,0.06,0,0,44.4,0.56,9.4,49.1,22.73,3.2,18.2,"2023-2024"
"RMB","BAS","33_8","Regular Season","Markus  Howard",30,35,3,8,37.5,7,12,58.3,8,9,88.9,0,2,2,2,0,3,0,1,4,7,27,"A","W",95,40,29,25,20,12,19,22,11,28,39,5,14,2,20,105,95,40,29,25,20,12,19,22,11,28,39,5,14,2,20,105,1.21,25.9,135.1,0.13,7.7,0.7,67.5,0.45,22,73,11.58,7.6,0,"2023-2024"
"RMB","BAS","33_8","Regular Season","Christopher  Chiozza",9,0,0,0,NA,0,2,0,0,0,NA,0,1,1,3,0,1,0,0,2,1,0,"A","W",95,40,29,25,20,12,19,22,11,28,39,5,14,2,20,105,95,40,29,25,20,12,19,22,11,28,39,5,14,2,20,105,0,2.9,0,-0.01,103.4,3,0,0,-0.8,0,34.48,2.8,0,"2023-2024"
"RMB","BAS","33_8","Regular Season","Tadas  Sedekerskis",33,9,2,6,33.3,0,0,NA,5,8,62.5,3,11,14,2,0,1,1,0,3,4,19,"A","W",95,40,29,25,20,12,19,22,11,28,39,5,14,2,20,105,95,40,29,25,20,12,19,22,11,28,39,5,14,2,20,105,0.64,7.2,125,0.08,27.8,2,33.3,1.33,9.7,47.3,13.89,2.7,13.6,"2023-2024"
"RMB","BAS","33_8","Regular Season","Nikos  Rogkavopoulos",12,5,1,2,50,1,2,50,0,0,NA,1,2,3,1,1,0,0,0,1,1,8,"A","W",95,40,29,25,20,12,19,22,11,28,39,5,14,2,20,105,95,40,29,25,20,12,19,22,11,28,39,5,14,2,20,105,1.25,2.9,172.4,0.04,34.5,Inf,62.5,0,5.6,62.5,0,2.8,4.5,"2023-2024"
"RMB","BAS","33_8","Regular Season","Matthew  Costello",28,19,6,7,85.7,2,6,33.3,1,1,100,2,3,5,2,0,2,1,1,4,2,17,"A","W",95,40,29,25,20,12,19,22,11,28,39,5,14,2,20,105,95,40,29,25,20,12,19,22,11,28,39,5,14,2,20,105,1.36,12.9,147.3,0.09,15.5,1,69.2,0.08,13.9,70.7,15.5,4.7,9.1,"2023-2024"
"EFE","FEN","33_9","Regular Season","Sertac  Sanli",7,0,0,0,NA,0,0,NA,0,0,NA,0,1,1,0,0,0,0,0,2,1,0,"H","L",80,28,33,23,10,14,18,12,13,21,34,4,14,1,25,68,80,28,33,23,10,14,18,12,13,21,34,4,14,1,25,68,NA,0,NA,-0.01,NA,NA,NA,NA,-0.5,NA,NA,0,0,"2023-2024"
"EFE","FEN","33_9","Regular Season","Nigel  Hayes-Davis",29,10,0,5,0,2,6,33.3,4,4,100,1,7,8,1,0,0,0,0,3,3,10,"H","L",80,28,33,23,10,14,18,12,13,21,34,4,14,1,25,68,80,28,33,23,10,14,18,12,13,21,34,4,14,1,25,68,0.67,11.3,88.5,0.08,8.8,Inf,27.3,0.36,5.4,39.2,0,4.1,3.8,"2023-2024"
"EFE","FEN","33_9","Regular Season","Tarik  Biberovic",18,4,0,2,0,1,2,50,1,2,50,1,2,3,0,0,1,0,0,3,1,0,"H","L",80,28,33,23,10,14,18,12,13,21,34,4,14,1,25,68,80,28,33,23,10,14,18,12,13,21,34,4,14,1,25,68,0.67,4.7,85.1,-0.02,0,0,37.5,0.5,0.3,41,21.28,3.1,3.8,"2023-2024"
"EFE","FEN","33_9","Regular Season","Tyler  Dorsey",9,0,0,0,NA,0,3,0,0,0,NA,0,0,0,0,0,0,0,0,1,0,-4,"H","L",80,28,33,23,10,14,18,12,13,21,34,4,14,1,25,68,80,28,33,23,10,14,18,12,13,21,34,4,14,1,25,68,0,2.9,0,-0.05,0,NA,0,0,-2.5,0,0,3.1,0,"2023-2024"
"EFE","FEN","33_9","Regular Season","Nick  Calathes",24,6,1,5,20,1,3,33.3,1,2,50,2,4,6,3,0,2,0,1,2,1,4,"H","L",80,28,33,23,10,14,18,12,13,21,34,4,14,1,25,68,80,28,33,23,10,14,18,12,13,21,34,4,14,1,25,68,0.6,8.5,70.6,0.03,35.3,1.5,31.2,0.25,2.7,33.8,23.53,4.3,7.7,"2023-2024"
"EFE","FEN","33_9","Regular Season","Johnathan  Motley",16,10,2,4,50,0,0,NA,6,6,100,2,2,4,1,0,0,0,2,3,6,14,"H","L",80,28,33,23,10,14,18,12,13,21,34,4,14,1,25,68,80,28,33,23,10,14,18,12,13,21,34,4,14,1,25,68,1,4.5,222.2,0.1,22.2,Inf,50,1.5,9.5,75.3,0,3.9,7.7,"2023-2024"
"EFE","FEN","33_9","Regular Season","Scottie  Wilbekin",29,17,1,1,100,5,10,50,0,0,NA,0,1,1,3,1,7,0,0,0,1,11,"H","L",80,28,33,23,10,14,18,12,13,21,34,4,14,1,25,68,80,28,33,23,10,14,18,12,13,21,34,4,14,1,25,68,1.55,17.3,98.3,0.12,17.3,0.4,77.3,0,8.1,77.3,40.46,5.8,0,"2023-2024"
"EFE","FEN","33_9","Regular Season","Georgios  Papagiannis",17,13,3,5,60,2,3,66.7,1,3,33.3,7,1,8,0,1,2,0,0,2,2,15,"H","L",80,28,33,23,10,14,18,12,13,21,34,4,14,1,25,68,80,28,33,23,10,14,18,12,13,21,34,4,14,1,25,68,1.18,4.1,317.1,0.11,0,0,75,0.38,12,69.7,48.78,6.3,26.9,"2023-2024"
"EFE","FEN","33_9","Regular Season","Dyshawn  Pierre",21,0,0,2,0,0,1,0,0,0,NA,0,1,1,2,0,0,1,0,2,1,0,"H","L",80,28,33,23,10,14,18,12,13,21,34,4,14,1,25,68,80,28,33,23,10,14,18,12,13,21,34,4,14,1,25,68,0,2.9,0,-0.02,69,Inf,0,0,-0.5,0,0,1.3,0,"2023-2024"
"EFE","FEN","33_9","Regular Season","Marko  Guduric",19,15,2,3,66.7,2,4,50,5,5,100,0,2,2,2,1,2,0,0,4,4,15,"H","L",80,28,33,23,10,14,18,12,13,21,34,4,14,1,25,68,80,28,33,23,10,14,18,12,13,21,34,4,14,1,25,68,1.25,10.8,138.9,0.13,18.5,1,71.4,0.71,11.1,81.5,18.52,5.5,0,"2023-2024"
"EFE","FEN","33_9","Regular Season","Nathan  Sestina",11,5,1,1,100,1,1,100,0,1,0,0,0,0,0,1,0,0,0,3,1,3,"H","L",80,28,33,23,10,14,18,12,13,21,34,4,14,1,25,68,80,28,33,23,10,14,18,12,13,21,34,4,14,1,25,68,1.67,2.3,217.4,0.02,0,NA,125,0.5,3.8,102.5,0,2.1,0,"2023-2024"
"FEN","EFE","33_9","Regular Season","Shane  Larkin",31,15,2,4,50,3,8,37.5,2,2,100,3,1,4,5,2,4,0,0,1,4,18,"A","W",82,32,27,26,19,8,20,19,8,19,27,6,11,3,21,91,82,32,27,26,19,8,20,19,8,19,27,6,11,3,21,91,1.07,13.3,112.8,0.1,37.6,1.2,54.2,0.17,12.1,58.2,30.08,5.3,18.8,"2023-2024"
"FEN","EFE","33_9","Regular Season","Will  Clyburn",33,21,5,7,71.4,2,5,40,5,6,83.3,0,5,5,4,1,1,0,0,2,6,28,"A","W",82,32,27,26,19,8,20,19,8,19,27,6,11,3,21,91,82,32,27,26,19,8,20,19,8,19,27,6,11,3,21,91,1.17,15,140,0.18,26.7,4,66.7,0.5,18.5,71.7,6.67,4.7,0,"2023-2024"
"FEN","EFE","33_9","Regular Season","Tibor  Pleiss",17,5,1,1,100,1,1,100,0,0,NA,0,2,2,1,1,2,0,0,1,1,7,"A","W",82,32,27,26,19,8,20,19,8,19,27,6,11,3,21,91,82,32,27,26,19,8,20,19,8,19,27,6,11,3,21,91,2.5,3.8,131.6,0.05,26.3,0.5,125,0,4.3,125,52.63,2.3,0,"2023-2024"
"FEN","EFE","33_9","Regular Season","Justus  Hollatz",16,5,1,2,50,1,2,50,0,0,NA,1,1,2,1,0,0,0,0,2,0,4,"A","W",82,32,27,26,19,8,20,19,8,19,27,6,11,3,21,91,82,32,27,26,19,8,20,19,8,19,27,6,11,3,21,91,1.25,2.9,172.4,0.03,34.5,Inf,62.5,0,3.9,62.5,0,2.5,6.2,"2023-2024"
"FEN","EFE","33_9","Regular Season","Ercan  Osmani",20,4,1,3,33.3,0,2,0,2,2,100,0,1,1,1,0,0,0,0,1,2,3,"A","W",82,32,27,26,19,8,20,19,8,19,27,6,11,3,21,91,82,32,27,26,19,8,20,19,8,19,27,6,11,3,21,91,0.57,5.6,71.4,0.01,17.9,Inf,20,0.4,1.5,34,0,2.9,0,"2023-2024"
"FEN","EFE","33_9","Regular Season","Rodrigue  Beaubois",21,10,3,4,75,1,3,33.3,1,1,100,1,2,3,4,1,1,0,0,3,0,11,"A","W",82,32,27,26,19,8,20,19,8,19,27,6,11,3,21,91,82,32,27,26,19,8,20,19,8,19,27,6,11,3,21,91,1.25,7.1,140.8,0.09,56.3,4,64.3,0.14,9.6,67.2,14.08,3.9,6.2,"2023-2024"
"FEN","EFE","33_9","Regular Season","Elijah  Bryant",19,7,1,3,33.3,0,2,0,5,6,83.3,0,3,3,1,0,1,0,1,2,5,7,"A","W",82,32,27,26,19,8,20,19,8,19,27,6,11,3,21,91,82,32,27,26,19,8,20,19,8,19,27,6,11,3,21,91,0.64,8.3,84.3,0.02,12,1,20,1.2,3.3,45.8,12.05,4.5,0,"2023-2024"
"FEN","EFE","33_9","Regular Season","Darius  Thompson",10,3,1,3,33.3,0,2,0,1,2,50,1,1,2,0,1,2,1,0,1,2,1,"A","W",82,32,27,26,19,8,20,19,8,19,27,6,11,3,21,91,82,32,27,26,19,8,20,19,8,19,27,6,11,3,21,91,0.43,6.6,45.5,-0.02,0,0,20,0.4,-0.2,25.5,30.3,7.7,6.2,"2023-2024"
"FEN","EFE","33_9","Regular Season","Daniel  Oturu",13,9,3,4,75,0,0,NA,3,5,60,2,1,3,1,0,0,2,0,4,3,11,"A","W",82,32,27,26,19,8,20,19,8,19,27,6,11,3,21,91,82,32,27,26,19,8,20,19,8,19,27,6,11,3,21,91,1,4,225,0.05,25,Inf,75,1.25,8.8,72.6,0,4.7,12.5,"2023-2024"
"FEN","EFE","33_9","Regular Season","Derek  Willis",8,2,1,1,100,0,2,0,0,0,NA,0,1,1,0,0,0,0,0,1,0,0,"A","W",82,32,27,26,19,8,20,19,8,19,27,6,11,3,21,91,82,32,27,26,19,8,20,19,8,19,27,6,11,3,21,91,0.67,2.9,69,0,0,NA,33.3,0,0.2,33.3,0,3.7,0,"2023-2024"
"FEN","EFE","33_9","Regular Season","Tyrique  Jones",10,1,0,0,NA,0,0,NA,1,2,50,0,1,1,1,0,0,0,0,3,2,1,"A","W",82,32,27,26,19,8,20,19,8,19,27,6,11,3,21,91,82,32,27,26,19,8,20,19,8,19,27,6,11,3,21,91,0.5,0.8,125,-0.01,125,Inf,NA,Inf,0.4,56.8,0,0.9,0,"2023-2024"
"CRV","EFE","34_1","Regular Season","Shane  Larkin",20,2,1,1,100,0,3,0,0,0,NA,0,0,0,7,0,0,0,0,0,1,7,"H","W",100,48,28,18,24,12,16,23,13,27,40,14,7,4,17,131,100,48,28,18,24,12,16,23,13,27,40,14,7,4,17,131,0.5,3.8,52.6,0.03,184.2,Inf,25,0,4.5,25,0,1.8,0,"2023-2024"
"CRV","EFE","34_1","Regular Season","Will  Clyburn",20,9,3,7,42.9,1,4,25,0,0,NA,2,1,3,2,2,2,0,1,1,2,7,"H","W",100,48,28,18,24,12,16,23,13,27,40,14,7,4,17,131,100,48,28,18,24,12,16,23,13,27,40,14,7,4,17,131,0.82,10.6,84.9,0.02,18.9,1,40.9,0,5.6,40.9,18.87,5.7,7.7,"2023-2024"
"CRV","EFE","34_1","Regular Season","Tibor  Pleiss",15,5,1,2,50,1,1,100,0,0,NA,1,2,3,0,2,0,0,0,1,0,8,"H","W",100,48,28,18,24,12,16,23,13,27,40,14,7,4,17,131,100,48,28,18,24,12,16,23,13,27,40,14,7,4,17,131,1.67,1.9,263.2,0.04,0,NA,83.3,0,6.6,83.3,0,1.8,3.8,"2023-2024"
"CRV","EFE","34_1","Regular Season","Justus  Hollatz",21,7,2,4,50,1,2,50,0,0,NA,1,5,6,0,1,2,1,0,3,1,8,"H","W",100,48,28,18,24,12,16,23,13,27,40,14,7,4,17,131,100,48,28,18,24,12,16,23,13,27,40,14,7,4,17,131,1.17,6.7,104.5,0.03,0,0,58.3,0,4.7,58.3,29.85,3.4,3.8,"2023-2024"
"CRV","EFE","34_1","Regular Season","Ercan  Osmani",22,12,3,5,60,2,4,50,0,0,NA,2,5,7,2,1,0,0,0,2,1,17,"H","W",100,48,28,18,24,12,16,23,13,27,40,14,7,4,17,131,100,48,28,18,24,12,16,23,13,27,40,14,7,4,17,131,1.33,6.7,179.1,0.07,29.9,Inf,66.7,0,12.2,66.7,0,3.6,7.7,"2023-2024"
"CRV","EFE","34_1","Regular Season","Rodrigue  Beaubois",12,4,0,2,0,0,1,0,4,4,100,1,2,3,1,3,1,0,0,0,1,8,"H","W",100,48,28,18,24,12,16,23,13,27,40,14,7,4,17,131,100,48,28,18,24,12,16,23,13,27,40,14,7,4,17,131,0.57,4.6,87,0.03,21.7,1,0,1.33,5.9,42,21.74,4.2,3.8,"2023-2024"
"CRV","EFE","34_1","Regular Season","Elijah  Bryant",21,26,7,11,63.6,3,6,50,3,3,100,1,1,2,2,0,0,1,0,3,3,24,"H","W",100,48,28,18,24,12,16,23,13,27,40,14,7,4,17,131,100,48,28,18,24,12,16,23,13,27,40,14,7,4,17,131,1.3,16.6,156.6,0.09,12,Inf,67.6,0.18,20,71,0,7.7,3.8,"2023-2024"
"CRV","EFE","34_1","Regular Season","Darius  Thompson",16,4,2,5,40,0,2,0,0,0,NA,0,1,1,2,0,0,2,0,1,0,3,"H","W",100,48,28,18,24,12,16,23,13,27,40,14,7,4,17,131,100,48,28,18,24,12,16,23,13,27,40,14,7,4,17,131,0.57,6.7,59.7,0.01,29.9,Inf,28.6,0,2.6,28.6,0,3.8,0,"2023-2024"
"CRV","EFE","34_1","Regular Season","Daniel  Oturu",19,13,4,5,80,0,0,NA,5,5,100,2,4,6,1,2,0,0,0,1,4,24,"H","W",100,48,28,18,24,12,16,23,13,27,40,14,7,4,17,131,100,48,28,18,24,12,16,23,13,27,40,14,7,4,17,131,1.3,5,260,0.09,20,Inf,80,1,16,90.3,0,3.3,7.7,"2023-2024"
"CRV","EFE","34_1","Regular Season","Erkan  Yilmaz",8,3,0,0,NA,1,1,100,0,2,0,0,3,3,2,1,0,0,0,1,1,7,"H","W",100,48,28,18,24,12,16,23,13,27,40,14,7,4,17,131,100,48,28,18,24,12,16,23,13,27,40,14,7,4,17,131,1,1.8,166.7,0.03,111.1,Inf,150,2,4.8,79.8,0,2.1,0,"2023-2024"
"CRV","EFE","34_1","Regular Season","Derek  Willis",18,15,1,4,25,3,4,75,4,4,100,2,2,4,4,2,2,0,1,1,3,20,"H","W",100,48,28,18,24,12,16,23,13,27,40,14,7,4,17,131,100,48,28,18,24,12,16,23,13,27,40,14,7,4,17,131,1.25,9.4,159.6,0.08,42.6,2,68.8,0.5,15.4,76.8,21.28,5.7,7.7,"2023-2024"
"CRV","EFE","34_1","Regular Season","Tyrique  Jones",6,0,0,2,0,0,0,NA,0,0,NA,1,1,2,0,0,0,0,1,3,2,-2,"H","W",100,48,28,18,24,12,16,23,13,27,40,14,7,4,17,131,100,48,28,18,24,12,16,23,13,27,40,14,7,4,17,131,0,1,0,-0.02,0,NA,0,0,-1.6,0,0,2.9,3.8,"2023-2024"
"EFE","CRV","34_1","Regular Season","Adam  Hanga",18,6,0,0,NA,1,1,100,3,6,50,0,1,1,1,0,5,0,0,3,3,0,"A","L",55,36,23,13,19,3,8,13,9,25,34,2,22,3,21,35,55,36,23,13,19,3,8,13,9,25,34,2,22,3,21,35,0.86,8.3,72.3,-0.09,12,0.2,150,6,-0.7,82.4,60.24,4.4,0,"2023-2024"
"EFE","CRV","34_1","Regular Season","Luka  Mitrovic",24,11,4,5,80,0,0,NA,3,4,75,1,5,6,2,0,1,0,0,0,4,20,"A","L",55,36,23,13,19,3,8,13,9,25,34,2,22,3,21,35,55,36,23,13,19,3,8,13,9,25,34,2,22,3,21,35,1.22,6.5,169.2,0.48,30.8,2,80,0.8,11.3,81.4,15.38,3,5.6,"2023-2024"
"EFE","CRV","34_1","Regular Season","Joel  Bolomboy",21,6,3,5,60,0,0,NA,0,0,NA,2,6,8,0,0,1,1,0,4,2,10,"A","L",55,36,23,13,19,3,8,13,9,25,34,2,22,3,21,35,55,36,23,13,19,3,8,13,9,25,34,2,22,3,21,35,1.2,3.8,157.9,0.2,0,0,60,0,5,60,26.32,2.6,11.1,"2023-2024"
"EFE","CRV","34_1","Regular Season","Nemanja  Nedovic",19,11,5,8,62.5,0,3,0,1,1,100,0,2,2,1,0,0,0,1,0,3,10,"A","L",55,36,23,13,19,3,8,13,9,25,34,2,22,3,21,35,55,36,23,13,19,3,8,13,9,25,34,2,22,3,21,35,0.92,11,100,0.25,9.1,Inf,45.5,0.09,6.6,48.1,0,5.6,0,"2023-2024"
"EFE","CRV","34_1","Regular Season","Rokas  Giedraitis",25,11,5,7,71.4,0,2,0,1,2,50,3,2,5,0,1,2,1,1,2,3,11,"A","L",55,36,23,13,19,3,8,13,9,25,34,2,22,3,21,35,55,36,23,13,19,3,8,13,9,25,34,2,22,3,21,35,1,8.5,129.4,0.22,0,0,55.6,0.22,7.9,55.7,23.53,4.4,16.7,"2023-2024"
"EFE","CRV","34_1","Regular Season","Javonte  Smart",10,2,1,4,25,0,5,0,0,0,NA,1,5,6,3,0,0,0,1,0,1,3,"A","L",55,36,23,13,19,3,8,13,9,25,34,2,22,3,21,35,55,36,23,13,19,3,8,13,9,25,34,2,22,3,21,35,0.22,7.7,26,0.08,39,Inf,11.1,0,0.4,11.1,0,8.3,5.6,"2023-2024"
"EFE","CRV","34_1","Regular Season","Milos  Teodosic",13,2,1,1,100,0,2,0,0,0,NA,0,0,0,4,0,6,0,0,5,0,-7,"A","L",55,36,23,13,19,3,8,13,9,25,34,2,22,3,21,35,55,36,23,13,19,3,8,13,9,25,34,2,22,3,21,35,0.67,8.6,23.3,-0.22,46.5,0.7,33.3,0,-4.9,33.3,69.77,6.4,0,"2023-2024"
"EFE","CRV","34_1","Regular Season","Trey  Thompkins",10,3,0,1,0,1,2,50,0,0,NA,1,0,1,0,0,0,0,0,2,0,0,"A","L",55,36,23,13,19,3,8,13,9,25,34,2,22,3,21,35,55,36,23,13,19,3,8,13,9,25,34,2,22,3,21,35,1,1.9,157.9,-0.02,0,NA,50,0,1.2,50,0,2.8,5.6,"2023-2024"
"EFE","CRV","34_1","Regular Season","Branko  Lazic",11,0,0,0,NA,0,3,0,0,0,NA,0,0,0,0,0,1,0,0,1,1,-4,"A","L",55,36,23,13,19,3,8,13,9,25,34,2,22,3,21,35,55,36,23,13,19,3,8,13,9,25,34,2,22,3,21,35,0,3.8,0,-0.16,0,0,0,0,-3.5,0,26.32,3.4,0,"2023-2024"
"EFE","CRV","34_1","Regular Season","Mike  Tobey",13,0,0,3,0,0,0,NA,0,0,NA,1,3,4,0,0,0,1,0,0,0,2,"A","L",55,36,23,13,19,3,8,13,9,25,34,2,22,3,21,35,55,36,23,13,19,3,8,13,9,25,34,2,22,3,21,35,0,1.9,0,0.03,0,NA,0,0,0.2,0,0,2.1,5.6,"2023-2024"
"EFE","CRV","34_1","Regular Season","Dalibor  Ilic",12,0,0,0,NA,0,1,0,0,0,NA,0,0,0,0,0,1,0,0,2,0,-4,"A","L",55,36,23,13,19,3,8,13,9,25,34,2,22,3,21,35,55,36,23,13,19,3,8,13,9,25,34,2,22,3,21,35,0,1.9,0,-0.12,0,0,0,0,-2.5,0,52.63,1.5,0,"2023-2024"
"EFE","CRV","34_1","Regular Season","Yago Mateus dos Santos",22,3,0,2,0,1,4,25,0,0,NA,0,1,1,2,1,5,0,1,2,0,-6,"A","L",55,36,23,13,19,3,8,13,9,25,34,2,22,3,21,35,55,36,23,13,19,3,8,13,9,25,34,2,22,3,21,35,0.5,10.6,28.3,-0.16,18.9,0.4,25,0,-3.9,25,47.17,4.6,0,"2023-2024"
"MAC","MIL","34_2","Regular Season","Stefano  Tonut",19,7,2,2,100,1,1,100,0,0,NA,0,0,0,1,1,1,0,0,1,0,7,"A","L",86,33,37,16,20,11,13,14,9,22,31,12,17,2,16,87,86,33,37,16,20,11,13,14,9,22,31,12,17,2,16,87,2.33,3.8,184.2,0.05,26.3,1,116.7,0,6.4,116.7,26.32,1.8,0,"2023-2024"
"MAC","MIL","34_2","Regular Season","Nicolo  Melli",13,5,1,3,33.3,1,3,33.3,0,0,NA,0,1,1,0,1,0,0,0,3,1,1,"A","L",86,33,37,16,20,11,13,14,9,22,31,12,17,2,16,87,86,33,37,16,20,11,13,14,9,22,31,12,17,2,16,87,0.83,5.8,86.2,0,0,NA,41.7,0,1.7,41.7,0,3.9,0,"2023-2024"
"MAC","MIL","34_2","Regular Season","Shabazz  Napier",25,11,4,4,100,1,4,25,0,0,NA,0,1,1,7,3,4,0,0,0,0,15,"A","L",86,33,37,16,20,11,13,14,9,22,31,12,17,2,16,87,86,33,37,16,20,11,13,14,9,22,31,12,17,2,16,87,1.38,11.5,95.7,0.12,60.9,1.8,68.8,0,11.6,68.8,34.78,4.1,0,"2023-2024"
"MAC","MIL","34_2","Regular Season","Shavon  Shields",24,12,3,4,75,2,10,20,0,0,NA,0,1,1,1,2,2,0,0,1,0,4,"A","L",86,33,37,16,20,11,13,14,9,22,31,12,17,2,16,87,86,33,37,16,20,11,13,14,9,22,31,12,17,2,16,87,0.86,15.4,77.9,0.03,6.5,0.5,42.9,0,4.8,42.9,12.99,5.7,0,"2023-2024"
"MAC","MIL","34_2","Regular Season","Nikola  Mirotic",22,10,1,2,50,1,5,20,5,6,83.3,1,3,4,0,0,1,0,0,2,4,9,"A","L",86,33,37,16,20,11,13,14,9,22,31,12,17,2,16,87,86,33,37,16,20,11,13,14,9,22,31,12,17,2,16,87,0.77,9.3,107.5,0.03,0,0,35.7,0.86,5.3,51.9,10.75,4.1,5.6,"2023-2024"
"MAC","MIL","34_2","Regular Season","Maodo  Lo",15,13,1,1,100,3,3,100,2,2,100,0,2,2,1,0,2,0,0,2,4,16,"A","L",86,33,37,16,20,11,13,14,9,22,31,12,17,2,16,87,86,33,37,16,20,11,13,14,9,22,31,12,17,2,16,87,2.17,6.6,197,0.09,15.2,0.5,137.5,0.5,10.3,133.2,30.3,3.9,0,"2023-2024"
"MAC","MIL","34_2","Regular Season","Alex  Poythress",21,11,4,9,44.4,0,0,NA,3,4,75,4,5,9,0,1,1,0,0,2,4,16,"A","L",86,33,37,16,20,11,13,14,9,22,31,12,17,2,16,87,86,33,37,16,20,11,13,14,9,22,31,12,17,2,16,87,0.85,7.4,148.6,0.08,0,0,44.4,0.44,9.4,51.1,13.51,4.8,22.2,"2023-2024"
"MAC","MIL","34_2","Regular Season","Giordano  Bortolani",13,5,0,2,0,1,3,33.3,2,2,100,1,1,2,0,1,1,0,0,0,2,5,"A","L",86,33,37,16,20,11,13,14,9,22,31,12,17,2,16,87,86,33,37,16,20,11,13,14,9,22,31,12,17,2,16,87,0.71,5.6,89.3,0.02,0,0,30,0.4,2.9,42.5,17.86,4.5,5.6,"2023-2024"
"MAC","MIL","34_2","Regular Season","Giampaolo  Ricci",13,5,1,2,50,1,4,25,0,0,NA,2,1,3,1,2,0,0,0,3,0,4,"A","L",86,33,37,16,20,11,13,14,9,22,31,12,17,2,16,87,86,33,37,16,20,11,13,14,9,22,31,12,17,2,16,87,0.83,3.8,131.6,0.02,26.3,Inf,41.7,0,4.8,41.7,0,3.9,11.1,"2023-2024"
"MAC","MIL","34_2","Regular Season","Diego  Flaccadori",3,0,0,1,0,0,0,NA,0,0,NA,0,1,1,0,0,1,0,0,0,1,0,"A","L",86,33,37,16,20,11,13,14,9,22,31,12,17,2,16,87,86,33,37,16,20,11,13,14,9,22,31,12,17,2,16,87,0,1.9,0,-0.01,0,0,0,0,-1.4,0,52.63,5.7,0,"2023-2024"
"MAC","MIL","34_2","Regular Season","Kyle  Hines",14,0,0,0,NA,0,0,NA,0,0,NA,0,3,3,1,0,2,0,0,2,0,0,"A","L",86,33,37,16,20,11,13,14,9,22,31,12,17,2,16,87,86,33,37,16,20,11,13,14,9,22,31,12,17,2,16,87,NA,1.9,0,0,52.6,0.5,NA,NA,-1.2,NA,105.26,1.2,0,"2023-2024"
"MAC","MIL","34_2","Regular Season","Johannes  Voigtmann",17,7,3,3,100,0,4,0,1,2,50,1,3,4,2,1,2,2,0,0,1,10,"A","L",86,33,37,16,20,11,13,14,9,22,31,12,17,2,16,87,86,33,37,16,20,11,13,14,9,22,31,12,17,2,16,87,0.78,8.5,82.4,0.06,23.5,1,42.9,0.29,6.3,44.4,23.53,4.9,5.6,"2023-2024"
"MIL","MAC","34_2","Regular Season","Lorenzo  Brown",23,10,5,9,55.6,0,2,0,0,0,NA,1,3,4,4,2,3,0,0,4,0,7,"H","W",92,49,20,18,28,7,15,23,11,27,38,7,17,0,17,102,92,49,20,18,28,7,15,23,11,27,38,7,17,0,17,102,0.91,12.5,80,0.04,32,1.3,45.5,0,6.1,45.5,24,5.2,4.5,"2023-2024"
"MIL","MAC","34_2","Regular Season","Wade  Baldwin IV",26,18,2,8,25,2,4,50,8,8,100,0,4,4,4,0,5,0,1,1,5,16,"H","W",92,49,20,18,28,7,15,23,11,27,38,7,17,0,17,102,92,49,20,18,28,7,15,23,11,27,38,7,17,0,17,102,0.9,19.7,91.4,0.07,20.3,0.8,41.7,0.67,9.8,58,25.38,6.7,0,"2023-2024"
"MIL","MAC","34_2","Regular Season","Jake  Cohen",11,4,2,2,100,0,1,0,0,0,NA,0,1,1,1,1,0,0,0,0,1,7,"H","W",92,49,20,18,28,7,15,23,11,27,38,7,17,0,17,102,92,49,20,18,28,7,15,23,11,27,38,7,17,0,17,102,1.33,2.9,137.9,0.04,34.5,Inf,66.7,0,4.7,66.7,0,2.3,0,"2023-2024"
"MIL","MAC","34_2","Regular Season","Josh  Nebo",19,14,6,7,85.7,0,0,NA,2,2,100,5,4,9,0,0,0,0,0,1,1,22,"H","W",92,49,20,18,28,7,15,23,11,27,38,7,17,0,17,102,92,49,20,18,28,7,15,23,11,27,38,7,17,0,17,102,1.56,2.8,500,0.11,0,NA,85.7,0.29,15.8,88.8,0,3.5,22.7,"2023-2024"
"MIL","MAC","34_2","Regular Season","Bonzie  Colson",20,7,2,3,66.7,1,2,50,0,0,NA,0,4,4,0,1,2,0,0,3,0,5,"H","W",92,49,20,18,28,7,15,23,11,27,38,7,17,0,17,102,92,49,20,18,28,7,15,23,11,27,38,7,17,0,17,102,1.4,6.7,104.5,0.03,0,0,70,0,3.7,70,29.85,3,0,"2023-2024"
"MIL","MAC","34_2","Regular Season","Antonius  Cleveland",9,3,1,2,50,0,0,NA,1,4,25,1,2,3,0,0,0,0,0,2,2,2,"H","W",92,49,20,18,28,7,15,23,11,27,38,7,17,0,17,102,92,49,20,18,28,7,15,23,11,27,38,7,17,0,17,102,0.5,2.6,115.4,0,0,NA,50,2,1.3,39.9,0,3.6,4.5,"2023-2024"
"MIL","MAC","34_2","Regular Season","James  Webb III",15,5,0,2,0,1,3,33.3,2,2,100,0,0,0,0,1,0,0,0,0,1,3,"H","W",92,49,20,18,28,7,15,23,11,27,38,7,17,0,17,102,92,49,20,18,28,7,15,23,11,27,38,7,17,0,17,102,0.71,5.6,89.3,0.01,0,NA,30,0.4,2.9,42.5,0,3.3,0,"2023-2024"
"MIL","MAC","34_2","Regular Season","Rafael  Menco",13,7,2,2,100,1,1,100,0,0,NA,1,3,4,0,0,0,0,0,1,1,11,"H","W",92,49,20,18,28,7,15,23,11,27,38,7,17,0,17,102,92,49,20,18,28,7,15,23,11,27,38,7,17,0,17,102,2.33,1.9,368.4,0.06,0,NA,116.7,0,7.3,116.7,0,2,4.5,"2023-2024"
"MIL","MAC","34_2","Regular Season","Roman  Sorkin",16,13,5,8,62.5,1,1,100,0,0,NA,1,0,1,0,0,2,0,0,0,0,9,"H","W",92,49,20,18,28,7,15,23,11,27,38,7,17,0,17,102,92,49,20,18,28,7,15,23,11,27,38,7,17,0,17,102,1.44,9.6,135.4,0.05,0,0,72.2,0,7.8,72.2,20.83,5.9,4.5,"2023-2024"
"MIL","MAC","34_2","Regular Season","Jasiel  Rivero",16,5,2,4,50,0,0,NA,1,1,100,2,2,4,2,0,1,0,1,2,3,8,"H","W",92,49,20,18,28,7,15,23,11,27,38,7,17,0,17,102,92,49,20,18,28,7,15,23,11,27,38,7,17,0,17,102,1,3.3,151.5,0.03,60.6,2,50,0.25,4.6,56.3,30.3,2.9,9.1,"2023-2024"
"MIL","MAC","34_2","Regular Season","Joe  Thomasson",13,2,1,2,50,0,2,0,0,0,NA,0,3,3,3,1,1,0,0,2,0,3,"H","W",92,49,20,18,28,7,15,23,11,27,38,7,17,0,17,102,92,49,20,18,28,7,15,23,11,27,38,7,17,0,17,102,0.5,4.8,41.7,0.02,62.5,3,25,0,1.8,25,20.83,3.3,0,"2023-2024"
"MIL","MAC","34_2","Regular Season","Tamir  Blatt",18,4,0,0,NA,1,4,25,1,1,100,0,1,1,9,1,3,0,0,1,1,9,"H","W",92,49,20,18,28,7,15,23,11,27,38,7,17,0,17,102,92,49,20,18,28,7,15,23,11,27,38,7,17,0,17,102,0.8,7.1,56.3,0.05,126.8,3,37.5,0.25,5.8,45,42.25,3.5,0,"2023-2024"
"ASM","BAY","34_3","Regular Season","Carsen  Edwards",32,26,3,5,60,6,8,75,2,2,100,1,2,3,3,0,1,0,0,4,2,25,"A","L",85,28,30,11,19,12,11,21,7,14,21,6,12,1,24,88,85,28,30,11,19,12,11,21,7,14,21,6,12,1,24,88,1.73,13.3,195.5,0.17,22.6,3,92.3,0.15,21.3,93.7,7.52,5,7.1,"2023-2024"
"ASM","BAY","34_3","Regular Season","Leandro  Bolmaro",18,4,2,3,66.7,0,2,0,0,0,NA,1,1,2,2,0,3,0,0,2,2,2,"A","L",85,28,30,11,19,12,11,21,7,14,21,6,12,1,24,88,85,28,30,11,19,12,11,21,7,14,21,6,12,1,24,88,0.8,6.7,59.7,0,29.9,0.7,40,0,-0.1,40,44.78,4.8,7.1,"2023-2024"
"ASM","BAY","34_3","Regular Season","Vladimir  Lucic",26,13,2,2,100,2,3,66.7,3,3,100,1,2,3,4,0,1,0,0,1,5,22,"A","L",85,28,30,11,19,12,11,21,7,14,21,6,12,1,24,88,85,28,30,11,19,12,11,21,7,14,21,6,12,1,24,88,1.62,6.1,213.1,0.12,65.6,4,100,0.6,13.8,102.8,16.39,3,7.1,"2023-2024"
"ASM","BAY","34_3","Regular Season","Danko   Brankovic",12,6,3,3,100,0,1,0,0,0,NA,0,1,1,2,0,0,0,0,2,0,6,"A","L",85,28,30,11,19,12,11,21,7,14,21,6,12,1,24,88,85,28,30,11,19,12,11,21,7,14,21,6,12,1,24,88,1.5,3.8,157.9,0.04,52.6,Inf,75,0,5.3,75,0,3.6,0,"2023-2024"
"ASM","BAY","34_3","Regular Season","Devin   Booker",25,6,3,5,60,0,2,0,0,0,NA,0,5,5,3,0,4,0,0,3,2,5,"A","L",85,28,30,11,19,12,11,21,7,14,21,6,12,1,24,88,85,28,30,11,19,12,11,21,7,14,21,6,12,1,24,88,0.86,10.6,56.6,0.02,28.3,0.8,42.9,0,0.7,42.9,37.74,4.7,0,"2023-2024"
"ASM","BAY","34_3","Regular Season","Nick  Weiler-Babb",19,0,0,0,NA,0,2,0,0,0,NA,0,0,0,1,0,1,0,0,2,1,-3,"A","L",85,28,30,11,19,12,11,21,7,14,21,6,12,1,24,88,85,28,30,11,19,12,11,21,7,14,21,6,12,1,24,88,0,2.9,0,-0.03,34.5,1,0,0,-2.5,0,34.48,1.7,0,"2023-2024"
"ASM","BAY","34_3","Regular Season","Sylvain  Francisco",20,17,4,5,80,3,5,60,0,0,NA,0,0,0,4,1,0,0,0,1,1,19,"A","L",85,28,30,11,19,12,11,21,7,14,21,6,12,1,24,88,85,28,30,11,19,12,11,21,7,14,21,6,12,1,24,88,1.7,9.6,177.1,0.13,41.7,Inf,85,0,16.2,85,0,5.3,0,"2023-2024"
"ASM","BAY","34_3","Regular Season","Niels  Giffey",8,0,0,1,0,0,1,0,0,0,NA,1,0,1,1,1,0,0,0,0,0,1,"A","L",85,28,30,11,19,12,11,21,7,14,21,6,12,1,24,88,85,28,30,11,19,12,11,21,7,14,21,6,12,1,24,88,0,1,0,0,100,Inf,0,0,1,0,0,2.7,7.1,"2023-2024"
"ASM","BAY","34_3","Regular Season","Dino  Radoncic",3,0,0,0,NA,0,0,NA,0,0,NA,1,0,1,0,0,2,0,0,1,0,-2,"A","L",85,28,30,11,19,12,11,21,7,14,21,6,12,1,24,88,85,28,30,11,19,12,11,21,7,14,21,6,12,1,24,88,NA,1,0,-0.02,0,0,NA,NA,-1.7,NA,200,7.1,7.1,"2023-2024"
"ASM","BAY","34_3","Regular Season","Isaac  Bonga",21,11,2,4,50,1,5,20,4,4,100,2,2,4,0,3,0,0,0,5,3,10,"A","L",85,28,30,11,19,12,11,21,7,14,21,6,12,1,24,88,85,28,30,11,19,12,11,21,7,14,21,6,12,1,24,88,0.85,8.4,131,0.04,0,NA,38.9,0.44,8.9,51.1,0,5.5,14.3,"2023-2024"
"ASM","BAY","34_3","Regular Season","Jan Niklas  Wimberg",14,2,0,0,NA,0,1,0,2,2,100,0,1,1,1,1,0,1,0,3,1,3,"A","L",85,28,30,11,19,12,11,21,7,14,21,6,12,1,24,88,85,28,30,11,19,12,11,21,7,14,21,6,12,1,24,88,0.67,1.8,111.1,0.01,55.6,Inf,0,2,2.8,53.2,0,1.4,0,"2023-2024"
"BAY","ASM","34_3","Regular Season","John  Brown III",20,3,1,4,25,0,0,NA,1,2,50,0,0,0,2,0,0,0,0,2,3,2,"H","W",89,33,18,22,26,7,16,20,4,17,21,6,11,0,17,107,89,33,18,22,26,7,16,20,4,17,21,6,11,0,17,107,0.5,4.7,63.8,-0.01,42.6,Inf,25,0.5,0.8,30.7,0,2.7,0,"2023-2024"
"BAY","ASM","34_3","Regular Season","Alpha  Diallo",26,20,7,7,100,2,4,50,0,0,NA,1,4,5,1,1,1,0,0,3,2,23,"H","W",89,33,18,22,26,7,16,20,4,17,21,6,11,0,17,107,89,33,18,22,26,7,16,20,4,17,21,6,11,0,17,107,1.82,10.6,188.7,0.12,9.4,1,90.9,0,17.3,90.9,9.43,5.2,12.5,"2023-2024"
"BAY","ASM","34_3","Regular Season","Donatas  Motiejunas",21,12,6,6,100,0,2,0,0,0,NA,0,4,4,0,0,1,0,0,1,2,14,"H","W",89,33,18,22,26,7,16,20,4,17,21,6,11,0,17,107,89,33,18,22,26,7,16,20,4,17,21,6,11,0,17,107,1.5,8.6,139.5,0.07,0,0,75,0,8.6,75,11.63,4.8,0,"2023-2024"
"BAY","ASM","34_3","Regular Season","Yakuba  Ouattara",12,2,1,1,100,0,0,NA,0,0,NA,0,0,0,0,0,0,0,0,0,0,2,"H","W",89,33,18,22,26,7,16,20,4,17,21,6,11,0,17,107,89,33,18,22,26,7,16,20,4,17,21,6,11,0,17,107,2,1,200,0.01,0,NA,100,0,1.7,100,0,0.9,0,"2023-2024"
"BAY","ASM","34_3","Regular Season","Mike  James",30,17,2,4,50,1,3,33.3,10,13,76.9,0,0,0,12,1,3,0,0,3,8,25,"H","W",89,33,18,22,26,7,16,20,4,17,21,6,11,0,17,107,89,33,18,22,26,7,16,20,4,17,21,6,11,0,17,107,0.85,15.1,112.6,0.1,79.5,4,50,1.86,17.3,66.8,19.87,5.8,0,"2023-2024"
"BAY","ASM","34_3","Regular Season","Elie  Okobo",16,14,3,3,100,2,2,100,2,3,66.7,1,2,3,0,0,4,0,0,2,3,13,"H","W",89,33,18,22,26,7,16,20,4,17,21,6,11,0,17,107,89,33,18,22,26,7,16,20,4,17,21,6,11,0,17,107,1.75,8.9,157.3,0.06,0,0,120,0.6,8.6,110.8,44.94,7.2,12.5,"2023-2024"
"BAY","ASM","34_3","Regular Season","Jordan  Loyd",25,11,2,4,50,2,5,40,1,2,50,0,1,1,5,3,1,0,1,1,3,14,"H","W",89,33,18,22,26,7,16,20,4,17,21,6,11,0,17,107,89,33,18,22,26,7,16,20,4,17,21,6,11,0,17,107,1,10.4,105.8,0.07,48.1,5,55.6,0.22,11.3,55.7,9.62,4.9,0,"2023-2024"
"BAY","ASM","34_3","Regular Season","Jaron  Blossomgame",19,4,2,2,100,0,1,0,0,0,NA,0,3,3,0,0,0,0,0,2,0,4,"H","W",89,33,18,22,26,7,16,20,4,17,21,6,11,0,17,107,89,33,18,22,26,7,16,20,4,17,21,6,11,0,17,107,1.33,2.9,137.9,0.02,0,NA,66.7,0,2.8,66.7,0,1.8,0,"2023-2024"
"BAY","ASM","34_3","Regular Season","Petr  Cornelie",8,0,0,0,NA,0,1,0,0,0,NA,1,1,2,0,1,1,0,0,0,0,1,"H","W",89,33,18,22,26,7,16,20,4,17,21,6,11,0,17,107,89,33,18,22,26,7,16,20,4,17,21,6,11,0,17,107,0,1,0,0,0,0,0,0,0.3,0,100,2.8,12.5,"2023-2024"
"BAY","ASM","34_3","Regular Season","Mouhammadou  Jaiteh",1,0,0,0,NA,0,0,NA,0,0,NA,0,0,0,0,0,0,0,0,0,0,0,"H","W",89,33,18,22,26,7,16,20,4,17,21,6,11,0,17,107,89,33,18,22,26,7,16,20,4,17,21,6,11,0,17,107,NA,0,NA,0,NA,NA,NA,NA,0,NA,NA,0,0,"2023-2024"
"BAY","ASM","34_3","Regular Season","Kemba  Walker",6,2,0,0,NA,0,0,NA,2,2,100,1,0,1,0,0,0,0,0,1,2,4,"H","W",89,33,18,22,26,7,16,20,4,17,21,6,11,0,17,107,89,33,18,22,26,7,16,20,4,17,21,6,11,0,17,107,1,-0.1,-2000,0.01,0,NA,NA,Inf,2.3,113.6,0,1.6,12.5,"2023-2024"
"BAY","ASM","34_3","Regular Season","Donta  Hall",15,4,2,2,100,0,0,NA,0,0,NA,0,2,2,0,0,0,0,0,2,1,5,"H","W",89,33,18,22,26,7,16,20,4,17,21,6,11,0,17,107,89,33,18,22,26,7,16,20,4,17,21,6,11,0,17,107,2,1.9,210.5,0.02,0,NA,100,0,3.2,100,0,1.5,0,"2023-2024"
"BER","PAN","34_4","Regular Season","Aleksander  Balcerowski",4,0,0,1,0,0,0,NA,0,0,NA,0,0,0,0,0,0,0,1,1,0,-3,"H","W",84,32,29,18,16,13,13,18,7,20,27,9,9,8,16,103,84,32,29,18,16,13,13,18,7,20,27,9,9,8,16,103,0,1,0,-0.01,0,NA,0,0,-1.1,0,0,2.6,0,"2023-2024"
"BER","PAN","34_4","Regular Season","Jerian  Grant",11,0,0,1,0,0,2,0,0,0,NA,0,0,0,0,1,0,0,0,0,0,-2,"H","W",84,32,29,18,16,13,13,18,7,20,27,9,9,8,16,103,84,32,29,18,16,13,13,18,7,20,27,9,9,8,16,103,0,2.9,0,-0.01,0,NA,0,0,-1.1,0,0,2.8,0,"2023-2024"
"BER","PAN","34_4","Regular Season","Kendrick  Nunn",31,28,6,9,66.7,5,8,62.5,1,2,50,0,3,3,4,2,4,0,1,3,3,25,"H","W",84,32,29,18,16,13,13,18,7,20,27,9,9,8,16,103,84,32,29,18,16,13,13,18,7,20,27,9,9,8,16,103,1.47,21,133.3,0.15,19,1,79.4,0.12,20.6,78.3,19.05,7.2,0,"2023-2024"
"BER","PAN","34_4","Regular Season","Marius  Grigonis",31,11,1,2,50,3,7,42.9,0,0,NA,0,1,1,1,1,1,0,0,3,2,7,"H","W",84,32,29,18,16,13,13,18,7,20,27,9,9,8,16,103,84,32,29,18,16,13,13,18,7,20,27,9,9,8,16,103,1.22,9.6,114.6,0.03,10.4,1,61.1,0,6.1,61.1,10.42,3.3,0,"2023-2024"
"BER","PAN","34_4","Regular Season","Konstantinos  Mitoglou",18,4,1,6,16.7,0,2,0,2,2,100,2,3,5,1,1,0,1,0,0,1,6,"H","W",84,32,29,18,16,13,13,18,7,20,27,9,9,8,16,103,84,32,29,18,16,13,13,18,7,20,27,9,9,8,16,103,0.4,6.6,60.6,0.02,15.2,Inf,12.5,0.25,3.5,22.5,0,5.1,14.3,"2023-2024"
"BER","PAN","34_4","Regular Season","Panagiotis  Kalaitzakis",2,0,0,0,NA,0,0,NA,0,0,NA,0,0,0,0,0,0,0,0,0,0,0,"H","W",84,32,29,18,16,13,13,18,7,20,27,9,9,8,16,103,84,32,29,18,16,13,13,18,7,20,27,9,9,8,16,103,NA,0,NA,0,NA,NA,NA,NA,0,NA,NA,0,0,"2023-2024"
"BER","PAN","34_4","Regular Season","Luca  Vildoza",10,3,0,1,0,1,2,50,0,0,NA,1,0,1,2,0,0,0,0,1,0,3,"H","W",84,32,29,18,16,13,13,18,7,20,27,9,9,8,16,103,84,32,29,18,16,13,13,18,7,20,27,9,9,8,16,103,1,1.9,157.9,0.02,105.3,Inf,50,0,3,50,0,3.1,7.1,"2023-2024"
"BER","PAN","34_4","Regular Season","Kostas  Sloukas",30,16,2,3,66.7,3,3,100,3,4,75,1,3,4,7,1,2,0,0,1,4,27,"H","W",84,32,29,18,16,13,13,18,7,20,27,9,9,8,16,103,84,32,29,18,16,13,13,18,7,20,27,9,9,8,16,103,1.6,8.4,190.5,0.15,83.3,3.5,108.3,0.67,18.5,103.1,23.81,3.3,7.1,"2023-2024"
"BER","PAN","34_4","Regular Season","Ioannis  Papapetrou",5,0,0,1,0,0,1,0,0,0,NA,0,1,1,0,0,0,0,0,0,1,0,"H","W",84,32,29,18,16,13,13,18,7,20,27,9,9,8,16,103,84,32,29,18,16,13,13,18,7,20,27,9,9,8,16,103,0,1.9,0,-0.01,0,NA,0,0,-1.1,0,0,4.1,0,"2023-2024"
"BER","PAN","34_4","Regular Season","Mathias  Lessort",24,8,3,3,100,0,0,NA,2,3,66.7,0,1,1,3,1,1,2,0,1,5,17,"H","W",84,32,29,18,16,13,13,18,7,20,27,9,9,8,16,103,84,32,29,18,16,13,13,18,7,20,27,9,9,8,16,103,1.33,5.1,156.9,0.07,58.8,3,100,1,10.1,92.6,19.61,2.3,0,"2023-2024"
"BER","PAN","34_4","Regular Season","Kostas  Antetokounmpo",12,9,3,5,60,0,0,NA,3,3,100,2,1,3,0,0,0,4,0,3,2,13,"H","W",84,32,29,18,16,13,13,18,7,20,27,9,9,8,16,103,84,32,29,18,16,13,13,18,7,20,27,9,9,8,16,103,1.12,4.1,219.5,0.05,0,NA,60,0.6,10,71.2,0,5.4,14.3,"2023-2024"
"BER","PAN","34_4","Regular Season","Juan  Hernangomez",21,5,0,0,NA,1,4,25,2,4,50,1,7,8,0,2,1,1,0,3,3,10,"H","W",84,32,29,18,16,13,13,18,7,20,27,9,9,8,16,103,84,32,29,18,16,13,13,18,7,20,27,9,9,8,16,103,0.62,5.5,90.9,0.04,0,0,37.5,1,5.1,43.4,18.18,3.3,7.1,"2023-2024"
"PAN","BER","34_4","Regular Season","Martin  Hermannsson",13,9,2,4,50,0,0,NA,5,5,100,0,2,2,3,1,1,0,0,0,2,14,"A","L",75,42,21,10,20,9,8,19,8,25,33,2,14,2,21,68,75,42,21,10,20,9,8,19,8,25,33,2,14,2,21,68,1,6.9,130.4,0.11,43.5,3,50,1.25,9.7,72.6,14.49,5.4,0,"2023-2024"
"PAN","BER","34_4","Regular Season","Sterling  Brown",28,12,2,5,40,2,6,33.3,2,2,100,1,1,2,2,0,3,0,2,3,2,3,"A","L",75,42,21,10,20,9,8,19,8,25,33,2,14,2,21,68,75,42,21,10,20,9,8,19,8,25,33,2,14,2,21,68,0.92,13.3,90.2,0.02,15,0.7,45.5,0.18,4.1,50.5,22.56,5.2,6.2,"2023-2024"
"PAN","BER","34_4","Regular Season","Tim  Schneider",20,2,1,3,33.3,0,2,0,0,0,NA,1,1,2,1,0,1,0,0,1,0,-1,"A","L",75,42,21,10,20,9,8,19,8,25,33,2,14,2,21,68,75,42,21,10,20,9,8,19,8,25,33,2,14,2,21,68,0.4,4.8,41.7,-0.01,20.8,1,20,0,-0.8,20,20.83,2.9,6.2,"2023-2024"
"PAN","BER","34_4","Regular Season","Matt  Thomas",26,8,1,4,25,2,4,50,0,0,NA,0,1,1,1,0,2,0,1,1,0,1,"A","L",75,42,21,10,20,9,8,19,8,25,33,2,14,2,21,68,75,42,21,10,20,9,8,19,8,25,33,2,14,2,21,68,1,9.6,83.3,0.02,10.4,0.5,50,0,2.2,50,20.83,3.8,0,"2023-2024"
"PAN","BER","34_4","Regular Season","Christ  Koumadje",22,13,6,11,54.5,0,0,NA,1,3,33.3,2,5,7,1,0,0,1,2,2,2,13,"A","L",75,42,21,10,20,9,8,19,8,25,33,2,14,2,21,68,75,42,21,10,20,9,8,19,8,25,33,2,14,2,21,68,0.93,9.9,131.3,0.1,10.1,Inf,54.5,0.27,10.4,52.8,0,5.5,12.5,"2023-2024"
"PAN","BER","34_4","Regular Season","Ziga  Samar",20,12,3,4,75,2,3,66.7,0,0,NA,0,3,3,3,1,3,0,1,2,4,15,"A","L",75,42,21,10,20,9,8,19,8,25,33,2,14,2,21,68,75,42,21,10,20,9,8,19,8,25,33,2,14,2,21,68,1.71,9.6,125,0.11,31.2,1,85.7,0,9.3,85.7,31.25,4.9,0,"2023-2024"
"PAN","BER","34_4","Regular Season","Yannick  Wetzell",15,4,2,3,66.7,0,0,NA,0,0,NA,0,1,1,1,0,1,0,0,2,0,2,"A","L",75,42,21,10,20,9,8,19,8,25,33,2,14,2,21,68,75,42,21,10,20,9,8,19,8,25,33,2,14,2,21,68,1.33,3.8,105.3,0.02,26.3,1,66.7,0,1.9,66.7,26.32,2.6,0,"2023-2024"
"PAN","BER","34_4","Regular Season","Malte  Delow",14,8,1,2,50,2,3,66.7,0,0,NA,1,1,2,1,0,0,0,0,4,2,7,"A","L",75,42,21,10,20,9,8,19,8,25,33,2,14,2,21,68,75,42,21,10,20,9,8,19,8,25,33,2,14,2,21,68,1.6,3.8,210.5,0.04,26.3,Inf,80,0,5.8,80,0,3.5,6.2,"2023-2024"
"PAN","BER","34_4","Regular Season","Kresimir  Nikic",3,0,0,1,0,0,0,NA,0,0,NA,0,1,1,0,0,0,0,0,2,2,0,"A","L",75,42,21,10,20,9,8,19,8,25,33,2,14,2,21,68,75,42,21,10,20,9,8,19,8,25,33,2,14,2,21,68,0,1,0,-0.02,0,NA,0,0,-1.2,0,0,3.3,0,"2023-2024"
"PAN","BER","34_4","Regular Season","Louis  Olinde",17,4,2,3,66.7,0,2,0,0,0,NA,0,4,4,3,0,1,0,1,1,1,6,"A","L",75,42,21,10,20,9,8,19,8,25,33,2,14,2,21,68,75,42,21,10,20,9,8,19,8,25,33,2,14,2,21,68,0.8,5.8,69,0.05,51.7,3,40,0,3.2,40,17.24,3.5,0,"2023-2024"
"PAN","BER","34_4","Regular Season","Elias  Rapieque",3,3,0,0,NA,1,1,100,0,0,NA,1,0,1,1,0,1,0,0,1,1,4,"A","L",75,42,21,10,20,9,8,19,8,25,33,2,14,2,21,68,75,42,21,10,20,9,8,19,8,25,33,2,14,2,21,68,3,1,300,0.02,100,1,150,0,2.7,150,100,6.6,6.2,"2023-2024"
"PAN","BER","34_4","Regular Season","Justin  Bean",17,0,0,2,0,0,0,NA,0,0,NA,2,5,7,2,0,1,1,1,2,0,4,"A","L",75,42,21,10,20,9,8,19,8,25,33,2,14,2,21,68,75,42,21,10,20,9,8,19,8,25,33,2,14,2,21,68,0,1,0,0.03,200,2,0,0,1.8,0,100,1.7,12.5,"2023-2024"
"RMB","ZAL","34_5","Regular Season","Keenan  Evans",29,14,3,6,50,2,8,25,2,2,100,0,4,4,5,1,0,0,1,2,4,16,"H","L",62,32,35,2,15,10,2,14,8,18,26,11,8,1,16,58,62,32,35,2,15,10,2,14,8,18,26,11,8,1,16,58,0.88,14.3,97.9,0.15,35,Inf,42.9,0.14,11.1,47,0,5.4,0,"2023-2024"
"RMB","ZAL","34_5","Regular Season","Dovydas  Giedraitis",27,10,2,5,40,2,4,50,0,0,NA,1,1,2,2,1,1,0,0,3,0,6,"H","L",62,32,35,2,15,10,2,14,8,18,26,11,8,1,16,58,62,32,35,2,15,10,2,14,8,18,26,11,8,1,16,58,1.11,8.6,116.3,0.06,23.3,2,55.6,0,6.5,55.6,11.63,3.9,6.2,"2023-2024"
"RMB","ZAL","34_5","Regular Season","Laurynas  Birutis",12,6,3,5,60,0,0,NA,0,0,NA,1,0,1,0,1,1,0,0,1,1,5,"H","L",62,32,35,2,15,10,2,14,8,18,26,11,8,1,16,58,62,32,35,2,15,10,2,14,8,18,26,11,8,1,16,58,1.2,4.8,125,0.04,0,0,60,0,4,60,20.83,5.3,6.2,"2023-2024"
"RMB","ZAL","34_5","Regular Season","Brady   Manek",23,14,1,3,33.3,4,9,44.4,0,0,NA,2,5,7,0,3,0,0,0,3,0,14,"H","L",62,32,35,2,15,10,2,14,8,18,26,11,8,1,16,58,62,32,35,2,15,10,2,14,8,18,26,11,8,1,16,58,1.17,9.6,145.8,0.15,0,NA,58.3,0,12.3,58.3,0,5.5,12.5,"2023-2024"
"RMB","ZAL","34_5","Regular Season","Edgaras  Ulanovas",34,0,0,2,0,0,4,0,0,0,NA,1,2,3,6,2,1,0,1,1,2,4,"H","L",62,32,35,2,15,10,2,14,8,18,26,11,8,1,16,58,62,32,35,2,15,10,2,14,8,18,26,11,8,1,16,58,0,5.8,0,0.03,103.4,6,0,0,1.9,0,17.24,2.2,6.2,"2023-2024"
"RMB","ZAL","34_5","Regular Season","Lukas  Lekavicius",10,2,1,1,100,0,1,0,0,0,NA,0,1,1,0,0,1,0,0,0,2,3,"H","L",62,32,35,2,15,10,2,14,8,18,26,11,8,1,16,58,62,32,35,2,15,10,2,14,8,18,26,11,8,1,16,58,1,2.9,69,0.01,0,0,50,0,0.3,50,34.48,3.2,0,"2023-2024"
"RMB","ZAL","34_5","Regular Season","Kevarrius  Hayes",20,5,1,5,20,1,1,100,0,0,NA,1,2,3,0,1,1,1,0,0,2,7,"H","L",62,32,35,2,15,10,2,14,8,18,26,11,8,1,16,58,62,32,35,2,15,10,2,14,8,18,26,11,8,1,16,58,0.83,5.8,86.2,0.05,0,0,41.7,0,3.6,41.7,17.24,3.7,6.2,"2023-2024"
"RMB","ZAL","34_5","Regular Season","Rolands  Smits",17,3,0,0,NA,1,5,20,0,0,NA,0,1,1,0,1,0,0,0,3,2,0,"H","L",62,32,35,2,15,10,2,14,8,18,26,11,8,1,16,58,62,32,35,2,15,10,2,14,8,18,26,11,8,1,16,58,0.6,4.8,62.5,-0.02,0,NA,30,0,0,30,0,3.1,0,"2023-2024"
"RMB","ZAL","34_5","Regular Season","Edmond  Sumner",14,8,4,5,80,0,3,0,0,0,NA,1,1,2,1,1,3,0,1,2,0,2,"H","L",62,32,35,2,15,10,2,14,8,18,26,11,8,1,16,58,62,32,35,2,15,10,2,14,8,18,26,11,8,1,16,58,1,9.6,83.3,0.03,10.4,0.3,50,0,2.9,50,31.25,8.3,6.2,"2023-2024"
"RMB","ZAL","34_5","Regular Season","Dovydas  Butka",9,0,0,0,NA,0,0,NA,0,0,NA,1,1,2,0,0,0,0,0,0,0,2,"H","L",62,32,35,2,15,10,2,14,8,18,26,11,8,1,16,58,62,32,35,2,15,10,2,14,8,18,26,11,8,1,16,58,NA,-1,0,0.02,0,NA,NA,NA,1,NA,0,0,6.2,"2023-2024"
"RMB","ZAL","34_5","Regular Season","Danielius  Lavrinovicius",5,0,0,0,NA,0,0,NA,0,0,NA,0,0,0,0,0,0,0,0,1,0,-1,"H","L",62,32,35,2,15,10,2,14,8,18,26,11,8,1,16,58,62,32,35,2,15,10,2,14,8,18,26,11,8,1,16,58,NA,0,NA,-0.01,NA,NA,NA,NA,-0.4,NA,NA,0,0,"2023-2024"
"ZAL","RMB","34_5","Regular Season","Alberto   Abalde",15,2,1,2,50,0,1,0,0,0,NA,1,2,3,3,0,1,0,1,2,0,2,"A","W",64,32,26,8,15,9,7,15,11,31,42,1,16,3,13,76,64,32,26,8,15,9,7,15,11,31,42,1,16,3,13,76,0.67,2.9,69,0.02,103.4,3,33.3,0,1.9,33.3,34.48,2.8,4.5,"2023-2024"
"ZAL","RMB","34_5","Regular Season","Carlos  Alocen",20,3,0,2,0,1,4,25,0,0,NA,0,4,4,3,0,2,0,0,2,2,3,"A","W",64,32,26,8,15,9,7,15,11,31,42,1,16,3,13,76,64,32,26,8,15,9,7,15,11,31,42,1,16,3,13,76,0.5,7.7,39,0.01,39,1.5,25,0,-0.3,25,25.97,4.1,0,"2023-2024"
"ZAL","RMB","34_5","Regular Season","Gabriel  Deck",21,6,2,5,40,0,0,NA,2,2,100,0,4,4,0,0,1,0,0,1,2,7,"A","W",64,32,26,8,15,9,7,15,11,31,42,1,16,3,13,76,64,32,26,8,15,9,7,15,11,31,42,1,16,3,13,76,0.86,6.6,90.9,0.05,0,0,40,0.4,3.1,51,15.15,3.4,0,"2023-2024"
"ZAL","RMB","34_5","Regular Season","Walter  Tavares",21,8,3,5,60,0,0,NA,2,2,100,2,2,4,2,0,2,0,0,1,3,12,"A","W",64,32,26,8,15,9,7,15,11,31,42,1,16,3,13,76,64,32,26,8,15,9,7,15,11,31,42,1,16,3,13,76,1.14,5.6,142.9,0.07,35.7,1,60,0.4,6.7,68,35.71,3.9,9.1,"2023-2024"
"ZAL","RMB","34_5","Regular Season","Dzanan  Musa",23,17,3,5,60,3,6,50,2,2,100,2,5,7,0,0,1,1,0,2,2,19,"A","W",64,32,26,8,15,9,7,15,11,31,42,1,16,3,13,76,64,32,26,8,15,9,7,15,11,31,42,1,16,3,13,76,1.31,10.4,163.5,0.14,0,0,68.2,0.18,13.5,71.5,9.62,5.8,9.1,"2023-2024"
"ZAL","RMB","34_5","Regular Season","Fabien  Causeur",15,2,1,3,33.3,0,1,0,0,0,NA,0,2,2,1,0,1,0,0,1,2,2,"A","W",64,32,26,8,15,9,7,15,11,31,42,1,16,3,13,76,64,32,26,8,15,9,7,15,11,31,42,1,16,3,13,76,0.5,4.8,41.7,0,20.8,1,25,0,-0.5,25,20.83,3.4,0,"2023-2024"
"ZAL","RMB","34_5","Regular Season","Mario  Hezonja",25,16,2,6,33.3,4,7,57.1,0,0,NA,0,5,5,1,1,3,0,0,0,1,14,"A","W",64,32,26,8,15,9,7,15,11,31,42,1,16,3,13,76,64,32,26,8,15,9,7,15,11,31,42,1,16,3,13,76,1.23,15.4,103.9,0.12,6.5,0.3,61.5,0,9.5,61.5,19.48,6.6,0,"2023-2024"
"ZAL","RMB","34_5","Regular Season","Vincent  Poirier",19,6,3,4,75,0,0,NA,0,0,NA,4,3,7,1,0,1,2,0,1,0,13,"A","W",64,32,26,8,15,9,7,15,11,31,42,1,16,3,13,76,64,32,26,8,15,9,7,15,11,31,42,1,16,3,13,76,1.5,1,600,0.09,100,1,75,0,8.8,75,100,2.7,18.2,"2023-2024"
"ZAL","RMB","34_5","Regular Season","Sergio  Llull",22,3,0,0,NA,1,6,16.7,0,0,NA,0,3,3,4,0,2,0,0,1,1,3,"A","W",64,32,26,8,15,9,7,15,11,31,42,1,16,3,13,76,64,32,26,8,15,9,7,15,11,31,42,1,16,3,13,76,0.5,7.7,39,0.02,51.9,2,25,0,0.5,25,25.97,3.8,0,"2023-2024"
"ZAL","RMB","34_5","Regular Season","Guerschon  Yabusele",19,1,0,0,NA,0,1,0,1,2,50,2,1,3,0,0,2,0,0,2,3,1,"A","W",64,32,26,8,15,9,7,15,11,31,42,1,16,3,13,76,64,32,26,8,15,9,7,15,11,31,42,1,16,3,13,76,0.33,1.8,55.6,-0.03,0,0,0,2,-1.2,26.6,111.11,2.1,9.1,"2023-2024"
"FEN","OLY","34_6","Regular Season","Thomas  Walkup",31,2,0,1,0,0,1,0,2,2,100,0,2,2,6,3,2,0,0,1,3,11,"H","W",84,36,23,24,23,7,17,15,4,22,26,8,11,3,20,91,84,36,23,24,23,7,17,15,4,22,26,8,11,3,20,91,0.5,4.7,42.6,0.06,127.7,3,0,1,6,34.7,42.55,1.6,0,"2023-2024"
"FEN","OLY","34_6","Regular Season","Isaiah  Canaan",26,27,3,3,100,5,7,71.4,6,7,85.7,0,0,0,0,1,0,0,0,3,4,26,"H","W",84,36,23,24,23,7,17,15,4,22,26,8,11,3,20,91,84,36,23,24,23,7,17,15,4,22,26,8,11,3,20,91,1.59,12.6,214.3,0.17,0,NA,105,0.7,22.6,103.2,0,5,0,"2023-2024"
"FEN","OLY","34_6","Regular Season","Moustapha  Fall",31,6,3,3,100,0,0,NA,0,0,NA,0,6,6,1,0,2,3,0,2,3,15,"H","W",84,36,23,24,23,7,17,15,4,22,26,8,11,3,20,91,84,36,23,24,23,7,17,15,4,22,26,8,11,3,20,91,2,4.8,125,0.08,20.8,0.5,100,0,6.9,100,41.67,1.6,0,"2023-2024"
"FEN","OLY","34_6","Regular Season","Kostas  Papanikolaou",26,8,4,5,80,0,2,0,0,2,0,1,5,6,1,0,1,0,0,2,1,8,"H","W",84,36,23,24,23,7,17,15,4,22,26,8,11,3,20,91,84,36,23,24,23,7,17,15,4,22,26,8,11,3,20,91,0.89,7.6,105.3,0.05,13.2,1,57.1,0.29,5,50.8,13.16,3.4,12.5,"2023-2024"
"FEN","OLY","34_6","Regular Season","Alec  Peters",18,2,1,3,33.3,0,3,0,0,0,NA,0,4,4,2,0,3,0,0,1,1,0,"H","W",84,36,23,24,23,7,17,15,4,22,26,8,11,3,20,91,84,36,23,24,23,7,17,15,4,22,26,8,11,3,20,91,0.33,8.6,23.3,-0.01,23.3,0.7,16.7,0,-2.6,16.7,34.88,5,0,"2023-2024"
"FEN","OLY","34_6","Regular Season","Nigel  Williams-Goss",21,6,1,5,20,1,4,25,1,2,50,1,0,1,1,0,2,0,0,3,1,-4,"H","W",84,36,23,24,23,7,17,15,4,22,26,8,11,3,20,91,84,36,23,24,23,7,17,15,4,22,26,8,11,3,20,91,0.55,10.4,57.7,-0.04,9.6,0.5,27.8,0.22,-1.7,30.4,19.23,5.6,12.5,"2023-2024"
"FEN","OLY","34_6","Regular Season","Moses  Wright",9,2,1,3,33.3,0,0,NA,0,0,NA,0,1,1,1,1,0,0,1,2,1,1,"H","W",84,36,23,24,23,7,17,15,4,22,26,8,11,3,20,91,84,36,23,24,23,7,17,15,4,22,26,8,11,3,20,91,0.67,2.9,69,0.01,34.5,Inf,33.3,0,1.5,33.3,0,3.3,0,"2023-2024"
"FEN","OLY","34_6","Regular Season","Giannoulis  Larentzakis",11,7,3,4,75,0,3,0,1,1,100,0,1,1,1,1,0,0,0,2,2,6,"H","W",84,36,23,24,23,7,17,15,4,22,26,8,11,3,20,91,84,36,23,24,23,7,17,15,4,22,26,8,11,3,20,91,0.88,7.1,98.6,0.03,14.1,Inf,42.9,0.14,4.5,47,0,6.7,0,"2023-2024"
"FEN","OLY","34_6","Regular Season","Nikola  Milutinov",4,5,1,1,100,0,0,NA,3,3,100,1,2,3,0,0,0,0,0,0,2,10,"H","W",84,36,23,24,23,7,17,15,4,22,26,8,11,3,20,91,84,36,23,24,23,7,17,15,4,22,26,8,11,3,20,91,1.25,1.3,384.6,0.06,0,NA,100,3,6,107.8,0,5.8,12.5,"2023-2024"
"FEN","OLY","34_6","Regular Season","Luke  Sikma",21,7,1,1,100,1,2,50,2,4,50,0,1,1,1,0,0,0,0,2,3,7,"H","W",84,36,23,24,23,7,17,15,4,22,26,8,11,3,20,91,84,36,23,24,23,7,17,15,4,22,26,8,11,3,20,91,1,4.6,152.2,0.03,21.7,Inf,83.3,1.33,5.1,73.5,0,2.3,0,"2023-2024"
"FEN","OLY","34_6","Regular Season","Shaquielle  McKissic",25,12,5,7,71.4,0,1,0,2,3,66.7,1,0,1,1,2,1,0,0,2,2,11,"H","W",84,36,23,24,23,7,17,15,4,22,26,8,11,3,20,91,84,36,23,24,23,7,17,15,4,22,26,8,11,3,20,91,1.09,8.9,134.8,0.06,11.2,1,62.5,0.38,9.6,64.4,11.24,4.1,12.5,"2023-2024"
"OLY","FEN","34_6","Regular Season","Sertac  Sanli",23,11,4,4,100,1,4,25,0,0,NA,1,2,3,1,0,0,0,0,2,0,10,"A","L",81,30,32,21,20,9,14,14,8,26,34,7,14,1,24,76,81,30,32,21,20,9,14,14,8,26,34,7,14,1,24,76,1.38,6.7,164.2,0.09,14.9,Inf,68.8,0,8.6,68.8,0,3.3,6.2,"2023-2024"
"OLY","FEN","34_6","Regular Season","Nigel  Hayes-Davis",31,21,6,8,75,2,5,40,3,7,42.9,1,2,3,2,3,4,0,0,4,5,17,"A","L",81,30,32,21,20,9,14,14,8,26,34,7,14,1,24,76,81,30,32,21,20,9,14,14,8,26,34,7,14,1,24,76,1.05,18.3,114.8,0.11,10.9,0.5,69.2,0.54,13.6,65.3,21.86,6.1,6.2,"2023-2024"
"OLY","FEN","34_6","Regular Season","Dyshawn  Pierre",20,4,1,2,50,0,0,NA,2,2,100,1,3,4,1,1,0,0,0,2,2,9,"A","L",81,30,32,21,20,9,14,14,8,26,34,7,14,1,24,76,81,30,32,21,20,9,14,14,8,26,34,7,14,1,24,76,1,1.8,222.2,0.06,55.6,Inf,50,1,5.5,69.4,0,1.4,6.2,"2023-2024"
"OLY","FEN","34_6","Regular Season","Tyler  Dorsey",18,10,3,5,60,1,3,33.3,1,2,50,1,3,4,1,1,1,0,1,1,2,10,"A","L",81,30,32,21,20,9,14,14,8,26,34,7,14,1,24,76,81,30,32,21,20,9,14,14,8,26,34,7,14,1,24,76,1,8.5,117.6,0.08,11.8,1,56.2,0.25,7.5,56.3,11.76,5.2,6.2,"2023-2024"
"OLY","FEN","34_6","Regular Season","Nick  Calathes",30,2,1,3,33.3,0,2,0,0,2,0,1,7,8,7,1,4,0,1,2,3,8,"A","L",81,30,32,21,20,9,14,14,8,26,34,7,14,1,24,76,81,30,32,21,20,9,14,14,8,26,34,7,14,1,24,76,0.29,8.5,23.5,0.05,82.4,1.8,20,0.4,2,17,47.06,3.1,6.2,"2023-2024"
"OLY","FEN","34_6","Regular Season","Amine  Noua",14,0,0,1,0,0,1,0,0,0,NA,1,1,2,0,0,0,1,0,3,0,-2,"A","L",81,30,32,21,20,9,14,14,8,26,34,7,14,1,24,76,81,30,32,21,20,9,14,14,8,26,34,7,14,1,24,76,0,1,0,-0.03,0,NA,0,0,-0.9,0,0,1.3,6.2,"2023-2024"
"OLY","FEN","34_6","Regular Season","Scottie  Wilbekin",25,12,0,1,0,3,9,33.3,3,3,100,1,3,4,1,1,0,0,0,4,3,10,"A","L",81,30,32,21,20,9,14,14,8,26,34,7,14,1,24,76,81,30,32,21,20,9,14,14,8,26,34,7,14,1,24,76,0.92,9.9,121.2,0.06,10.1,Inf,45,0.3,7.9,53,0,4.2,6.2,"2023-2024"
"OLY","FEN","34_6","Regular Season","Georgios  Papagiannis",21,3,1,1,100,0,1,0,1,1,100,0,2,2,0,0,0,0,0,2,1,3,"A","L",81,30,32,21,20,9,14,14,8,26,34,7,14,1,24,76,81,30,32,21,20,9,14,14,8,26,34,7,14,1,24,76,1,2.3,130.4,0.02,0,NA,50,0.5,1.8,61.5,0,1.1,0,"2023-2024"
"OLY","FEN","34_6","Regular Season","Tarik  Biberovic",17,7,1,2,50,1,2,50,2,2,100,0,0,0,0,0,2,0,1,2,1,1,"A","L",81,30,32,21,20,9,14,14,8,26,34,7,14,1,24,76,81,30,32,21,20,9,14,14,8,26,34,7,14,1,24,76,1.17,6.6,106.1,0.01,0,0,62.5,0.5,2.2,71.7,30.3,3.8,0,"2023-2024"
"OLY","FEN","34_6","Regular Season","Marko  Guduric",17,9,2,2,100,1,4,25,2,2,100,1,3,4,0,0,3,0,0,2,2,7,"A","L",81,30,32,21,20,9,14,14,8,26,34,7,14,1,24,76,81,30,32,21,20,9,14,14,8,26,34,7,14,1,24,76,1.12,8.5,105.9,0.04,0,0,58.3,0.33,3.8,65.4,35.29,5.5,6.2,"2023-2024"
"OLY","FEN","34_6","Regular Season","Yam  Madar",7,2,1,1,100,0,1,0,0,0,NA,0,0,0,1,0,0,0,0,0,1,3,"A","L",81,30,32,21,20,9,14,14,8,26,34,7,14,1,24,76,81,30,32,21,20,9,14,14,8,26,34,7,14,1,24,76,1,1.9,105.3,0.02,52.6,Inf,50,0,1.7,50,0,2.7,0,"2023-2024"
"OLY","FEN","34_6","Regular Season","Nathan  Sestina",1,0,0,0,NA,0,0,NA,0,0,NA,0,0,0,0,0,0,0,0,0,0,0,"A","L",81,30,32,21,20,9,14,14,8,26,34,7,14,1,24,76,81,30,32,21,20,9,14,14,8,26,34,7,14,1,24,76,NA,0,NA,0,NA,NA,NA,NA,0,NA,NA,0,0,"2023-2024"
"PAR","VAL","34_7","Regular Season","Nate  Reuvers",16,7,3,5,60,0,1,0,1,2,50,3,1,4,0,0,1,0,0,4,2,4,"A","L",66,35,21,13,20,5,11,11,7,27,34,4,16,0,19,62,66,35,21,13,20,5,11,11,7,27,34,4,16,0,19,62,0.88,4.7,148.9,0.01,0,0,50,0.33,3.4,50.9,21.28,5.1,21.4,"2023-2024"
"PAR","VAL","34_7","Regular Season","Jaime  Pradilla",19,4,2,2,100,0,0,NA,0,0,NA,0,5,5,0,0,3,0,0,3,0,3,"A","L",66,35,21,13,20,5,11,11,7,27,34,4,16,0,19,62,66,35,21,13,20,5,11,11,7,27,34,4,16,0,19,62,2,4.8,83.3,0.03,0,0,100,0,0.7,100,62.5,2.7,0,"2023-2024"
"PAR","VAL","34_7","Regular Season","Justin  Anderson",17,3,0,0,NA,1,3,33.3,0,0,NA,0,2,2,1,0,1,0,0,2,0,1,"A","L",66,35,21,13,20,5,11,11,7,27,34,4,16,0,19,62,66,35,21,13,20,5,11,11,7,27,34,4,16,0,19,62,1,3.8,78.9,0.01,26.3,1,50,0,0.8,50,26.32,2.4,0,"2023-2024"
"PAR","VAL","34_7","Regular Season","Xabi  Lopez-Arostegui",17,4,2,4,50,0,1,0,0,0,NA,0,5,5,1,0,1,0,0,2,1,5,"A","L",66,35,21,13,20,5,11,11,7,27,34,4,16,0,19,62,66,35,21,13,20,5,11,11,7,27,34,4,16,0,19,62,0.8,5.8,69,0.05,17.2,1,40,0,1.7,40,17.24,3.6,0,"2023-2024"
"PAR","VAL","34_7","Regular Season","Chris  Jones",17,4,2,5,40,0,4,0,0,0,NA,0,1,1,4,1,2,0,0,1,0,0,"A","L",66,35,21,13,20,5,11,11,7,27,34,4,16,0,19,62,66,35,21,13,20,5,11,11,7,27,34,4,16,0,19,62,0.44,10.6,37.7,0,37.7,2,22.2,0,0.2,22.2,18.87,6.7,0,"2023-2024"
"PAR","VAL","34_7","Regular Season","Jared  Harper",18,13,4,4,100,0,0,NA,5,6,83.3,0,2,2,4,1,1,0,0,2,4,20,"A","L",66,35,21,13,20,5,11,11,7,27,34,4,16,0,19,62,66,35,21,13,20,5,11,11,7,27,34,4,16,0,19,62,1.3,7.3,178.1,0.18,54.8,4,100,1.5,14,97.9,13.7,4.4,0,"2023-2024"
"PAR","VAL","34_7","Regular Season","Victor  Claver",20,5,1,3,33.3,1,4,25,0,0,NA,0,2,2,0,0,2,0,0,0,0,0,"A","L",66,35,21,13,20,5,11,11,7,27,34,4,16,0,19,62,66,35,21,13,20,5,11,11,7,27,34,4,16,0,19,62,0.71,8.6,58.1,0,0,0,35.7,0,-0.5,35.7,23.26,4.6,0,"2023-2024"
"PAR","VAL","34_7","Regular Season","Josep  Puerto",17,5,0,2,0,1,3,33.3,2,2,100,1,1,2,0,0,1,0,0,0,3,5,"A","L",66,35,21,13,20,5,11,11,7,27,34,4,16,0,19,62,66,35,21,13,20,5,11,11,7,27,34,4,16,0,19,62,0.71,5.6,89.3,0.02,0,0,30,0.4,1.9,42.5,17.86,4.2,7.1,"2023-2024"
"PAR","VAL","34_7","Regular Season","Kassius  Robertson",11,0,0,1,0,0,2,0,0,0,NA,1,0,1,0,0,0,0,0,0,0,-2,"A","L",66,35,21,13,20,5,11,11,7,27,34,4,16,0,19,62,66,35,21,13,20,5,11,11,7,27,34,4,16,0,19,62,0,1.9,0,-0.03,0,NA,0,0,-1.4,0,0,2.8,7.1,"2023-2024"
"PAR","VAL","34_7","Regular Season","Brandon  Davies",15,4,2,4,50,0,1,0,0,0,NA,0,6,6,0,1,2,0,0,4,2,4,"A","L",66,35,21,13,20,5,11,11,7,27,34,4,16,0,19,62,66,35,21,13,20,5,11,11,7,27,34,4,16,0,19,62,0.8,6.7,59.7,0.02,0,0,40,0,0.5,40,29.85,4.8,0,"2023-2024"
"PAR","VAL","34_7","Regular Season","Semi  Ojeleye",17,17,4,5,80,2,2,100,3,3,100,2,2,4,1,1,2,0,0,1,3,22,"A","L",66,35,21,13,20,5,11,11,7,27,34,4,16,0,19,62,66,35,21,13,20,5,11,11,7,27,34,4,16,0,19,62,1.7,8,212.5,0.21,12.5,0.5,100,0.43,15.8,102.2,25,6.2,14.3,"2023-2024"
"VAL","PAR","34_7","Regular Season","Zach  LeDay",24,5,0,5,0,1,4,25,2,2,100,0,7,7,1,2,2,0,0,2,2,5,"H","W",79,40,25,18,20,8,15,21,9,24,33,10,9,0,16,98,79,40,25,18,20,8,15,21,9,24,33,10,9,0,16,98,0.45,11.4,43.9,0.02,8.8,0.5,16.7,0.22,1.1,25.3,17.54,4.8,0,"2023-2024"
"VAL","PAR","34_7","Regular Season","Aleksa  Avramovic",20,10,5,7,71.4,0,3,0,0,0,NA,0,2,2,3,0,2,0,0,3,0,5,"H","W",79,40,25,18,20,8,15,21,9,24,33,10,9,0,16,98,79,40,25,18,20,8,15,21,9,24,33,10,9,0,16,98,1,11.5,87,0.03,26.1,1.5,50,0,4.5,50,17.39,5.9,0,"2023-2024"
"VAL","PAR","34_7","Regular Season","James  Nunnally",25,19,4,4,100,2,4,50,5,6,83.3,0,2,2,4,0,0,0,0,1,6,27,"H","W",79,40,25,18,20,8,15,21,9,24,33,10,9,0,16,98,79,40,25,18,20,8,15,21,9,24,33,10,9,0,16,98,1.36,10.2,186.3,0.14,39.2,Inf,87.5,0.75,18.4,89.3,0,4.2,0,"2023-2024"
"VAL","PAR","34_7","Regular Season","Danilo  Andjusic",6,1,0,0,NA,0,0,NA,1,2,50,0,0,0,2,0,0,0,0,0,2,4,"H","W",79,40,25,18,20,8,15,21,9,24,33,10,9,0,16,98,79,40,25,18,20,8,15,21,9,24,33,10,9,0,16,98,0.5,0.8,125,0.01,250,Inf,NA,Inf,2,56.8,0,1.4,0,"2023-2024"
"VAL","PAR","34_7","Regular Season","Frank  Kaminsky",19,3,1,4,25,0,2,0,1,2,50,2,3,5,3,0,1,0,0,2,3,5,"H","W",79,40,25,18,20,8,15,21,9,24,33,10,9,0,16,98,79,40,25,18,20,8,15,21,9,24,33,10,9,0,16,98,0.38,5.6,53.6,0.01,53.6,3,16.7,0.33,1.4,21.8,17.86,4.1,11.1,"2023-2024"
"VAL","PAR","34_7","Regular Season","Jaleen  Smith",30,15,0,0,NA,5,6,83.3,0,0,NA,2,3,5,2,4,0,0,0,1,2,26,"H","W",79,40,25,18,20,8,15,21,9,24,33,10,9,0,16,98,79,40,25,18,20,8,15,21,9,24,33,10,9,0,16,98,2.5,3.8,394.7,0.16,52.6,Inf,125,0,20.1,125,0,2,11.1,"2023-2024"
"VAL","PAR","34_7","Regular Season","Kevin  Punter",31,12,4,7,57.1,0,3,0,4,4,100,0,2,2,5,2,3,0,1,2,4,13,"H","W",79,40,25,18,20,8,15,21,9,24,33,10,9,0,16,98,79,40,25,18,20,8,15,21,9,24,33,10,9,0,16,98,0.86,14.2,84.5,0.07,35.2,1.7,40,0.4,8.9,51,21.13,4.6,0,"2023-2024"
"VAL","PAR","34_7","Regular Season","Alen  Smailagic",3,0,0,2,0,0,0,NA,0,0,NA,2,0,2,0,0,0,0,0,1,0,-1,"H","W",79,40,25,18,20,8,15,21,9,24,33,10,9,0,16,98,79,40,25,18,20,8,15,21,9,24,33,10,9,0,16,98,0,0,NA,-0.01,NA,NA,0,0,-0.4,0,NA,6.5,11.1,"2023-2024"
"VAL","PAR","34_7","Regular Season","Mateusz  Ponitka",25,8,3,5,60,0,3,0,2,2,100,3,2,5,1,2,0,0,0,2,1,10,"H","W",79,40,25,18,20,8,15,21,9,24,33,10,9,0,16,98,79,40,25,18,20,8,15,21,9,24,33,10,9,0,16,98,0.8,5.6,142.9,0.05,17.9,Inf,37.5,0.25,8.2,45,0,3.5,16.7,"2023-2024"
"VAL","PAR","34_7","Regular Season","Bruno  Caboclo",17,6,3,6,50,0,0,NA,0,0,NA,0,3,3,0,0,1,0,0,2,1,4,"H","W",79,40,25,18,20,8,15,21,9,24,33,10,9,0,16,98,79,40,25,18,20,8,15,21,9,24,33,10,9,0,16,98,1,6.7,89.6,0.02,0,0,50,0,2.1,50,14.93,4,0,"2023-2024"
"BAR","VIL","34_8","Regular Season","Deshaun  Thomas",20,4,2,3,66.7,0,1,0,0,0,NA,1,1,2,1,0,1,0,0,1,1,4,"H","W",76,43,20,12,23,7,9,23,5,25,30,8,9,1,20,84,76,43,20,12,23,7,9,23,5,25,30,8,9,1,20,84,1,3.8,105.3,0.02,26.3,1,50,0,2.3,50,26.32,2.6,10,"2023-2024"
"BAR","VIL","34_8","Regular Season","Paris  Lee",26,10,0,0,NA,2,5,40,4,5,80,0,3,3,8,1,2,0,0,1,5,20,"H","W",76,43,20,12,23,7,9,23,5,25,30,8,9,1,20,84,76,43,20,12,23,7,9,23,5,25,30,8,9,1,20,84,1,8.8,113.6,0.11,90.9,4,60,1,12,69.4,22.73,3.7,0,"2023-2024"
"BAR","VIL","34_8","Regular Season","Nando  de Colo",24,9,0,5,0,2,6,33.3,3,3,100,0,0,0,4,1,1,0,1,2,1,2,"H","W",76,43,20,12,23,7,9,23,5,25,30,8,9,1,20,84,76,43,20,12,23,7,9,23,5,25,30,8,9,1,20,84,0.64,12.8,70.3,0.01,31.2,4,27.3,0.27,4.1,36.5,7.81,5.7,0,"2023-2024"
"BAR","VIL","34_8","Regular Season","Youssoupha  Fall",20,15,7,10,70,0,0,NA,1,2,50,0,8,8,0,1,0,1,1,1,1,20,"H","W",76,43,20,12,23,7,9,23,5,25,30,8,9,1,20,84,76,43,20,12,23,7,9,23,5,25,30,8,9,1,20,84,1.25,10.4,144.2,0.14,0,NA,70,0.2,14.1,68.9,0,5.6,0,"2023-2024"
"BAR","VIL","34_8","Regular Season","David  Lighty",14,6,3,3,100,0,0,NA,0,0,NA,0,1,1,2,0,0,0,0,1,0,8,"H","W",76,43,20,12,23,7,9,23,5,25,30,8,9,1,20,84,76,43,20,12,23,7,9,23,5,25,30,8,9,1,20,84,2,2.9,206.9,0.06,69,Inf,100,0,6.4,100,0,2.2,0,"2023-2024"
"BAR","VIL","34_8","Regular Season","Charles Lombahe Kahudi",1,0,0,0,NA,0,0,NA,0,0,NA,0,0,0,0,0,0,0,0,0,0,0,"H","W",76,43,20,12,23,7,9,23,5,25,30,8,9,1,20,84,76,43,20,12,23,7,9,23,5,25,30,8,9,1,20,84,NA,0,NA,0,NA,NA,NA,NA,0,NA,NA,0,0,"2023-2024"
"BAR","VIL","34_8","Regular Season","Joffrey  Lauvergne",17,20,8,11,72.7,1,2,50,1,1,100,2,3,5,0,0,1,0,3,2,1,16,"H","W",76,43,20,12,23,7,9,23,5,25,30,8,9,1,20,84,76,43,20,12,23,7,9,23,5,25,30,8,9,1,20,84,1.43,11.9,168.1,0.12,0,0,73.1,0.08,15,74.4,8.4,8.8,20,"2023-2024"
"BAR","VIL","34_8","Regular Season","Timothe  Luwawu-Cabarrot",26,4,2,6,33.3,0,1,0,0,0,NA,0,2,2,1,3,2,0,0,3,4,4,"H","W",76,43,20,12,23,7,9,23,5,25,30,8,9,1,20,84,76,43,20,12,23,7,9,23,5,25,30,8,9,1,20,84,0.57,8.6,46.5,0,11.6,0.5,28.6,0,1,28.6,23.26,3.6,0,"2023-2024"
"BAR","VIL","34_8","Regular Season","Edwin  Jackson",15,6,0,2,0,2,3,66.7,0,0,NA,1,1,2,2,0,2,0,0,3,1,3,"H","W",76,43,20,12,23,7,9,23,5,25,30,8,9,1,20,84,76,43,20,12,23,7,9,23,5,25,30,8,9,1,20,84,1.2,5.8,103.4,0.01,34.5,1,60,0,2.5,60,34.48,4.8,10,"2023-2024"
"BAR","VIL","34_8","Regular Season","Mbaye  Ndiaye",22,2,1,3,33.3,0,1,0,0,1,0,1,5,6,1,2,0,0,0,2,2,7,"H","W",76,43,20,12,23,7,9,23,5,25,30,8,9,1,20,84,76,43,20,12,23,7,9,23,5,25,30,8,9,1,20,84,0.4,3.3,60.6,0.03,30.3,Inf,25,0.25,3.3,22.5,0,2.1,10,"2023-2024"
"BAR","VIL","34_8","Regular Season","Noam  Yaacov",14,0,0,0,NA,0,1,0,0,0,NA,0,1,1,4,0,0,0,0,4,0,0,"H","W",76,43,20,12,23,7,9,23,5,25,30,8,9,1,20,84,76,43,20,12,23,7,9,23,5,25,30,8,9,1,20,84,0,1,0,0,400,Inf,0,0,0.8,0,0,0.7,0,"2023-2024"
"VIL","BAR","34_8","Regular Season","Oscar  da Silva",14,0,0,1,0,0,0,NA,0,0,NA,1,4,5,0,0,1,0,0,0,0,3,"A","L",72,35,27,25,19,7,13,16,12,26,38,5,14,5,16,77,72,35,27,25,19,7,13,16,12,26,38,5,14,5,16,77,0,1,0,0.03,0,0,0,0,0.2,0,100,1.3,4.2,"2023-2024"
"VIL","BAR","34_8","Regular Season","Jan  Vesely",16,9,2,4,50,1,2,50,2,2,100,2,1,3,3,0,1,0,0,2,1,10,"A","L",72,35,27,25,19,7,13,16,12,26,38,5,14,5,16,77,72,35,27,25,19,7,13,16,12,26,38,5,14,5,16,77,1.12,5.6,160.7,0.08,53.6,3,58.3,0.33,8,65.4,17.86,4.5,8.3,"2023-2024"
"VIL","BAR","34_8","Regular Season","Dario  Brizuela",15,7,2,4,50,1,3,33.3,0,0,NA,0,1,1,1,1,2,0,0,2,1,3,"A","L",72,35,27,25,19,7,13,16,12,26,38,5,14,5,16,77,72,35,27,25,19,7,13,16,12,26,38,5,14,5,16,77,1,8.6,81.4,0.02,11.6,0.5,50,0,2.5,50,23.26,5.5,0,"2023-2024"
"VIL","BAR","34_8","Regular Season","Nikola  Kalinic",10,3,0,0,NA,1,2,50,0,0,NA,0,0,0,0,0,1,0,0,1,1,1,"A","L",72,35,27,25,19,7,13,16,12,26,38,5,14,5,16,77,72,35,27,25,19,7,13,16,12,26,38,5,14,5,16,77,1.5,2.9,103.4,0,0,0,75,0,0.6,75,34.48,2.8,0,"2023-2024"
"VIL","BAR","34_8","Regular Season","Tomas  Satoransky",12,0,0,1,0,0,1,0,0,4,0,0,1,1,4,0,0,0,0,0,2,1,"A","L",72,35,27,25,19,7,13,16,12,26,38,5,14,5,16,77,72,35,27,25,19,7,13,16,12,26,38,5,14,5,16,77,0,3.6,0,-0.01,111.1,Inf,0,2,0.1,0,0,2.9,0,"2023-2024"
"VIL","BAR","34_8","Regular Season","Oriol  Pauli",12,9,3,4,75,1,4,25,0,1,0,0,2,2,0,0,0,1,0,2,1,6,"A","L",72,35,27,25,19,7,13,16,12,26,38,5,14,5,16,77,72,35,27,25,19,7,13,16,12,26,38,5,14,5,16,77,1,8.1,111.1,0.05,0,NA,56.2,0.12,5.1,53.3,0,6.5,0,"2023-2024"
"VIL","BAR","34_8","Regular Season","Ricard  Rubio",25,5,2,6,33.3,0,1,0,1,2,50,1,4,5,6,2,4,0,1,2,2,7,"A","L",72,35,27,25,19,7,13,16,12,26,38,5,14,5,16,77,72,35,27,25,19,7,13,16,12,26,38,5,14,5,16,77,0.56,10.4,48.1,0.06,57.7,1.5,28.6,0.29,3.8,31.7,38.46,4.4,4.2,"2023-2024"
"VIL","BAR","34_8","Regular Season","Alejandro  Abrines",19,6,1,1,100,1,5,20,1,1,100,1,2,3,1,1,0,0,0,1,2,8,"A","L",72,35,27,25,19,7,13,16,12,26,38,5,14,5,16,77,72,35,27,25,19,7,13,16,12,26,38,5,14,5,16,77,0.86,5.2,115.4,0.06,19.2,Inf,41.7,0.17,5.2,46.6,0,3.1,4.2,"2023-2024"
"VIL","BAR","34_8","Regular Season","Jabari  Parker",20,7,3,5,60,0,3,0,1,1,100,0,4,4,0,1,1,2,0,1,1,8,"A","L",72,35,27,25,19,7,13,16,12,26,38,5,14,5,16,77,72,35,27,25,19,7,13,16,12,26,38,5,14,5,16,77,0.78,9.1,76.9,0.06,0,0,37.5,0.12,4.8,41.5,10.99,4.3,0,"2023-2024"
"VIL","BAR","34_8","Regular Season","James  Nnaji",24,9,3,4,75,0,0,NA,3,7,42.9,6,3,9,0,0,0,2,0,2,4,17,"A","L",72,35,27,25,19,7,13,16,12,26,38,5,14,5,16,77,72,35,27,25,19,7,13,16,12,26,38,5,14,5,16,77,0.82,1,900,0.09,0,NA,75,1.75,11.5,63.6,0,2.7,25,"2023-2024"
"VIL","BAR","34_8","Regular Season","Rokas  Jokubaitis",18,12,3,4,75,1,2,50,3,5,60,0,2,2,1,0,3,0,0,1,4,11,"A","L",72,35,27,25,19,7,13,16,12,26,38,5,14,5,16,77,72,35,27,25,19,7,13,16,12,26,38,5,14,5,16,77,1.09,10.8,111.1,0.07,9.3,0.3,75,0.83,6.5,73.2,27.78,5.7,0,"2023-2024"
"VIL","BAR","34_8","Regular Season","Joel  Parra",16,5,0,1,0,1,4,25,2,2,100,1,2,3,0,0,1,0,0,2,1,2,"A","L",72,35,27,25,19,7,13,16,12,26,38,5,14,5,16,77,72,35,27,25,19,7,13,16,12,26,38,5,14,5,16,77,0.71,5.6,89.3,0.01,0,0,30,0.4,1.4,42.5,17.86,4,4.2,"2023-2024"
"BAS","BOL","34_9","Regular Season","Isaia  Cordinier",12,0,0,1,0,0,1,0,0,2,0,1,1,2,1,0,1,0,0,2,1,-3,"H","L",91,38,29,17,26,9,12,24,7,23,30,6,10,5,21,103,91,38,29,17,26,9,12,24,7,23,30,6,10,5,21,103,0,2.8,0,-0.03,35.7,1,0,1,-2.3,0,35.71,3.1,7.1,"2023-2024"
"BAS","BOL","34_9","Regular Season","Marco  Belinelli",18,15,3,4,75,1,4,25,6,7,85.7,0,0,0,1,0,2,0,0,0,3,12,"H","L",91,38,29,17,26,9,12,24,7,23,30,6,10,5,21,103,91,38,29,17,26,9,12,24,7,23,30,6,10,5,21,103,1,12.6,119,0.05,7.9,0.5,56.2,0.88,9.3,67.7,15.87,6.9,0,"2023-2024"
"BAS","BOL","34_9","Regular Season","Tornike  Shengelia",22,8,4,8,50,0,1,0,0,0,NA,0,4,4,3,1,1,0,0,1,5,14,"H","L",91,38,29,17,26,9,12,24,7,23,30,6,10,5,21,103,91,38,29,17,26,9,12,24,7,23,30,6,10,5,21,103,0.89,9.6,83.3,0.05,31.2,3,44.4,0,6.2,44.4,10.42,4.3,0,"2023-2024"
"BAS","BOL","34_9","Regular Season","Daniel  Hackett",25,11,1,3,33.3,2,5,40,3,3,100,1,5,6,8,1,1,0,1,2,4,21,"H","L",91,38,29,17,26,9,12,24,7,23,30,6,10,5,21,103,91,38,29,17,26,9,12,24,7,23,30,6,10,5,21,103,1,8.9,123.6,0.11,89.9,8,50,0.38,13.6,59,11.24,3.9,7.1,"2023-2024"
"BAS","BOL","34_9","Regular Season","Bryant  Dunston",15,4,2,2,100,0,1,0,0,0,NA,0,3,3,0,1,1,3,0,4,0,5,"H","L",91,38,29,17,26,9,12,24,7,23,30,6,10,5,21,103,91,38,29,17,26,9,12,24,7,23,30,6,10,5,21,103,1.33,3.8,105.3,0.02,0,0,66.7,0,4.1,66.7,26.32,2.5,0,"2023-2024"
"BAS","BOL","34_9","Regular Season","Gabriel  Lundberg",25,18,6,6,100,2,6,33.3,0,0,NA,1,4,5,2,1,1,0,0,0,1,22,"H","L",91,38,29,17,26,9,12,24,7,23,30,6,10,5,21,103,91,38,29,17,26,9,12,24,7,23,30,6,10,5,21,103,1.5,11.5,156.5,0.12,17.4,2,75,0,16.1,75,8.7,4.9,7.1,"2023-2024"
"BAS","BOL","34_9","Regular Season","Alessandro  Pajola",14,3,1,1,100,0,2,0,1,2,50,0,3,3,5,0,1,1,0,5,1,4,"H","L",91,38,29,17,26,9,12,24,7,23,30,6,10,5,21,103,91,38,29,17,26,9,12,24,7,23,30,6,10,5,21,103,0.6,4.7,63.8,0.02,106.4,5,33.3,0.67,3,38.7,21.28,3.3,0,"2023-2024"
"BAS","BOL","34_9","Regular Season","Ognjen  Dobric",12,3,0,0,NA,1,3,33.3,0,0,NA,0,2,2,1,0,1,0,0,2,0,1,"H","L",91,38,29,17,26,9,12,24,7,23,30,6,10,5,21,103,91,38,29,17,26,9,12,24,7,23,30,6,10,5,21,103,1,3.8,78.9,0.01,26.3,1,50,0,0.8,50,26.32,3.2,0,"2023-2024"
"BAS","BOL","34_9","Regular Season","Jordan  Mickey",13,10,4,5,80,0,1,0,2,3,66.7,2,0,2,0,1,0,0,0,1,2,11,"H","L",91,38,29,17,26,9,12,24,7,23,30,6,10,5,21,103,91,38,29,17,26,9,12,24,7,23,30,6,10,5,21,103,1.11,5.1,196.1,0.05,0,NA,66.7,0.5,9,68.3,0,5.3,14.3,"2023-2024"
"BAS","BOL","34_9","Regular Season","Achille  Polonara",18,8,1,2,50,2,2,100,0,0,NA,2,0,2,2,1,0,0,0,2,0,10,"H","L",91,38,29,17,26,9,12,24,7,23,30,6,10,5,21,103,91,38,29,17,26,9,12,24,7,23,30,6,10,5,21,103,2,1.9,421.1,0.05,105.3,Inf,100,0,9.4,100,0,2.1,14.3,"2023-2024"
"BAS","BOL","34_9","Regular Season","Ante  Zizic",12,4,2,3,66.7,0,0,NA,0,0,NA,0,1,1,1,0,1,0,1,1,0,2,"H","L",91,38,29,17,26,9,12,24,7,23,30,6,10,5,21,103,91,38,29,17,26,9,12,24,7,23,30,6,10,5,21,103,1.33,3.8,105.3,0.02,26.3,1,66.7,0,2.3,66.7,26.32,3.2,0,"2023-2024"
"BAS","BOL","34_9","Regular Season","Awudu  Abass",13,7,2,3,66.7,1,3,33.3,0,0,NA,0,0,0,0,0,0,1,0,1,0,4,"H","L",91,38,29,17,26,9,12,24,7,23,30,6,10,5,21,103,91,38,29,17,26,9,12,24,7,23,30,6,10,5,21,103,1.17,5.8,120.7,0.02,0,NA,58.3,0,4.3,58.3,0,4.4,0,"2023-2024"
"BOL","BAS","34_9","Regular Season","Sander  Raieste",7,0,0,0,NA,0,1,0,0,0,NA,0,0,0,1,1,0,0,0,0,0,1,"A","W",95,46,23,22,28,7,18,17,11,21,32,7,10,2,17,104,95,46,23,22,28,7,18,17,11,21,32,7,10,2,17,104,0,1,0,0.01,100,Inf,0,0,1,0,0,1.3,0,"2023-2024"
"BOL","BAS","34_9","Regular Season","Vanja  Marinkovic",36,17,4,6,66.7,2,5,40,3,5,60,2,3,5,1,0,0,0,0,4,3,15,"A","W",95,46,23,22,28,7,18,17,11,21,32,7,10,2,17,104,95,46,23,22,28,7,18,17,11,21,32,7,10,2,17,104,1.06,10.8,157.4,0.07,9.3,Inf,63.6,0.45,12.3,64.4,0,3.3,9.1,"2023-2024"
"BOL","BAS","34_9","Regular Season","Codi  Miller-McIntyre",34,16,8,15,53.3,0,1,0,0,0,NA,1,3,4,7,0,3,0,2,2,1,13,"A","W",95,46,23,22,28,7,18,17,11,21,32,7,10,2,17,104,95,46,23,22,28,7,18,17,11,21,32,7,10,2,17,104,1,17.3,92.5,0.08,40.5,2.3,50,0,10.7,50,17.34,5,4.5,"2023-2024"
"BOL","BAS","34_9","Regular Season","Maik  Kotsar",14,4,1,3,33.3,0,0,NA,2,2,100,1,4,5,0,1,1,0,1,1,2,7,"A","W",95,46,23,22,28,7,18,17,11,21,32,7,10,2,17,104,95,46,23,22,28,7,18,17,11,21,32,7,10,2,17,104,0.8,3.7,108.1,0.03,0,0,33.3,0.67,3.8,51.5,27.03,3.1,4.5,"2023-2024"
"BOL","BAS","34_9","Regular Season","Chima  Moneke",23,12,4,5,80,0,2,0,4,5,80,2,1,3,1,2,2,1,0,2,6,17,"A","W",95,46,23,22,28,7,18,17,11,21,32,7,10,2,17,104,95,46,23,22,28,7,18,17,11,21,32,7,10,2,17,104,1,8.8,136.4,0.06,11.4,0.5,57.1,0.71,10.6,65.2,22.73,4.4,9.1,"2023-2024"
"BOL","BAS","34_9","Regular Season","Markus  Howard",32,34,6,9,66.7,5,13,38.5,7,8,87.5,0,1,1,3,0,2,0,2,2,7,27,"A","W",95,46,23,22,28,7,18,17,11,21,32,7,10,2,17,104,95,46,23,22,28,7,18,17,11,21,32,7,10,2,17,104,1.13,26.4,128.8,0.13,11.4,1.5,61.4,0.36,22.2,66.6,7.58,7.8,0,"2023-2024"
"BOL","BAS","34_9","Regular Season","Christopher  Chiozza",4,2,1,2,50,0,0,NA,0,0,NA,0,1,1,0,0,1,0,0,1,1,1,"A","W",95,46,23,22,28,7,18,17,11,21,32,7,10,2,17,104,95,46,23,22,28,7,18,17,11,21,32,7,10,2,17,104,1,2.9,69,0,0,0,50,0,-0.1,50,34.48,6.8,0,"2023-2024"
"BOL","BAS","34_9","Regular Season","Tadas  Sedekerskis",20,4,2,2,100,0,0,NA,0,0,NA,2,2,4,0,1,0,0,0,2,0,7,"A","W",95,46,23,22,28,7,18,17,11,21,32,7,10,2,17,104,95,46,23,22,28,7,18,17,11,21,32,7,10,2,17,104,2,0,Inf,0.04,NA,NA,100,0,5.6,100,NA,0.9,9.1,"2023-2024"
"BOL","BAS","34_9","Regular Season","Nikos  Rogkavopoulos",2,0,0,1,0,0,0,NA,0,0,NA,0,0,0,0,0,0,0,0,1,0,-2,"A","W",95,46,23,22,28,7,18,17,11,21,32,7,10,2,17,104,95,46,23,22,28,7,18,17,11,21,32,7,10,2,17,104,0,1,0,-0.01,0,NA,0,0,-1.1,0,0,4.5,0,"2023-2024"
"BOL","BAS","34_9","Regular Season","Matthew  Costello",25,6,2,3,66.7,0,1,0,2,2,100,3,6,9,4,2,0,1,0,2,1,19,"A","W",95,46,23,22,28,7,18,17,11,21,32,7,10,2,17,104,95,46,23,22,28,7,18,17,11,21,32,7,10,2,17,104,1,1.8,333.3,0.1,222.2,Inf,50,0.5,12.6,61.5,0,1.8,13.6,"2023-2024"
"BOL","BAS","34_9","Regular Season","Jordan  Theodore",2,0,0,0,NA,0,0,NA,0,0,NA,0,0,0,0,0,1,0,0,0,0,-1,"A","W",95,46,23,22,28,7,18,17,11,21,32,7,10,2,17,104,95,46,23,22,28,7,18,17,11,21,32,7,10,2,17,104,NA,1,0,-0.01,0,0,NA,NA,-1,NA,100,4.5,0,"2023-2024"
"BAS","MAC","35_1","Play In","Lorenzo  Brown",30,29,4,7,57.1,7,8,87.5,0,0,NA,1,4,5,5,1,1,0,1,0,1,35,"H","W",113,40,36,10,24,19,8,24,12,22,34,7,8,3,16,132,113,40,36,10,24,19,8,24,12,22,34,7,8,3,16,132,1.93,14.4,201.4,0.15,34.7,5,96.7,0,28.3,96.7,6.94,4.8,4.2,"2023-2024"
"BAS","MAC","35_1","Play In","Wade  Baldwin IV",31,26,7,11,63.6,4,6,66.7,0,0,NA,0,1,1,5,0,2,0,0,3,1,22,"H","W",113,40,36,10,24,19,8,24,12,22,34,7,8,3,16,132,113,40,36,10,24,19,8,24,12,22,34,7,8,3,16,132,1.53,18.2,142.9,0.09,27.5,2.5,76.5,0,19.1,76.5,10.99,5.5,0,"2023-2024"
"BAS","MAC","35_1","Play In","Jake  Cohen",14,3,0,0,NA,1,2,50,0,0,NA,0,1,1,2,1,0,0,0,3,0,3,"H","W",113,40,36,10,24,19,8,24,12,22,34,7,8,3,16,132,113,40,36,10,24,19,8,24,12,22,34,7,8,3,16,132,1.5,1.9,157.9,0.01,105.3,Inf,75,0,3.5,75,0,1.3,0,"2023-2024"
"BAS","MAC","35_1","Play In","Josh  Nebo",25,4,2,3,66.7,0,0,NA,0,0,NA,2,5,7,1,0,0,1,0,1,2,13,"H","W",113,40,36,10,24,19,8,24,12,22,34,7,8,3,16,132,113,40,36,10,24,19,8,24,12,22,34,7,8,3,16,132,1.33,1,400,0.04,100,Inf,66.7,0,6.6,66.7,0,1.1,8.3,"2023-2024"
"BAS","MAC","35_1","Play In","Bonzie  Colson",25,14,4,8,50,2,4,50,0,0,NA,1,2,3,1,3,1,1,1,2,1,13,"H","W",113,40,36,10,24,19,8,24,12,22,34,7,8,3,16,132,113,40,36,10,24,19,8,24,12,22,34,7,8,3,16,132,1.17,11.5,121.7,0.05,8.7,1,58.3,0,11.9,58.3,8.7,4.7,4.2,"2023-2024"
"BAS","MAC","35_1","Play In","Antonius  Cleveland",18,11,1,3,33.3,2,3,66.7,3,4,75,1,0,1,0,1,0,0,0,2,3,10,"H","W",113,40,36,10,24,19,8,24,12,22,34,7,8,3,16,132,113,40,36,10,24,19,8,24,12,22,34,7,8,3,16,132,1.1,6.5,169.2,0.03,0,NA,66.7,0.67,8.5,70.9,0,3.9,4.2,"2023-2024"
"BAS","MAC","35_1","Play In","James  Webb III",20,8,3,4,75,0,5,0,2,2,100,3,3,6,1,1,0,1,1,2,1,9,"H","W",113,40,36,10,24,19,8,24,12,22,34,7,8,3,16,132,113,40,36,10,24,19,8,24,12,22,34,7,8,3,16,132,0.73,6.6,121.2,0.03,15.2,Inf,33.3,0.22,7.5,40.5,0,4.5,12.5,"2023-2024"
"BAS","MAC","35_1","Play In","Jasiel  Rivero",15,8,3,3,100,0,0,NA,2,3,66.7,4,2,6,2,0,0,0,0,1,2,16,"H","W",113,40,36,10,24,19,8,24,12,22,34,7,8,3,16,132,113,40,36,10,24,19,8,24,12,22,34,7,8,3,16,132,1.33,0.3,2666.7,0.05,666.7,Inf,100,1,11.1,92.6,0,2.6,16.7,"2023-2024"
"BAS","MAC","35_1","Play In","Joe  Thomasson",2,0,0,1,0,0,2,0,0,0,NA,0,1,1,0,0,1,0,0,0,0,-3,"H","W",113,40,36,10,24,19,8,24,12,22,34,7,8,3,16,132,113,40,36,10,24,19,8,24,12,22,34,7,8,3,16,132,0,3.8,0,-0.01,0,0,0,0,-2.8,0,26.32,18.1,0,"2023-2024"
"BAS","MAC","35_1","Play In","Tamir  Blatt",20,10,0,0,NA,3,6,50,1,1,100,0,3,3,7,0,3,0,0,2,2,14,"H","W",113,40,36,10,24,19,8,24,12,22,34,7,8,3,16,132,113,40,36,10,24,19,8,24,12,22,34,7,8,3,16,132,1.43,9.1,109.9,0.05,76.9,2.3,75,0.17,9,77.6,32.97,4.3,0,"2023-2024"
"MAC","BAS","35_1","Play In","Tadas  Sedekerskis",34,11,4,5,80,1,4,25,0,0,NA,2,5,7,3,1,0,1,0,2,0,17,"A","L",85,34,29,11,23,11,6,22,9,17,26,7,12,3,14,96,85,34,29,11,23,11,6,22,9,17,26,7,12,3,14,96,1.22,6.7,164.2,0.1,44.8,Inf,61.1,0,12.6,61.1,0,2.7,11.1,"2023-2024"
"MAC","BAS","35_1","Play In","Vanja  Marinkovic",20,5,1,1,100,1,4,25,0,0,NA,1,0,1,0,0,1,0,0,1,1,2,"A","L",85,34,29,11,23,11,6,22,9,17,26,7,12,3,14,96,85,34,29,11,23,11,6,22,9,17,26,7,12,3,14,96,1,4.8,104.2,0,0,0,50,0,1.6,50,20.83,3,5.6,"2023-2024"
"MAC","BAS","35_1","Play In","Codi  Miller-McIntyre",31,32,11,13,84.6,2,4,50,4,5,80,2,6,8,7,2,5,1,0,1,6,45,"A","L",85,34,29,11,23,11,6,22,9,17,26,7,12,3,14,96,85,34,29,11,23,11,6,22,9,17,26,7,12,3,14,96,1.45,21.3,150.2,0.24,32.9,1.4,82.4,0.29,30.3,83.3,23.47,7.8,11.1,"2023-2024"
"MAC","BAS","35_1","Play In","Maik  Kotsar",26,6,2,3,66.7,0,0,NA,2,6,33.3,4,2,6,2,1,0,0,1,2,6,13,"A","L",85,34,29,11,23,11,6,22,9,17,26,7,12,3,14,96,85,34,29,11,23,11,6,22,9,17,26,7,12,3,14,96,0.67,1.6,375,0.04,125,Inf,66.7,2,8.1,53.2,0,2.2,22.2,"2023-2024"
"MAC","BAS","35_1","Play In","Chima  Moneke",8,0,0,1,0,0,1,0,0,0,NA,0,2,2,0,0,1,0,0,0,1,0,"A","L",85,34,29,11,23,11,6,22,9,17,26,7,12,3,14,96,85,34,29,11,23,11,6,22,9,17,26,7,12,3,14,96,0,2.9,0,-0.01,0,0,0,0,-1.8,0,34.48,3.8,0,"2023-2024"
"MAC","BAS","35_1","Play In","Markus  Howard",28,14,1,6,16.7,4,8,50,0,0,NA,0,0,0,2,1,4,0,2,2,1,1,"A","L",85,34,29,11,23,11,6,22,9,17,26,7,12,3,14,96,85,34,29,11,23,11,6,22,9,17,26,7,12,3,14,96,1,17.3,80.9,0.01,11.6,0.5,50,0,3.8,50,23.12,6.4,0,"2023-2024"
"MAC","BAS","35_1","Play In","Sander  Raieste",1,0,0,0,NA,0,0,NA,0,0,NA,0,0,0,0,0,0,0,0,0,0,0,"A","L",85,34,29,11,23,11,6,22,9,17,26,7,12,3,14,96,85,34,29,11,23,11,6,22,9,17,26,7,12,3,14,96,NA,0,NA,0,NA,NA,NA,NA,0,NA,NA,0,0,"2023-2024"
"MAC","BAS","35_1","Play In","Christopher  Chiozza",7,0,0,0,NA,0,0,NA,0,0,NA,0,0,0,1,0,0,1,0,1,0,1,"A","L",85,34,29,11,23,11,6,22,9,17,26,7,12,3,14,96,85,34,29,11,23,11,6,22,9,17,26,7,12,3,14,96,NA,0,NA,0,Inf,Inf,NA,NA,1,NA,NA,0,0,"2023-2024"
"MAC","BAS","35_1","Play In","Daniel  Diez",6,0,0,0,NA,0,1,0,0,0,NA,0,0,0,0,0,0,0,0,0,0,-1,"A","L",85,34,29,11,23,11,6,22,9,17,26,7,12,3,14,96,85,34,29,11,23,11,6,22,9,17,26,7,12,3,14,96,0,1,0,-0.01,0,NA,0,0,-0.7,0,0,1.7,0,"2023-2024"
"MAC","BAS","35_1","Play In","Nikos  Rogkavopoulos",16,10,2,3,66.7,2,4,50,0,0,NA,0,1,1,1,1,1,0,0,2,0,7,"A","L",85,34,29,11,23,11,6,22,9,17,26,7,12,3,14,96,85,34,29,11,23,11,6,22,9,17,26,7,12,3,14,96,1.43,7.7,129.9,0.05,13,1,71.4,0,6.9,71.4,12.99,5,0,"2023-2024"
"MAC","BAS","35_1","Play In","Matthew  Costello",14,5,1,1,100,1,3,33.3,0,0,NA,0,1,1,3,1,0,0,0,3,1,6,"A","L",85,34,29,11,23,11,6,22,9,17,26,7,12,3,14,96,85,34,29,11,23,11,6,22,9,17,26,7,12,3,14,96,1.25,3.8,131.6,0.03,78.9,Inf,62.5,0,5.2,62.5,0,2.9,0,"2023-2024"
"MAC","BAS","35_1","Play In","Jordan  Theodore",8,2,1,1,100,0,0,NA,0,0,NA,0,0,0,3,0,0,0,0,0,0,5,"A","L",85,34,29,11,23,11,6,22,9,17,26,7,12,3,14,96,85,34,29,11,23,11,6,22,9,17,26,7,12,3,14,96,2,1,200,0.03,300,Inf,100,0,3.8,100,0,1.3,0,"2023-2024"
"BOL","EFE","35_2","Play In","Shane  Larkin",30,16,4,9,44.4,1,5,20,5,6,83.3,0,1,1,2,3,2,0,1,0,5,14,"H","L",64,37,29,17,12,9,13,8,11,24,35,9,10,5,12,63,64,37,29,17,12,9,13,8,11,24,35,9,10,5,12,63,0.8,17.9,89.4,0.12,11.2,1,39.3,0.43,10.5,48.1,11.17,6,0,"2023-2024"
"BOL","EFE","35_2","Play In","Will  Clyburn",29,22,1,4,25,6,12,50,2,2,100,2,3,5,1,1,2,0,1,2,4,19,"H","L",64,37,29,17,12,9,13,8,11,24,35,9,10,5,12,63,64,37,29,17,12,9,13,8,11,24,35,9,10,5,12,63,1.22,16.2,135.8,0.18,6.2,0.5,62.5,0.12,14.8,65.2,12.35,6.2,9.1,"2023-2024"
"BOL","EFE","35_2","Play In","Tibor  Pleiss",25,3,0,0,NA,1,2,50,0,0,NA,2,2,4,0,0,0,3,0,0,0,9,"H","L",64,37,29,17,12,9,13,8,11,24,35,9,10,5,12,63,64,37,29,17,12,9,13,8,11,24,35,9,10,5,12,63,1.5,0,Inf,0.08,NA,NA,75,0,6.1,75,NA,0.8,9.1,"2023-2024"
"BOL","EFE","35_2","Play In","Justus  Hollatz",16,0,0,0,NA,0,4,0,0,0,NA,0,1,1,2,0,0,0,0,1,0,-2,"H","L",64,37,29,17,12,9,13,8,11,24,35,9,10,5,12,63,64,37,29,17,12,9,13,8,11,24,35,9,10,5,12,63,0,3.8,0,-0.02,52.6,Inf,0,0,-1.5,0,0,2.4,0,"2023-2024"
"BOL","EFE","35_2","Play In","Ercan  Osmani",11,6,3,3,100,0,0,NA,0,0,NA,0,3,3,1,0,3,1,0,4,0,4,"H","L",64,37,29,17,12,9,13,8,11,24,35,9,10,5,12,63,64,37,29,17,12,9,13,8,11,24,35,9,10,5,12,63,2,5.8,103.4,0.04,17.2,0.3,100,0,2.8,100,51.72,5.2,0,"2023-2024"
"BOL","EFE","35_2","Play In","Rodrigue  Beaubois",21,5,1,3,33.3,0,2,0,3,3,100,1,3,4,0,3,0,0,0,1,3,10,"H","L",64,37,29,17,12,9,13,8,11,24,35,9,10,5,12,63,64,37,29,17,12,9,13,8,11,24,35,9,10,5,12,63,0.62,5.1,98,0.08,0,NA,20,0.6,6.1,39.6,0,2.9,4.5,"2023-2024"
"BOL","EFE","35_2","Play In","Elijah  Bryant",15,5,1,5,20,1,4,25,0,0,NA,0,5,5,0,1,0,1,1,2,1,3,"H","L",64,37,29,17,12,9,13,8,11,24,35,9,10,5,12,63,64,37,29,17,12,9,13,8,11,24,35,9,10,5,12,63,0.56,8.6,58.1,0.03,0,NA,27.8,0,1.9,27.8,0,5.7,0,"2023-2024"
"BOL","EFE","35_2","Play In","Darius  Thompson",12,0,0,2,0,0,0,NA,0,0,NA,1,0,1,1,0,0,0,0,1,1,0,"H","L",64,37,29,17,12,9,13,8,11,24,35,9,10,5,12,63,64,37,29,17,12,9,13,8,11,24,35,9,10,5,12,63,0,1,0,-0.02,100,Inf,0,0,-0.4,0,0,1.6,4.5,"2023-2024"
"BOL","EFE","35_2","Play In","Daniel  Oturu",10,2,1,4,25,0,0,NA,0,2,0,1,1,2,0,0,2,0,3,0,1,-5,"H","L",64,37,29,17,12,9,13,8,11,24,35,9,10,5,12,63,64,37,29,17,12,9,13,8,11,24,35,9,10,5,12,63,0.33,5.6,35.7,-0.04,0,0,25,0.5,-2.2,20.5,35.71,6.6,4.5,"2023-2024"
"BOL","EFE","35_2","Play In","Derek  Willis",12,0,0,3,0,0,0,NA,0,0,NA,0,2,2,0,0,0,0,0,0,2,1,"H","L",64,37,29,17,12,9,13,8,11,24,35,9,10,5,12,63,64,37,29,17,12,9,13,8,11,24,35,9,10,5,12,63,0,2.9,0,-0.01,0,NA,0,0,-1.5,0,0,2.4,0,"2023-2024"
"BOL","EFE","35_2","Play In","Tyrique  Jones",17,5,1,4,25,0,0,NA,3,4,75,4,3,7,1,1,1,0,1,1,3,10,"H","L",64,37,29,17,12,9,13,8,11,24,35,9,10,5,12,63,64,37,29,17,12,9,13,8,11,24,35,9,10,5,12,63,0.62,2.6,192.3,0.07,38.5,1,25,1,6.2,43.4,38.46,3.8,18.2,"2023-2024"
"EFE","BOL","35_2","Play In","Isaia  Cordinier",7,2,1,2,50,0,2,0,0,0,NA,0,1,1,1,0,2,0,0,1,0,-2,"A","W",67,34,28,10,14,11,6,21,10,27,37,8,16,7,21,68,67,34,28,10,14,11,6,21,10,27,37,8,16,7,21,68,0.5,5.8,34.5,-0.02,17.2,0.5,25,0,-1.8,25,34.48,8.3,0,"2023-2024"
"EFE","BOL","35_2","Play In","Marco  Belinelli",19,11,1,1,100,3,7,42.9,0,0,NA,0,2,2,1,0,1,0,0,1,1,9,"A","W",67,34,28,10,14,11,6,21,10,27,37,8,16,7,21,68,67,34,28,10,14,11,6,21,10,27,37,8,16,7,21,68,1.38,8.6,127.9,0.07,11.6,1,68.8,0,6.9,68.8,11.63,4.6,0,"2023-2024"
"EFE","BOL","35_2","Play In","Tornike  Shengelia",22,13,4,12,33.3,1,2,50,2,4,50,1,3,4,3,2,1,0,1,1,3,11,"A","W",67,34,28,10,14,11,6,21,10,27,37,8,16,7,21,68,67,34,28,10,14,11,6,21,10,27,37,8,16,7,21,68,0.72,15.1,86.1,0.08,19.9,3,39.3,0.29,8.7,41.2,6.62,7.4,5,"2023-2024"
"EFE","BOL","35_2","Play In","Daniel  Hackett",25,2,1,4,25,0,1,0,0,0,NA,3,2,5,2,1,1,0,1,4,1,1,"A","W",67,34,28,10,14,11,6,21,10,27,37,8,16,7,21,68,67,34,28,10,14,11,6,21,10,27,37,8,16,7,21,68,0.4,2.9,69,0,69,2,20,0,1.4,20,34.48,2.3,15,"2023-2024"
"EFE","BOL","35_2","Play In","Bryant  Dunston",20,0,0,0,NA,0,0,NA,0,0,NA,2,1,3,2,2,1,1,0,3,0,4,"A","W",67,34,28,10,14,11,6,21,10,27,37,8,16,7,21,68,67,34,28,10,14,11,6,21,10,27,37,8,16,7,21,68,NA,-1,0,0.02,-200,2,NA,NA,3.6,NA,-100,0.5,10,"2023-2024"
"EFE","BOL","35_2","Play In","Gabriel  Lundberg",31,12,3,6,50,2,5,40,0,2,0,0,7,7,7,1,2,0,0,3,2,16,"A","W",67,34,28,10,14,11,6,21,10,27,37,8,16,7,21,68,67,34,28,10,14,11,6,21,10,27,37,8,16,7,21,68,0.92,13.3,90.2,0.13,52.6,3.5,54.5,0.18,10.3,50.5,15.04,4.3,0,"2023-2024"
"EFE","BOL","35_2","Play In","Alessandro  Pajola",16,3,0,0,NA,1,1,100,0,0,NA,1,1,2,3,0,2,0,0,3,1,4,"A","W",67,34,28,10,14,11,6,21,10,27,37,8,16,7,21,68,67,34,28,10,14,11,6,21,10,27,37,8,16,7,21,68,3,1.9,157.9,0.02,157.9,1.5,150,0,2.6,150,105.26,1.8,5,"2023-2024"
"EFE","BOL","35_2","Play In","Jordan  Mickey",5,0,0,1,0,0,0,NA,0,0,NA,0,3,3,0,0,3,1,0,2,0,-2,"A","W",67,34,28,10,14,11,6,21,10,27,37,8,16,7,21,68,67,34,28,10,14,11,6,21,10,27,37,8,16,7,21,68,0,3.8,0,-0.02,0,0,0,0,-2.9,0,78.95,7.8,0,"2023-2024"
"EFE","BOL","35_2","Play In","Achille  Polonara",17,8,0,2,0,2,3,66.7,2,2,100,0,4,4,0,1,1,2,1,0,3,13,"A","W",67,34,28,10,14,11,6,21,10,27,37,8,16,7,21,68,67,34,28,10,14,11,6,21,10,27,37,8,16,7,21,68,1.14,6.6,121.2,0.09,0,0,60,0.4,7.9,68,15.15,3.9,0,"2023-2024"
"EFE","BOL","35_2","Play In","Ante  Zizic",12,4,2,4,50,0,0,NA,0,0,NA,2,1,3,1,0,2,2,2,2,0,2,"A","W",67,34,28,10,14,11,6,21,10,27,37,8,16,7,21,68,67,34,28,10,14,11,6,21,10,27,37,8,16,7,21,68,1,3.8,105.3,0.02,26.3,0.5,50,0,3,50,52.63,4.9,10,"2023-2024"
"EFE","BOL","35_2","Play In","Awudu  Abass",23,12,2,2,100,2,7,28.6,2,2,100,1,2,3,1,1,0,1,0,1,0,12,"A","W",67,34,28,10,14,11,6,21,10,27,37,8,16,7,21,68,67,34,28,10,14,11,6,21,10,27,37,8,16,7,21,68,1.09,8.5,141.2,0.1,11.8,Inf,55.6,0.22,10.6,60.7,0,4.2,5,"2023-2024"
"BAS","BOL","36_1","Play In","Marco  Belinelli",20,10,1,2,50,2,7,28.6,2,2,100,1,2,3,0,1,5,0,0,1,2,4,"A","L",77,34,26,14,22,8,9,11,10,23,33,7,16,5,20,79,77,34,26,14,22,8,9,11,10,23,33,7,16,5,20,79,0.91,13.3,75.2,0.01,0,0,44.4,0.22,1.8,50.6,37.59,7.2,5,"2023-2024"
"BAS","BOL","36_1","Play In","Alessandro  Pajola",17,1,0,1,0,0,1,0,1,2,50,1,0,1,1,0,2,0,0,2,1,-3,"A","L",77,34,26,14,22,8,9,11,10,23,33,7,16,5,20,79,77,34,26,14,22,8,9,11,10,23,33,7,16,5,20,79,0.25,3.7,27,-0.04,27,0.5,0,1,-2.2,17.4,54.05,2.8,5,"2023-2024"
"BAS","BOL","36_1","Play In","Tornike  Shengelia",23,16,6,7,85.7,0,3,0,4,6,66.7,2,5,7,1,2,4,0,0,4,6,18,"A","L",77,34,26,14,22,8,9,11,10,23,33,7,16,5,20,79,77,34,26,14,22,8,9,11,10,23,33,7,16,5,20,79,1,14.1,113.5,0.1,7.1,0.2,60,0.6,10.6,63.3,28.37,7,10,"2023-2024"
"BAS","BOL","36_1","Play In","Daniel  Hackett",24,13,1,4,25,3,3,100,2,2,100,1,2,3,0,1,0,1,0,3,6,18,"A","L",77,34,26,14,22,8,9,11,10,23,33,7,16,5,20,79,77,34,26,14,22,8,9,11,10,23,33,7,16,5,20,79,1.44,6.6,197,0.1,0,NA,78.6,0.29,11.5,82.5,0,3.2,5,"2023-2024"
"BAS","BOL","36_1","Play In","Bryant  Dunston",13,0,0,1,0,0,0,NA,0,0,NA,2,0,2,1,1,1,1,0,3,0,0,"A","L",77,34,26,14,22,8,9,11,10,23,33,7,16,5,20,79,77,34,26,14,22,8,9,11,10,23,33,7,16,5,20,79,0,0,NA,-0.01,Inf,1,0,0,0.9,0,Inf,1.5,10,"2023-2024"
"BAS","BOL","36_1","Play In","Isaia  Cordinier",23,10,5,7,71.4,0,1,0,0,0,NA,0,4,4,4,0,0,2,0,2,0,15,"A","L",77,34,26,14,22,8,9,11,10,23,33,7,16,5,20,79,77,34,26,14,22,8,9,11,10,23,33,7,16,5,20,79,1.25,7.7,129.9,0.13,51.9,Inf,62.5,0,11,62.5,0,3.4,0,"2023-2024"
"BAS","BOL","36_1","Play In","Gabriel  Lundberg",20,10,5,6,83.3,0,4,0,0,1,0,1,1,2,2,2,1,0,1,1,2,9,"A","L",77,34,26,14,22,8,9,11,10,23,33,7,16,5,20,79,77,34,26,14,22,8,9,11,10,23,33,7,16,5,20,79,0.91,10,100,0.07,20,2,50,0.1,7.6,47.9,10,5.6,5,"2023-2024"
"BAS","BOL","36_1","Play In","Ognjen  Dobric",0,0,0,0,NA,0,0,NA,0,0,NA,0,0,0,0,0,0,0,0,0,0,0,"A","L",77,34,26,14,22,8,9,11,10,23,33,7,16,5,20,79,77,34,26,14,22,8,9,11,10,23,33,7,16,5,20,79,NA,0,NA,0,NA,NA,NA,NA,0,NA,NA,NA,0,"2023-2024"
"BAS","BOL","36_1","Play In","Jordan  Mickey",10,3,0,1,0,1,1,100,0,0,NA,2,2,4,0,0,1,0,1,2,0,2,"A","L",77,34,26,14,22,8,9,11,10,23,33,7,16,5,20,79,77,34,26,14,22,8,9,11,10,23,33,7,16,5,20,79,1.5,1,300,0.02,0,0,75,0,2.2,75,100,2.9,10,"2023-2024"
"BAS","BOL","36_1","Play In","Achille  Polonara",16,3,0,0,NA,1,2,50,0,0,NA,0,5,5,2,0,1,1,0,0,1,10,"A","L",77,34,26,14,22,8,9,11,10,23,33,7,16,5,20,79,77,34,26,14,22,8,9,11,10,23,33,7,16,5,20,79,1.5,2.9,103.4,0.08,69,2,75,0,4.6,75,34.48,1.8,0,"2023-2024"
"BAS","BOL","36_1","Play In","Ante  Zizic",12,4,2,3,66.7,0,0,NA,0,1,0,0,1,1,0,0,1,0,0,0,1,3,"A","L",77,34,26,14,22,8,9,11,10,23,33,7,16,5,20,79,77,34,26,14,22,8,9,11,10,23,33,7,16,5,20,79,1,4.3,93,0.02,0,0,66.7,0.33,1.6,58.1,23.26,3.6,0,"2023-2024"
"BAS","BOL","36_1","Play In","Awudu  Abass",21,7,2,2,100,1,4,25,0,0,NA,0,1,1,0,0,0,0,0,2,0,3,"A","L",77,34,26,14,22,8,9,11,10,23,33,7,16,5,20,79,77,34,26,14,22,8,9,11,10,23,33,7,16,5,20,79,1.17,5.8,120.7,0.03,0,NA,58.3,0,3.5,58.3,0,2.8,0,"2023-2024"
"BOL","BAS","36_1","Play In","Tadas  Sedekerskis",36,16,3,4,75,3,4,75,1,1,100,3,4,7,1,0,1,0,0,0,4,25,"H","W",89,31,39,13,15,16,11,22,14,20,34,9,11,2,19,100,89,31,39,13,15,16,11,22,14,20,34,9,11,2,19,100,1.78,6.2,258.1,0.13,16.1,1,93.8,0.12,15.8,94.8,16.13,2.4,10.7,"2023-2024"
"BOL","BAS","36_1","Play In","Vanja  Marinkovic",23,5,1,2,50,1,2,50,0,0,NA,0,1,1,2,0,2,0,0,5,1,0,"H","W",89,31,39,13,15,16,11,22,14,20,34,9,11,2,19,100,89,31,39,13,15,16,11,22,14,20,34,9,11,2,19,100,1.25,5.8,86.2,-0.01,34.5,1,62.5,0,0.7,62.5,34.48,2.4,0,"2023-2024"
"BOL","BAS","36_1","Play In","Codi  Miller-McIntyre",35,8,4,8,50,0,2,0,0,1,0,1,6,7,8,1,4,0,0,2,5,16,"H","W",89,31,39,13,15,16,11,22,14,20,34,9,11,2,19,100,89,31,39,13,15,16,11,22,14,20,34,9,11,2,19,100,0.73,12.9,62,0.07,62,2,40,0.1,6.5,38.3,31.01,3.8,3.6,"2023-2024"
"BOL","BAS","36_1","Play In","Nikos  Rogkavopoulos",22,9,2,4,50,1,4,25,2,3,66.7,3,4,7,0,2,2,0,1,3,2,8,"H","W",89,31,39,13,15,16,11,22,14,20,34,9,11,2,19,100,89,31,39,13,15,16,11,22,14,20,34,9,11,2,19,100,0.82,8,112.5,0.04,0,0,43.8,0.38,6.3,48.3,25,4.7,10.7,"2023-2024"
"BOL","BAS","36_1","Play In","Maik  Kotsar",17,4,2,2,100,0,0,NA,0,0,NA,3,0,3,5,2,0,0,0,2,0,12,"H","W",89,31,39,13,15,16,11,22,14,20,34,9,11,2,19,100,89,31,39,13,15,16,11,22,14,20,34,9,11,2,19,100,2,-1,-400,0.07,-500,Inf,100,0,10.2,100,0,1.1,10.7,"2023-2024"
"BOL","BAS","36_1","Play In","Markus  Howard",25,28,1,7,14.3,8,19,42.1,2,2,100,1,0,1,3,2,2,0,3,2,1,11,"H","W",89,31,39,13,15,16,11,22,14,20,34,9,11,2,19,100,89,31,39,13,15,16,11,22,14,20,34,9,11,2,19,100,1,26.8,104.5,0.08,11.2,1.5,50,0.08,15.4,52.1,7.46,10.7,3.6,"2023-2024"
"BOL","BAS","36_1","Play In","Sander  Raieste",10,0,0,0,NA,0,0,NA,0,0,NA,0,2,2,0,1,0,0,0,0,3,6,"H","W",89,31,39,13,15,16,11,22,14,20,34,9,11,2,19,100,89,31,39,13,15,16,11,22,14,20,34,9,11,2,19,100,NA,0,NA,0.02,NA,NA,NA,NA,1.6,NA,NA,0,0,"2023-2024"
"BOL","BAS","36_1","Play In","Christopher  Chiozza",5,0,0,0,NA,0,2,0,0,0,NA,0,0,0,1,0,0,1,0,2,0,-2,"H","W",89,31,39,13,15,16,11,22,14,20,34,9,11,2,19,100,89,31,39,13,15,16,11,22,14,20,34,9,11,2,19,100,0,1.9,0,-0.02,52.6,Inf,0,0,-0.8,0,0,3.7,0,"2023-2024"
"BOL","BAS","36_1","Play In","Daniel  Diez",4,0,0,0,NA,0,0,NA,0,0,NA,0,1,1,0,0,0,0,0,0,0,1,"H","W",89,31,39,13,15,16,11,22,14,20,34,9,11,2,19,100,89,31,39,13,15,16,11,22,14,20,34,9,11,2,19,100,NA,0,NA,0.01,NA,NA,NA,NA,0.3,NA,NA,0,0,"2023-2024"
"BOL","BAS","36_1","Play In","Matthew  Costello",23,19,2,4,50,3,6,50,6,6,100,3,2,5,2,1,0,1,1,3,4,23,"H","W",89,31,39,13,15,16,11,22,14,20,34,9,11,2,19,100,89,31,39,13,15,16,11,22,14,20,34,9,11,2,19,100,1.19,9.3,204.3,0.12,21.5,Inf,65,0.6,18.6,75.2,0,5.1,10.7,"2023-2024"
"MAC","PAN","37_1","Play offs","Kostas  Sloukas",32,12,2,3,66.7,1,3,33.3,5,6,83.3,0,2,2,13,2,1,0,0,4,3,23,"H","L",87,30,26,26,22,9,16,24,6,25,31,3,11,3,22,101,87,30,26,26,22,9,16,24,6,25,31,3,11,3,22,101,1,9.3,129,0.13,139.8,13,58.3,1,17.7,69.4,10.75,3.1,0,"2023-2024"
"MAC","PAN","37_1","Play offs","Kendrick  Nunn",21,8,4,4,100,0,1,0,0,0,NA,1,2,3,1,0,3,0,0,4,2,6,"H","L",87,30,26,26,22,9,16,24,6,25,31,3,11,3,22,101,87,30,26,26,22,9,16,24,6,25,31,3,11,3,22,101,1.6,6.7,119.4,0.02,14.9,0.3,80,0,3.5,80,44.78,3.9,8.3,"2023-2024"
"MAC","PAN","37_1","Play offs","Mathias  Lessort",34,22,9,11,81.8,0,0,NA,4,11,36.4,1,5,6,1,0,2,0,0,2,10,26,"H","L",87,30,26,26,22,9,16,24,6,25,31,3,11,3,22,101,87,30,26,26,22,9,16,24,6,25,31,3,11,3,22,101,1,16.2,135.8,0.1,6.2,0.5,81.8,1,15.2,69.4,12.35,5.4,8.3,"2023-2024"
"MAC","PAN","37_1","Play offs","Marius  Grigonis",24,11,0,0,NA,3,8,37.5,2,2,100,0,4,4,2,0,0,0,1,4,3,10,"H","L",87,30,26,26,22,9,16,24,6,25,31,3,11,3,22,101,87,30,26,26,22,9,16,24,6,25,31,3,11,3,22,101,1.1,8.5,129.4,0.05,23.5,Inf,56.2,0.25,7.6,61.9,0,3.8,0,"2023-2024"
"MAC","PAN","37_1","Play offs","Konstantinos  Mitoglou",21,9,2,2,100,1,3,33.3,2,2,100,1,0,1,0,0,1,1,0,2,1,7,"H","L",87,30,26,26,22,9,16,24,6,25,31,3,11,3,22,101,87,30,26,26,22,9,16,24,6,25,31,3,11,3,22,101,1.29,5.6,160.7,0.03,0,0,70,0.4,6.3,76.5,17.86,3.3,8.3,"2023-2024"
"MAC","PAN","37_1","Play offs","Panagiotis  Kalaitzakis",4,2,0,1,0,0,1,0,2,2,100,1,2,3,1,0,0,1,0,0,1,6,"H","L",87,30,26,26,22,9,16,24,6,25,31,3,11,3,22,101,87,30,26,26,22,9,16,24,6,25,31,3,11,3,22,101,0.5,1.8,111.1,0.03,55.6,Inf,0,1,3.3,34.7,0,7.3,8.3,"2023-2024"
"MAC","PAN","37_1","Play offs","Luca  Vildoza",10,9,0,1,0,3,4,75,0,0,NA,0,2,2,2,0,1,0,0,0,0,10,"H","L",87,30,26,26,22,9,16,24,6,25,31,3,11,3,22,101,87,30,26,26,22,9,16,24,6,25,31,3,11,3,22,101,1.8,5.8,155.2,0.07,34.5,2,90,0,7.7,90,17.24,6.1,0,"2023-2024"
"MAC","PAN","37_1","Play offs","Ioannis  Papapetrou",3,0,0,0,NA,0,1,0,0,0,NA,1,0,1,0,0,1,0,1,0,0,-2,"H","L",87,30,26,26,22,9,16,24,6,25,31,3,11,3,22,101,87,30,26,26,22,9,16,24,6,25,31,3,11,3,22,101,0,1,0,-0.01,0,0,0,0,-1,0,100,6.8,8.3,"2023-2024"
"MAC","PAN","37_1","Play offs","Jerian  Grant",25,11,4,6,66.7,1,1,100,0,1,0,0,0,0,2,1,1,0,0,2,1,9,"H","L",87,30,26,26,22,9,16,24,6,25,31,3,11,3,22,101,87,30,26,26,22,9,16,24,6,25,31,3,11,3,22,101,1.38,8.1,135.8,0.05,24.7,2,78.6,0.14,8.3,73.9,12.35,3.4,0,"2023-2024"
"MAC","PAN","37_1","Play offs","Kostas  Antetokounmpo",4,0,0,0,NA,0,0,NA,0,0,NA,0,0,0,0,0,1,1,0,2,1,-1,"H","L",87,30,26,26,22,9,16,24,6,25,31,3,11,3,22,101,87,30,26,26,22,9,16,24,6,25,31,3,11,3,22,101,NA,1,0,-0.02,0,0,NA,NA,-1.1,NA,100,2.5,0,"2023-2024"
"MAC","PAN","37_1","Play offs","Juan  Hernangomez",21,3,1,2,50,0,4,0,1,2,50,1,8,9,2,0,0,0,0,2,1,7,"H","L",87,30,26,26,22,9,16,24,6,25,31,3,11,3,22,101,87,30,26,26,22,9,16,24,6,25,31,3,11,3,22,101,0.38,5.6,53.6,0.04,35.7,Inf,16.7,0.33,2.5,21.8,0,3.3,8.3,"2023-2024"
"PAN","MAC","37_1","Play offs","Lorenzo  Brown",34,16,3,8,37.5,3,4,75,1,2,50,1,3,4,3,1,1,0,1,4,3,14,"A","W",91,47,23,27,23,8,21,15,12,19,31,8,6,2,23,92,91,47,23,27,23,8,21,15,12,19,31,8,6,2,23,92,1.14,12.4,129,0.09,24.2,3,62.5,0.17,11.7,62.1,8.06,3.7,4.2,"2023-2024"
"PAN","MAC","37_1","Play offs","Wade  Baldwin IV",26,15,4,8,50,0,3,0,7,10,70,0,1,1,7,1,2,1,0,2,7,18,"A","W",91,47,23,27,23,8,21,15,12,19,31,8,6,2,23,92,91,47,23,27,23,8,21,15,12,19,31,8,6,2,23,92,0.71,16.7,89.8,0.08,41.9,3.5,36.4,0.91,11.8,48.7,11.98,6.1,0,"2023-2024"
"PAN","MAC","37_1","Play offs","Jake  Cohen",13,7,2,3,66.7,1,1,100,0,0,NA,0,0,0,0,0,0,0,0,2,0,4,"A","W",91,47,23,27,23,8,21,15,12,19,31,8,6,2,23,92,91,47,23,27,23,8,21,15,12,19,31,8,6,2,23,92,1.75,3.8,184.2,0.03,0,NA,87.5,0,4.6,87.5,0,2.8,0,"2023-2024"
"PAN","MAC","37_1","Play offs","Josh  Nebo",23,12,4,6,66.7,0,0,NA,4,4,100,5,3,8,0,1,0,0,0,3,2,18,"A","W",91,47,23,27,23,8,21,15,12,19,31,8,6,2,23,92,91,47,23,27,23,8,21,15,12,19,31,8,6,2,23,92,1.2,2.6,461.5,0.1,0,NA,66.7,0.67,13.6,77.3,0,3.1,20.8,"2023-2024"
"PAN","MAC","37_1","Play offs","Bonzie  Colson",31,18,3,8,37.5,3,4,75,3,3,100,0,3,3,0,1,1,0,1,2,3,15,"A","W",91,47,23,27,23,8,21,15,12,19,31,8,6,2,23,92,91,47,23,27,23,8,21,15,12,19,31,8,6,2,23,92,1.2,13.7,131.4,0.1,0,0,62.5,0.25,12.1,67.6,7.3,4.2,0,"2023-2024"
"PAN","MAC","37_1","Play offs","Antonius  Cleveland",17,5,1,2,50,0,1,0,3,3,100,3,2,5,0,2,0,1,0,3,2,10,"A","W",91,47,23,27,23,8,21,15,12,19,31,8,6,2,23,92,91,47,23,27,23,8,21,15,12,19,31,8,6,2,23,92,0.83,1.3,384.6,0.05,0,NA,33.3,1,7.5,57.9,0,2.3,12.5,"2023-2024"
"PAN","MAC","37_1","Play offs","James  Webb III",11,6,2,3,66.7,0,4,0,2,3,66.7,1,4,5,0,0,0,0,0,3,4,6,"A","W",91,47,23,27,23,8,21,15,12,19,31,8,6,2,23,92,91,47,23,27,23,8,21,15,12,19,31,8,6,2,23,92,0.6,7,85.7,0.01,0,NA,28.6,0.43,2.2,36.1,0,6.9,4.2,"2023-2024"
"PAN","MAC","37_1","Play offs","Roman  Sorkin",4,0,0,1,0,0,0,NA,0,0,NA,0,0,0,0,1,0,0,0,0,0,0,"A","W",91,47,23,27,23,8,21,15,12,19,31,8,6,2,23,92,91,47,23,27,23,8,21,15,12,19,31,8,6,2,23,92,0,1,0,0,0,NA,0,0,0.3,0,0,2.3,0,"2023-2024"
"PAN","MAC","37_1","Play offs","John  Dibartolomeo",3,0,0,1,0,0,0,NA,0,0,NA,0,0,0,0,0,0,0,0,0,0,-1,"A","W",91,47,23,27,23,8,21,15,12,19,31,8,6,2,23,92,91,47,23,27,23,8,21,15,12,19,31,8,6,2,23,92,0,1,0,-0.01,0,NA,0,0,-0.7,0,0,3,0,"2023-2024"
"PAN","MAC","37_1","Play offs","Jasiel  Rivero",15,9,4,7,57.1,0,0,NA,1,2,50,2,2,4,1,0,1,0,1,4,1,5,"A","W",91,47,23,27,23,8,21,15,12,19,31,8,6,2,23,92,91,47,23,27,23,8,21,15,12,19,31,8,6,2,23,92,1,6.6,136.4,0.03,15.2,1,57.1,0.29,5.4,57.1,15.15,5.4,8.3,"2023-2024"
"PAN","MAC","37_1","Play offs","Tamir  Blatt",22,3,0,0,NA,1,6,16.7,0,0,NA,0,1,1,4,1,1,0,0,0,0,3,"A","W",91,47,23,27,23,8,21,15,12,19,31,8,6,2,23,92,91,47,23,27,23,8,21,15,12,19,31,8,6,2,23,92,0.5,6.7,44.8,0.02,59.7,4,25,0,2.3,25,14.93,2.9,0,"2023-2024"
"BAS","RMB","37_2","Play offs","Facundo  Campazzo",18,10,2,3,66.7,1,3,33.3,3,4,75,0,1,1,3,1,0,0,0,2,4,13,"H","W",90,34,33,12,20,14,8,21,7,28,35,9,7,3,16,113,90,34,33,12,20,14,8,21,7,28,35,9,7,3,16,113,1,7.4,135.1,0.05,40.5,Inf,58.3,0.67,9.2,64.4,0,4.4,0,"2023-2024"
"BAS","RMB","37_2","Play offs","Mario  Hezonja",14,9,0,2,0,3,4,75,0,0,NA,0,1,1,0,1,0,0,0,2,0,6,"H","W",90,34,33,12,20,14,8,21,7,28,35,9,7,3,16,113,90,34,33,12,20,14,8,21,7,28,35,9,7,3,16,113,1.5,5.8,155.2,0.03,0,NA,75,0,6.5,75,0,4.3,0,"2023-2024"
"BAS","RMB","37_2","Play offs","Walter  Tavares",19,8,3,6,50,0,0,NA,2,4,50,2,5,7,3,2,1,2,0,2,2,16,"H","W",90,34,33,12,20,14,8,21,7,28,35,9,7,3,16,113,90,34,33,12,20,14,8,21,7,28,35,9,7,3,16,113,0.8,6.5,123.1,0.06,46.2,3,50,0.67,10.8,51.5,15.38,4.7,14.3,"2023-2024"
"BAS","RMB","37_2","Play offs","Guerschon  Yabusele",28,7,1,3,33.3,1,3,33.3,2,2,100,2,5,7,2,1,1,0,1,2,2,11,"H","W",90,34,33,12,20,14,8,21,7,28,35,9,7,3,16,113,90,34,33,12,20,14,8,21,7,28,35,9,7,3,16,113,0.88,5.6,125,0.05,35.7,2,41.7,0.33,7.1,50.9,17.86,2.8,14.3,"2023-2024"
"BAS","RMB","37_2","Play offs","Dzanan  Musa",17,16,3,3,100,3,6,50,1,1,100,0,3,3,3,0,1,0,0,0,2,20,"H","W",90,34,33,12,20,14,8,21,7,28,35,9,7,3,16,113,90,34,33,12,20,14,8,21,7,28,35,9,7,3,16,113,1.6,10,160,0.1,30,3,83.3,0.11,14.1,84.7,10,6.2,0,"2023-2024"
"BAS","RMB","37_2","Play offs","Fabien  Causeur",0,0,0,0,NA,0,0,NA,0,0,NA,0,0,0,0,0,0,0,0,0,0,0,"H","W",90,34,33,12,20,14,8,21,7,28,35,9,7,3,16,113,90,34,33,12,20,14,8,21,7,28,35,9,7,3,16,113,NA,0,NA,0,NA,NA,NA,NA,0,NA,NA,NA,0,"2023-2024"
"BAS","RMB","37_2","Play offs","Rudy  Fernandez",11,6,0,0,NA,2,2,100,0,0,NA,1,2,3,0,0,0,0,0,1,0,8,"H","W",90,34,33,12,20,14,8,21,7,28,35,9,7,3,16,113,90,34,33,12,20,14,8,21,7,28,35,9,7,3,16,113,3,1,600,0.04,0,NA,150,0,6.3,150,0,1.8,7.1,"2023-2024"
"BAS","RMB","37_2","Play offs","Alberto   Abalde",13,7,2,4,50,1,1,100,0,0,NA,0,0,0,0,0,0,0,0,0,1,6,"H","W",90,34,33,12,20,14,8,21,7,28,35,9,7,3,16,113,90,34,33,12,20,14,8,21,7,28,35,9,7,3,16,113,1.4,4.8,145.8,0.03,0,NA,70,0,4.7,70,0,3.9,0,"2023-2024"
"BAS","RMB","37_2","Play offs","Sergio  Rodriguez",20,5,1,1,100,1,6,16.7,0,0,NA,0,1,1,6,1,1,0,0,1,2,8,"H","W",90,34,33,12,20,14,8,21,7,28,35,9,7,3,16,113,90,34,33,12,20,14,8,21,7,28,35,9,7,3,16,113,0.71,7.7,64.9,0.03,77.9,6,35.7,0,5,35.7,12.99,4,0,"2023-2024"
"BAS","RMB","37_2","Play offs","Gabriel  Deck",22,4,2,3,66.7,0,2,0,0,0,NA,0,2,2,3,1,0,0,0,2,0,5,"H","W",90,34,33,12,20,14,8,21,7,28,35,9,7,3,16,113,90,34,33,12,20,14,8,21,7,28,35,9,7,3,16,113,0.8,4.8,83.3,0.03,62.5,Inf,40,0,4.2,40,0,2.3,0,"2023-2024"
"BAS","RMB","37_2","Play offs","Vincent  Poirier",21,10,5,8,62.5,0,0,NA,0,1,0,2,5,7,1,1,2,1,0,1,1,14,"H","W",90,34,33,12,20,14,8,21,7,28,35,9,7,3,16,113,90,34,33,12,20,14,8,21,7,28,35,9,7,3,16,113,1.11,8.1,123.5,0.06,12.3,0.5,62.5,0.12,8.9,59.2,24.69,5,14.3,"2023-2024"
"BAS","RMB","37_2","Play offs","Sergio  Llull",16,8,1,1,100,2,6,33.3,0,0,NA,0,3,3,0,1,1,0,0,3,2,6,"H","W",90,34,33,12,20,14,8,21,7,28,35,9,7,3,16,113,90,34,33,12,20,14,8,21,7,28,35,9,7,3,16,113,1.14,7.7,103.9,0.02,0,0,57.1,0,4,57.1,12.99,5,0,"2023-2024"
"RMB","BAS","37_2","Play offs","Tadas  Sedekerskis",26,3,1,1,100,0,3,0,1,2,50,1,6,7,1,0,0,1,0,0,2,10,"A","L",74,26,41,11,16,12,6,18,10,25,35,3,12,1,16,72,74,26,41,11,16,12,6,18,10,25,35,3,12,1,16,72,0.5,3.7,81.1,0.07,27,Inf,25,0.5,4.1,30.7,0,1.8,5,"2023-2024"
"RMB","BAS","37_2","Play offs","Vanja  Marinkovic",28,9,3,4,75,1,4,25,0,0,NA,1,1,2,2,1,1,0,1,1,1,8,"A","L",74,26,41,11,16,12,6,18,10,25,35,3,12,1,16,72,74,26,41,11,16,12,6,18,10,25,35,3,12,1,16,72,1.12,7.7,116.9,0.07,26,2,56.2,0,7,56.2,12.99,3.1,5,"2023-2024"
"RMB","BAS","37_2","Play offs","Codi  Miller-McIntyre",27,14,4,6,66.7,1,2,50,3,6,50,1,3,4,5,1,5,0,1,2,5,15,"A","L",74,26,41,11,16,12,6,18,10,25,35,3,12,1,16,72,74,26,41,11,16,12,6,18,10,25,35,3,12,1,16,72,1,14.1,99.3,0.1,35.5,1,68.8,0.75,9.5,65.8,35.46,5.5,5,"2023-2024"
"RMB","BAS","37_2","Play offs","Nikos  Rogkavopoulos",22,14,1,2,50,4,9,44.4,0,0,NA,1,1,2,1,1,2,0,0,3,1,8,"A","L",74,26,41,11,16,12,6,18,10,25,35,3,12,1,16,72,74,26,41,11,16,12,6,18,10,25,35,3,12,1,16,72,1.27,11.5,121.7,0.06,8.7,0.5,63.6,0,7.8,63.6,17.39,5.6,5,"2023-2024"
"RMB","BAS","37_2","Play offs","Maik  Kotsar",14,2,1,4,25,0,0,NA,0,0,NA,3,1,4,1,0,0,0,1,3,0,0,"A","L",74,26,41,11,16,12,6,18,10,25,35,3,12,1,16,72,74,26,41,11,16,12,6,18,10,25,35,3,12,1,16,72,0.5,1,200,0,100,Inf,25,0,1.5,25,0,2.7,15,"2023-2024"
"RMB","BAS","37_2","Play offs","Markus  Howard",19,15,2,5,40,3,9,33.3,2,3,66.7,0,0,0,0,0,2,0,0,3,2,2,"A","L",74,26,41,11,16,12,6,18,10,25,35,3,12,1,16,72,74,26,41,11,16,12,6,18,10,25,35,3,12,1,16,72,0.88,16.6,90.4,0,0,0,46.4,0.21,3.6,49,12.05,8.7,0,"2023-2024"
"RMB","BAS","37_2","Play offs","Sander  Raieste",7,0,0,0,NA,0,1,0,0,0,NA,0,1,1,0,0,0,0,0,0,0,0,"A","L",74,26,41,11,16,12,6,18,10,25,35,3,12,1,16,72,74,26,41,11,16,12,6,18,10,25,35,3,12,1,16,72,0,1,0,0,0,NA,0,0,-0.4,0,0,1.4,0,"2023-2024"
"RMB","BAS","37_2","Play offs","Christopher  Chiozza",15,3,0,0,NA,1,2,50,0,0,NA,1,5,6,2,0,1,0,0,2,3,10,"A","L",74,26,41,11,16,12,6,18,10,25,35,3,12,1,16,72,74,26,41,11,16,12,6,18,10,25,35,3,12,1,16,72,1.5,1.9,157.9,0.06,105.3,2,75,0,3.8,75,52.63,1.9,5,"2023-2024"
"RMB","BAS","37_2","Play offs","Daniel  Diez",14,0,0,0,NA,0,4,0,0,0,NA,1,2,3,3,0,0,0,0,0,0,2,"A","L",74,26,41,11,16,12,6,18,10,25,35,3,12,1,16,72,74,26,41,11,16,12,6,18,10,25,35,3,12,1,16,72,0,2.9,0,0.01,103.4,Inf,0,0,0.6,0,0,2.7,5,"2023-2024"
"RMB","BAS","37_2","Play offs","Matthew  Costello",26,14,4,4,100,2,7,28.6,0,0,NA,1,5,6,3,0,1,0,0,2,2,17,"A","L",74,26,41,11,16,12,6,18,10,25,35,3,12,1,16,72,74,26,41,11,16,12,6,18,10,25,35,3,12,1,16,72,1.27,10.6,132.1,0.14,28.3,3,63.6,0,11.2,63.6,9.43,4.4,5,"2023-2024"
"BAR","OLY","37_3","Play offs","Thomas  Walkup",18,0,0,1,0,0,0,NA,0,0,NA,1,1,2,5,1,4,0,0,5,1,-1,"A","W",77,35,17,27,22,5,18,20,6,23,29,11,17,0,26,83,77,35,17,27,22,5,18,20,6,23,29,11,17,0,26,83,0,3.8,0,-0.02,131.6,1.2,0,0,-1.2,0,105.26,2.7,8.3,"2023-2024"
"BAR","OLY","37_3","Play offs","Isaiah  Canaan",31,14,0,2,0,3,7,42.9,5,7,71.4,0,1,1,3,1,1,0,0,1,5,14,"A","W",77,35,17,27,22,5,18,20,6,23,29,11,17,0,26,83,77,35,17,27,22,5,18,20,6,23,29,11,17,0,26,83,0.88,12.6,111.1,0.08,23.8,3,50,0.78,10.1,57.9,7.94,4.2,0,"2023-2024"
"BAR","OLY","37_3","Play offs","Moustapha  Fall",21,11,5,6,83.3,0,0,NA,1,2,50,0,4,4,2,1,2,0,0,5,1,10,"A","W",77,35,17,27,22,5,18,20,6,23,29,11,17,0,26,83,77,35,17,27,22,5,18,20,6,23,29,11,17,0,26,83,1.38,8.5,129.4,0.08,23.5,1,83.3,0.33,8,79.9,23.53,4.2,0,"2023-2024"
"BAR","OLY","37_3","Play offs","Alec  Peters",16,1,0,1,0,0,1,0,1,2,50,0,4,4,3,0,0,0,0,2,2,5,"A","W",77,35,17,27,22,5,18,20,6,23,29,11,17,0,26,83,77,35,17,27,22,5,18,20,6,23,29,11,17,0,26,83,0.25,2.8,35.7,0.03,107.1,Inf,0,1,1.7,17.4,0,1.8,0,"2023-2024"
"BAR","OLY","37_3","Play offs","Luke  Sikma",17,4,2,2,100,0,1,0,0,0,NA,1,2,3,0,2,2,0,0,2,0,4,"A","W",77,35,17,27,22,5,18,20,6,23,29,11,17,0,26,83,77,35,17,27,22,5,18,20,6,23,29,11,17,0,26,83,1.33,3.8,105.3,0.03,0,0,66.7,0,3.2,66.7,52.63,2.9,8.3,"2023-2024"
"BAR","OLY","37_3","Play offs","Nigel  Williams-Goss",25,15,3,5,60,2,4,50,3,4,75,0,1,1,2,1,4,0,0,3,6,13,"A","W",77,35,17,27,22,5,18,20,6,23,29,11,17,0,26,83,77,35,17,27,22,5,18,20,6,23,29,11,17,0,26,83,1.15,14.2,105.6,0.06,14.1,0.5,66.7,0.44,7.8,69.7,28.17,5.8,0,"2023-2024"
"BAR","OLY","37_3","Play offs","Moses  Wright",13,4,2,5,40,0,0,NA,0,2,0,2,1,3,0,1,0,0,1,0,1,3,"A","W",77,35,17,27,22,5,18,20,6,23,29,11,17,0,26,83,77,35,17,27,22,5,18,20,6,23,29,11,17,0,26,83,0.57,3.7,108.1,0.02,0,NA,40,0.4,3.2,34,0,4.5,16.7,"2023-2024"
"BAR","OLY","37_3","Play offs","Giannoulis  Larentzakis",7,2,0,0,NA,0,1,0,2,2,100,0,0,0,1,0,0,0,0,2,0,0,"A","W",77,35,17,27,22,5,18,20,6,23,29,11,17,0,26,83,77,35,17,27,22,5,18,20,6,23,29,11,17,0,26,83,0.67,1.8,111.1,0,55.6,Inf,0,2,1.2,53.2,0,2.7,0,"2023-2024"
"BAR","OLY","37_3","Play offs","Ignas  Brazdeikis",8,2,1,2,50,0,0,NA,0,0,NA,1,1,2,0,0,0,0,0,0,0,3,"A","W",77,35,17,27,22,5,18,20,6,23,29,11,17,0,26,83,77,35,17,27,22,5,18,20,6,23,29,11,17,0,26,83,1,1,200,0.02,0,NA,50,0,2,50,0,2.5,8.3,"2023-2024"
"BAR","OLY","37_3","Play offs","Filip  Petrusev",16,12,4,4,100,0,1,0,4,5,80,0,5,5,0,1,2,0,0,3,5,16,"A","W",77,35,17,27,22,5,18,20,6,23,29,11,17,0,26,83,77,35,17,27,22,5,18,20,6,23,29,11,17,0,26,83,1.2,8.8,136.4,0.1,0,0,80,1,9,83.3,22.73,5.7,0,"2023-2024"
"BAR","OLY","37_3","Play offs","Nikola  Milutinov",5,3,1,1,100,0,0,NA,1,1,100,0,1,1,0,0,1,0,0,2,1,2,"A","W",77,35,17,27,22,5,18,20,6,23,29,11,17,0,26,83,77,35,17,27,22,5,18,20,6,23,29,11,17,0,26,83,1.5,2.3,130.4,0.01,0,0,100,1,1.2,104.2,43.48,4.8,0,"2023-2024"
"BAR","OLY","37_3","Play offs","Shaquielle  McKissic",22,9,4,6,66.7,0,2,0,1,2,50,1,2,3,4,3,1,0,0,1,2,14,"A","W",77,35,17,27,22,5,18,20,6,23,29,11,17,0,26,83,77,35,17,27,22,5,18,20,6,23,29,11,17,0,26,83,0.9,8.5,105.9,0.1,47.1,4,50,0.25,10.3,50.7,11.76,4.4,8.3,"2023-2024"
"OLY","BAR","37_3","Play offs","Jan  Vesely",21,3,0,3,0,0,0,NA,3,4,75,2,2,4,2,0,3,1,0,3,2,2,"H","L",75,38,22,24,18,7,18,19,10,21,31,8,17,1,24,77,75,38,22,24,18,7,18,19,10,21,31,8,17,1,24,77,0.43,5.5,54.5,-0.02,36.4,0.7,0,1.33,0.4,31.5,54.55,3.4,10,"2023-2024"
"OLY","BAR","37_3","Play offs","Nikola  Kalinic",22,6,3,5,60,0,2,0,0,0,NA,2,1,3,1,0,0,0,0,3,1,4,"H","L",75,38,22,24,18,7,18,19,10,21,31,8,17,1,24,77,75,38,22,24,18,7,18,19,10,21,31,8,17,1,24,77,0.86,4.8,125,0.02,20.8,Inf,42.9,0,3.5,42.9,0,2.9,10,"2023-2024"
"OLY","BAR","37_3","Play offs","Tomas  Satoransky",22,0,0,1,0,0,0,NA,0,0,NA,1,3,4,4,2,1,0,0,3,1,6,"H","L",75,38,22,24,18,7,18,19,10,21,31,8,17,1,24,77,75,38,22,24,18,7,18,19,10,21,31,8,17,1,24,77,0,1,0,0.05,400,4,0,0,3.5,0,100,0.8,5,"2023-2024"
"OLY","BAR","37_3","Play offs","Nicolas  Laprovittola",25,9,2,3,66.7,1,6,16.7,2,2,100,0,2,2,3,2,2,0,0,4,4,8,"H","L",75,38,22,24,18,7,18,19,10,21,31,8,17,1,24,77,75,38,22,24,18,7,18,19,10,21,31,8,17,1,24,77,0.82,11.4,78.9,0.04,26.3,1.5,38.9,0.22,5,45.5,17.54,4.3,0,"2023-2024"
"OLY","BAR","37_3","Play offs","Jabari  Parker",28,13,3,8,37.5,1,2,50,4,6,66.7,1,6,7,0,0,4,0,0,0,4,12,"H","L",75,38,22,24,18,7,18,19,10,21,31,8,17,1,24,77,75,38,22,24,18,7,18,19,10,21,31,8,17,1,24,77,0.81,15,86.7,0.08,0,0,45,0.6,5.3,51.4,26.67,5.4,5,"2023-2024"
"OLY","BAR","37_3","Play offs","Oscar  da Silva",12,4,2,2,100,0,0,NA,0,0,NA,0,2,2,0,1,0,0,0,2,0,5,"H","L",75,38,22,24,18,7,18,19,10,21,31,8,17,1,24,77,75,38,22,24,18,7,18,19,10,21,31,8,17,1,24,77,2,1.9,210.5,0.05,0,NA,100,0,4.2,100,0,1.5,0,"2023-2024"
"OLY","BAR","37_3","Play offs","Ricard  Rubio",18,10,0,0,NA,2,5,40,4,4,100,0,2,2,7,2,4,0,0,4,4,14,"H","L",75,38,22,24,18,7,18,19,10,21,31,8,17,1,24,77,75,38,22,24,18,7,18,19,10,21,31,8,17,1,24,77,1.11,10.3,97.1,0.11,68,1.8,60,0.8,9.2,74,38.83,5.5,0,"2023-2024"
"OLY","BAR","37_3","Play offs","Willy  Hernangomez",19,13,4,9,44.4,0,0,NA,5,8,62.5,4,1,5,0,0,1,0,0,0,5,14,"H","L",75,38,22,24,18,7,18,19,10,21,31,8,17,1,24,77,75,38,22,24,18,7,18,19,10,21,31,8,17,1,24,77,0.76,9.1,142.9,0.08,0,0,44.4,0.89,9.2,51.9,10.99,6.5,20,"2023-2024"
"OLY","BAR","37_3","Play offs","Alejandro  Abrines",18,11,1,2,50,3,7,42.9,0,0,NA,0,1,1,0,0,1,0,0,3,3,6,"H","L",75,38,22,24,18,7,18,19,10,21,31,8,17,1,24,77,75,38,22,24,18,7,18,19,10,21,31,8,17,1,24,77,1.22,9.6,114.6,0.03,0,0,61.1,0,4.4,61.1,10.42,5.1,0,"2023-2024"
"OLY","BAR","37_3","Play offs","Rokas  Jokubaitis",14,6,3,5,60,0,0,NA,0,0,NA,0,1,1,2,1,1,0,0,2,1,6,"H","L",75,38,22,24,18,7,18,19,10,21,31,8,17,1,24,77,75,38,22,24,18,7,18,19,10,21,31,8,17,1,24,77,1.2,5.8,103.4,0.05,34.5,2,60,0,4.6,60,17.24,3.9,0,"2023-2024"
"ASM","FEN","37_4","Play offs","Sertac  Sanli",7,6,2,2,100,0,0,NA,2,2,100,0,1,1,0,0,0,0,0,4,2,5,"A","W",95,31,30,29,16,14,21,17,10,24,34,3,9,0,27,97,95,31,30,29,16,14,21,17,10,24,34,3,9,0,27,97,1.5,2.8,214.3,0.02,0,NA,100,1,4.1,104.2,0,4,0,"2023-2024"
"ASM","FEN","37_4","Play offs","Nigel  Hayes-Davis",39,19,5,8,62.5,2,5,40,3,3,100,4,3,7,1,0,0,0,1,1,4,23,"A","W",95,31,30,29,16,14,21,17,10,24,34,3,9,0,27,97,95,31,30,29,16,14,21,17,10,24,34,3,9,0,27,97,1.19,9.9,191.9,0.13,10.1,Inf,61.5,0.23,16.7,66.3,0,3.5,20,"2023-2024"
"ASM","FEN","37_4","Play offs","Tarik  Biberovic",14,2,1,2,50,0,1,0,0,0,NA,0,1,1,0,0,2,0,0,1,0,-2,"A","W",95,31,30,29,16,14,21,17,10,24,34,3,9,0,27,97,95,31,30,29,16,14,21,17,10,24,34,3,9,0,27,97,0.67,4.8,41.7,-0.01,0,0,33.3,0,-1.8,33.3,41.67,3.5,0,"2023-2024"
"ASM","FEN","37_4","Play offs","Tyler  Dorsey",31,13,0,2,0,3,7,42.9,4,5,80,1,6,7,5,0,2,0,1,3,3,15,"A","W",95,31,30,29,16,14,21,17,10,24,34,3,9,0,27,97,95,31,30,29,16,14,21,17,10,24,34,3,9,0,27,97,0.93,11.7,111.1,0.09,42.7,2.5,50,0.56,10.3,58,17.09,4.1,5,"2023-2024"
"ASM","FEN","37_4","Play offs","Nick  Calathes",32,17,3,6,50,2,4,50,5,8,62.5,1,3,4,3,1,1,0,0,5,5,16,"A","W",95,31,30,29,16,14,21,17,10,24,34,3,9,0,27,97,95,31,30,29,16,14,21,17,10,24,34,3,9,0,27,97,0.94,13,130.8,0.08,23.1,3,60,0.8,12.5,62.9,7.69,4.4,5,"2023-2024"
"ASM","FEN","37_4","Play offs","Amine  Noua",4,0,0,0,NA,0,1,0,0,0,NA,0,1,1,1,0,0,0,0,1,0,0,"A","W",95,31,30,29,16,14,21,17,10,24,34,3,9,0,27,97,95,31,30,29,16,14,21,17,10,24,34,3,9,0,27,97,0,1,0,0,100,Inf,0,0,-0.1,0,0,2.4,0,"2023-2024"
"ASM","FEN","37_4","Play offs","Scottie  Wilbekin",13,7,1,1,100,1,2,50,2,2,100,0,0,0,0,0,0,0,0,1,1,6,"A","W",95,31,30,29,16,14,21,17,10,24,34,3,9,0,27,97,95,31,30,29,16,14,21,17,10,24,34,3,9,0,27,97,1.4,3.7,189.2,0.04,0,NA,83.3,0.67,5.3,90.2,0,2.9,0,"2023-2024"
"ASM","FEN","37_4","Play offs","Georgios  Papagiannis",8,4,2,2,100,0,1,0,0,0,NA,1,2,3,0,0,1,0,0,0,0,5,"A","W",95,31,30,29,16,14,21,17,10,24,34,3,9,0,27,97,95,31,30,29,16,14,21,17,10,24,34,3,9,0,27,97,1.33,2.9,137.9,0.03,0,0,66.7,0,3,66.7,34.48,4.8,5,"2023-2024"
"ASM","FEN","37_4","Play offs","Dyshawn  Pierre",11,0,0,3,0,0,0,NA,0,0,NA,0,0,0,2,1,0,0,1,0,1,0,"A","W",95,31,30,29,16,14,21,17,10,24,34,3,9,0,27,97,95,31,30,29,16,14,21,17,10,24,34,3,9,0,27,97,0,2.9,0,0,69,Inf,0,0,0.3,0,0,2.6,0,"2023-2024"
"ASM","FEN","37_4","Play offs","Marko  Guduric",29,11,1,2,50,2,4,50,3,3,100,0,3,3,5,0,2,0,0,3,7,18,"A","W",95,31,30,29,16,14,21,17,10,24,34,3,9,0,27,97,95,31,30,29,16,14,21,17,10,24,34,3,9,0,27,97,1.22,8.9,123.6,0.08,56.2,2.5,66.7,0.5,9.2,75.1,22.47,3.1,0,"2023-2024"
"ASM","FEN","37_4","Play offs","Yam  Madar",5,0,0,0,NA,0,0,NA,0,2,0,1,0,1,0,0,1,0,0,4,1,-5,"A","W",95,31,30,29,16,14,21,17,10,24,34,3,9,0,27,97,95,31,30,29,16,14,21,17,10,24,34,3,9,0,27,97,0,0.8,0,-0.05,0,0,NA,Inf,-2.7,0,125,3.6,5,"2023-2024"
"ASM","FEN","37_4","Play offs","Nathan  Sestina",31,16,1,3,33.3,4,5,80,2,4,50,2,4,6,0,1,0,0,0,4,2,16,"A","W",95,31,30,29,16,14,21,17,10,24,34,3,9,0,27,97,95,31,30,29,16,14,21,17,10,24,34,3,9,0,27,97,1.33,7.4,216.2,0.09,0,NA,87.5,0.5,13.6,82,0,3,10,"2023-2024"
"FEN","ASM","37_4","Play offs","John  Brown III",32,8,3,9,33.3,0,0,NA,2,2,100,4,0,4,2,0,1,0,0,5,1,3,"H","L",91,40,27,30,21,8,25,17,9,16,25,5,6,3,27,92,91,40,27,30,21,8,25,17,9,16,25,5,6,3,27,92,0.73,6.6,121.2,0,30.3,2,33.3,0.22,4.1,40.5,15.15,3.2,22.2,"2023-2024"
"FEN","ASM","37_4","Play offs","Jordan  Loyd",25,16,3,5,60,2,4,50,4,4,100,1,1,2,2,0,2,0,0,5,4,13,"H","L",91,40,27,30,21,8,25,17,9,16,25,5,6,3,27,92,91,40,27,30,21,8,25,17,9,16,25,5,6,3,27,92,1.23,11.3,141.6,0.07,17.7,1,66.7,0.44,10.1,74.3,17.7,4.7,5.6,"2023-2024"
"FEN","ASM","37_4","Play offs","Jaron  Blossomgame",36,8,2,4,50,1,4,25,1,1,100,1,8,9,1,0,0,1,0,1,4,17,"H","L",91,40,27,30,21,8,25,17,9,16,25,5,6,3,27,92,91,40,27,30,21,8,25,17,9,16,25,5,6,3,27,92,0.89,7.1,112.7,0.1,14.1,Inf,43.8,0.12,7.7,47.4,0,2.2,5.6,"2023-2024"
"FEN","ASM","37_4","Play offs","Donatas  Motiejunas",21,12,1,1,100,2,4,50,4,6,66.7,1,2,3,2,0,0,1,0,4,4,14,"H","L",91,40,27,30,21,8,25,17,9,16,25,5,6,3,27,92,91,40,27,30,21,8,25,17,9,16,25,5,6,3,27,92,1.09,6.4,187.5,0.08,31.2,Inf,80,1.2,10.7,78.5,0,3.4,5.6,"2023-2024"
"FEN","ASM","37_4","Play offs","Mike  James",40,16,3,9,33.3,1,6,16.7,7,8,87.5,0,1,1,4,3,0,0,0,3,8,17,"H","L",91,40,27,30,21,8,25,17,9,16,25,5,6,3,27,92,91,40,27,30,21,8,25,17,9,16,25,5,6,3,27,92,0.7,17.8,89.9,0.08,22.5,Inf,30,0.53,11.6,43.2,0,4.3,0,"2023-2024"
"FEN","ASM","37_4","Play offs","Elie  Okobo",31,19,5,5,100,2,8,25,3,3,100,1,1,2,4,1,3,0,0,3,3,17,"H","L",91,40,27,30,21,8,25,17,9,16,25,5,6,3,27,92,91,40,27,30,21,8,25,17,9,16,25,5,6,3,27,92,1.19,15.7,121,0.11,25.5,1.3,61.5,0.23,13.3,66.3,19.11,5.2,5.6,"2023-2024"
"FEN","ASM","37_4","Play offs","Alpha  Diallo",28,10,3,6,50,0,1,0,4,6,66.7,1,3,4,2,1,0,1,0,5,3,10,"H","L",91,40,27,30,21,8,25,17,9,16,25,5,6,3,27,92,91,40,27,30,21,8,25,17,9,16,25,5,6,3,27,92,0.77,8.3,120.5,0.05,24.1,Inf,42.9,0.86,8.2,51.9,0,3.2,5.6,"2023-2024"
"FEN","ASM","37_4","Play offs","Petr  Cornelie",0,0,0,0,NA,0,0,NA,0,0,NA,0,0,0,0,0,0,0,0,0,0,0,"H","L",91,40,27,30,21,8,25,17,9,16,25,5,6,3,27,92,91,40,27,30,21,8,25,17,9,16,25,5,6,3,27,92,NA,0,NA,0,NA,NA,NA,NA,0,NA,NA,NA,0,"2023-2024"
"FEN","ASM","37_4","Play offs","Matthew  Strazel",4,2,1,1,100,0,0,NA,0,0,NA,0,0,0,0,0,0,0,0,0,0,2,"H","L",91,40,27,30,21,8,25,17,9,16,25,5,6,3,27,92,91,40,27,30,21,8,25,17,9,16,25,5,6,3,27,92,2,1,200,0.02,0,NA,100,0,1.7,100,0,2.3,0,"2023-2024"
"FEN","ASM","37_4","Play offs","Donta  Hall",8,0,0,0,NA,0,0,NA,0,0,NA,0,0,0,0,0,0,0,0,1,0,-1,"H","L",91,40,27,30,21,8,25,17,9,16,25,5,6,3,27,92,91,40,27,30,21,8,25,17,9,16,25,5,6,3,27,92,NA,0,NA,-0.01,NA,NA,NA,NA,-0.4,NA,NA,0,0,"2023-2024"
"MAC","PAN","38_1","Play offs","Jerian  Grant",15,3,0,0,NA,1,3,33.3,0,0,NA,0,0,0,2,1,0,0,0,1,2,5,"H","W",95,35,27,20,24,11,14,18,11,19,30,5,9,2,15,111,95,35,27,20,24,11,14,18,11,19,30,5,9,2,15,111,1,2.9,103.4,0.02,69,Inf,50,0,3.3,50,0,2,0,"2023-2024"
"MAC","PAN","38_1","Play offs","Kendrick  Nunn",26,10,2,5,40,2,5,40,0,0,NA,0,4,4,3,1,3,0,0,0,1,10,"H","W",95,35,27,20,24,11,14,18,11,19,30,5,9,2,15,111,95,35,27,20,24,11,14,18,11,19,30,5,9,2,15,111,1,12.5,80,0.05,24,1,50,0,5.9,50,24,5,0,"2023-2024"
"MAC","PAN","38_1","Play offs","Mathias  Lessort",32,11,4,6,66.7,0,0,NA,3,5,60,2,6,8,3,1,1,0,1,2,7,22,"H","W",95,35,27,20,24,11,14,18,11,19,30,5,9,2,15,111,95,35,27,20,24,11,14,18,11,19,30,5,9,2,15,111,1,6.9,159.4,0.09,43.5,3,66.7,0.83,12.1,67.1,14.49,2.9,9.1,"2023-2024"
"MAC","PAN","38_1","Play offs","Marius  Grigonis",18,2,1,1,100,0,1,0,0,0,NA,0,2,2,1,0,0,0,0,1,1,4,"H","W",95,35,27,20,24,11,14,18,11,19,30,5,9,2,15,111,95,35,27,20,24,11,14,18,11,19,30,5,9,2,15,111,1,1.9,105.3,0.02,52.6,Inf,50,0,1.9,50,0,1.1,0,"2023-2024"
"MAC","PAN","38_1","Play offs","Konstantinos  Mitoglou",34,14,5,9,55.6,0,3,0,4,5,80,3,3,6,1,0,0,0,1,1,4,15,"H","W",95,35,27,20,24,11,14,18,11,19,30,5,9,2,15,111,95,35,27,20,24,11,14,18,11,19,30,5,9,2,15,111,0.82,10.8,129.6,0.06,9.3,Inf,41.7,0.42,10.5,49.3,0,4.2,13.6,"2023-2024"
"MAC","PAN","38_1","Play offs","Panagiotis  Kalaitzakis",2,2,1,1,100,0,0,NA,0,0,NA,1,0,1,0,0,0,0,0,0,0,3,"H","W",95,35,27,20,24,11,14,18,11,19,30,5,9,2,15,111,95,35,27,20,24,11,14,18,11,19,30,5,9,2,15,111,2,0,Inf,0.01,NA,NA,100,0,2.4,100,NA,5,4.5,"2023-2024"
"MAC","PAN","38_1","Play offs","Luca  Vildoza",7,5,1,1,100,0,1,0,3,3,100,0,0,0,0,0,0,0,0,0,1,5,"H","W",95,35,27,20,24,11,14,18,11,19,30,5,9,2,15,111,95,35,27,20,24,11,14,18,11,19,30,5,9,2,15,111,1,3.2,156.2,0.02,0,NA,50,1.5,4,75.3,0,4.8,0,"2023-2024"
"MAC","PAN","38_1","Play offs","Kostas  Sloukas",29,29,8,9,88.9,4,7,57.1,1,1,100,1,2,3,4,0,2,0,0,4,2,28,"H","W",95,35,27,20,24,11,14,18,11,19,30,5,9,2,15,111,95,35,27,20,24,11,14,18,11,19,30,5,9,2,15,111,1.71,16.7,173.7,0.15,24,2,87.5,0.06,23.1,88.2,11.98,6.4,4.5,"2023-2024"
"MAC","PAN","38_1","Play offs","Ioannis  Papapetrou",28,15,0,1,0,4,7,57.1,3,4,75,1,2,3,3,2,1,1,1,4,2,15,"H","W",95,35,27,20,24,11,14,18,11,19,30,5,9,2,15,111,95,35,27,20,24,11,14,18,11,19,30,5,9,2,15,111,1.25,9.4,159.6,0.08,31.9,3,75,0.5,14.1,76.8,10.64,3.9,4.5,"2023-2024"
"MAC","PAN","38_1","Play offs","Kostas  Antetokounmpo",8,4,2,2,100,0,0,NA,0,2,0,3,0,3,1,0,2,1,0,2,1,4,"H","W",95,35,27,20,24,11,14,18,11,19,30,5,9,2,15,111,95,35,27,20,24,11,14,18,11,19,30,5,9,2,15,111,1,1.8,222.2,0.01,55.6,0.5,100,1,3.3,69.4,111.11,6.1,13.6,"2023-2024"
"MAC","PAN","38_1","Play offs","Eleftherios  Mantzoukas",0,0,0,0,NA,0,0,NA,0,0,NA,0,0,0,0,0,0,0,0,0,0,0,"H","W",95,35,27,20,24,11,14,18,11,19,30,5,9,2,15,111,95,35,27,20,24,11,14,18,11,19,30,5,9,2,15,111,NA,0,NA,0,NA,NA,NA,NA,0,NA,NA,NA,0,"2023-2024"
"PAN","MAC","38_1","Play offs","Lorenzo  Brown",29,18,6,8,75,1,3,33.3,3,4,75,0,2,2,6,1,2,0,0,3,4,21,"A","L",79,40,23,8,23,9,6,22,8,16,24,4,11,3,22,79,79,40,23,8,23,9,6,22,8,16,24,4,11,3,22,79,1.2,14.2,126.8,0.14,42.3,3,68.2,0.36,15.3,70.5,14.08,5.3,0,"2023-2024"
"PAN","MAC","38_1","Play offs","John  Dibartolomeo",17,3,0,2,0,1,2,50,0,0,NA,1,1,2,1,0,1,0,0,1,2,3,"A","L",79,40,23,8,23,9,6,22,8,16,24,4,11,3,22,79,79,40,23,8,23,9,6,22,8,16,24,4,11,3,22,79,0.75,3.8,78.9,0,26.3,1,37.5,0,0.9,37.5,26.32,3,6.2,"2023-2024"
"PAN","MAC","38_1","Play offs","Jake  Cohen",11,12,3,3,100,2,3,66.7,0,0,NA,0,1,1,0,0,0,0,0,1,0,11,"A","L",79,40,23,8,23,9,6,22,8,16,24,4,11,3,22,79,79,40,23,8,23,9,6,22,8,16,24,4,11,3,22,79,2,5.8,206.9,0.09,0,NA,100,0,9.7,100,0,5.6,0,"2023-2024"
"PAN","MAC","38_1","Play offs","Josh  Nebo",19,6,3,6,50,0,0,NA,0,0,NA,3,0,3,2,1,2,1,1,5,0,2,"A","L",79,40,23,8,23,9,6,22,8,16,24,4,11,3,22,79,79,40,23,8,23,9,6,22,8,16,24,4,11,3,22,79,1,4.8,125,0.01,41.7,1,50,0,4.2,50,41.67,4.3,18.8,"2023-2024"
"PAN","MAC","38_1","Play offs","Bonzie  Colson",35,6,1,2,50,1,4,25,1,2,50,0,4,4,0,1,0,1,0,3,4,8,"A","L",79,40,23,8,23,9,6,22,8,16,24,4,11,3,22,79,79,40,23,8,23,9,6,22,8,16,24,4,11,3,22,79,0.75,6.6,90.9,0.03,0,NA,41.7,0.33,3.9,43.6,0,2,0,"2023-2024"
"PAN","MAC","38_1","Play offs","Antonius  Cleveland",19,12,6,8,75,0,2,0,0,0,NA,1,2,3,1,0,2,1,1,4,0,6,"A","L",79,40,23,8,23,9,6,22,8,16,24,4,11,3,22,79,79,40,23,8,23,9,6,22,8,16,24,4,11,3,22,79,1.2,10.6,113.2,0.05,9.4,0.5,60,0,6.5,60,18.87,6.5,6.2,"2023-2024"
"PAN","MAC","38_1","Play offs","James  Webb III",18,2,1,2,50,0,2,0,0,0,NA,0,5,5,3,0,1,0,0,2,1,5,"A","L",79,40,23,8,23,9,6,22,8,16,24,4,11,3,22,79,79,40,23,8,23,9,6,22,8,16,24,4,11,3,22,79,0.5,4.8,41.7,0.03,62.5,3,25,0,1.4,25,20.83,2.9,0,"2023-2024"
"PAN","MAC","38_1","Play offs","Roman  Sorkin",7,0,0,0,NA,0,0,NA,0,0,NA,0,0,0,1,0,0,0,0,1,0,0,"A","L",79,40,23,8,23,9,6,22,8,16,24,4,11,3,22,79,79,40,23,8,23,9,6,22,8,16,24,4,11,3,22,79,NA,0,NA,0,Inf,Inf,NA,NA,0.3,NA,NA,0,0,"2023-2024"
"PAN","MAC","38_1","Play offs","Jasiel  Rivero",20,9,3,7,42.9,1,1,100,0,0,NA,2,0,2,2,1,2,0,0,1,1,8,"A","L",79,40,23,8,23,9,6,22,8,16,24,4,11,3,22,79,79,40,23,8,23,9,6,22,8,16,24,4,11,3,22,79,1.12,7.7,116.9,0.05,26,1,56.2,0,6.4,56.2,25.97,5.2,12.5,"2023-2024"
"PAN","MAC","38_1","Play offs","Tamir  Blatt",24,11,0,2,0,3,6,50,2,2,100,1,1,2,6,0,1,0,0,1,3,15,"A","L",79,40,23,8,23,9,6,22,8,16,24,4,11,3,22,79,79,40,23,8,23,9,6,22,8,16,24,4,11,3,22,79,1.1,8.5,129.4,0.1,70.6,6,56.2,0.25,10.4,61.9,11.76,4.2,6.2,"2023-2024"
"BAS","RMB","38_2","Play offs","Facundo  Campazzo",27,24,3,4,75,4,5,80,6,6,100,2,2,4,7,0,2,0,0,3,5,33,"H","W",101,39,29,12,25,14,9,24,12,24,36,8,10,6,18,134,101,39,29,12,25,14,9,24,12,24,36,8,10,6,18,134,1.6,11.2,214.3,0.13,62.5,3.5,100,0.67,24.2,103.1,17.86,4.9,8.3,"2023-2024"
"BAS","RMB","38_2","Play offs","Mario  Hezonja",27,7,2,6,33.3,1,4,25,0,0,NA,0,5,5,2,2,3,0,0,3,3,6,"H","W",101,39,29,12,25,14,9,24,12,24,36,8,10,6,18,134,101,39,29,12,25,14,9,24,12,24,36,8,10,6,18,134,0.7,12.5,56,0.01,16,0.7,35,0,1.9,35,24,4.6,0,"2023-2024"
"BAS","RMB","38_2","Play offs","Walter  Tavares",21,10,5,7,71.4,0,0,NA,0,1,0,2,7,9,1,3,1,2,0,2,2,21,"H","W",101,39,29,12,25,14,9,24,12,24,36,8,10,6,18,134,101,39,29,12,25,14,9,24,12,24,36,8,10,6,18,134,1.25,6.2,161.3,0.08,16.1,1,71.4,0.14,13.5,67.2,16.13,3.9,8.3,"2023-2024"
"BAS","RMB","38_2","Play offs","Guerschon  Yabusele",25,16,4,5,80,2,4,50,2,2,100,1,4,5,2,1,1,0,0,2,2,20,"H","W",101,39,29,12,25,14,9,24,12,24,36,8,10,6,18,134,101,39,29,12,25,14,9,24,12,24,36,8,10,6,18,134,1.45,9.5,168.4,0.08,21.1,2,77.8,0.22,14.6,81,10.53,4.2,4.2,"2023-2024"
"BAS","RMB","38_2","Play offs","Dzanan  Musa",17,0,0,3,0,0,3,0,0,0,NA,1,0,1,1,1,0,0,0,2,1,-4,"H","W",101,39,29,12,25,14,9,24,12,24,36,8,10,6,18,134,101,39,29,12,25,14,9,24,12,24,36,8,10,6,18,134,0,4.8,0,-0.03,20.8,Inf,0,0,-2.6,0,0,3.4,4.2,"2023-2024"
"BAS","RMB","38_2","Play offs","Rudy  Fernandez",13,3,0,0,NA,1,3,33.3,0,0,NA,1,1,2,1,0,0,0,0,0,1,5,"H","W",101,39,29,12,25,14,9,24,12,24,36,8,10,6,18,134,101,39,29,12,25,14,9,24,12,24,36,8,10,6,18,134,1,1.9,157.9,0.02,52.6,Inf,50,0,3,50,0,2.2,4.2,"2023-2024"
"BAS","RMB","38_2","Play offs","Sergio  Rodriguez",17,8,1,1,100,2,3,66.7,0,0,NA,0,1,1,5,1,1,0,0,2,1,12,"H","W",101,39,29,12,25,14,9,24,12,24,36,8,10,6,18,134,101,39,29,12,25,14,9,24,12,24,36,8,10,6,18,134,2,4.8,166.7,0.05,104.2,5,100,0,9.4,100,20.83,2.8,0,"2023-2024"
"BAS","RMB","38_2","Play offs","Gabriel  Deck",16,10,3,3,100,1,2,50,1,2,50,0,0,0,1,0,1,0,0,2,3,9,"H","W",101,39,29,12,25,14,9,24,12,24,36,8,10,6,18,134,101,39,29,12,25,14,9,24,12,24,36,8,10,6,18,134,1.43,6.6,151.5,0.03,15.2,1,90,0.4,6.6,85,15.15,4.1,0,"2023-2024"
"BAS","RMB","38_2","Play offs","Vincent  Poirier",19,10,5,7,71.4,0,0,NA,0,0,NA,5,2,7,1,0,0,4,0,2,0,18,"H","W",101,39,29,12,25,14,9,24,12,24,36,8,10,6,18,134,101,39,29,12,25,14,9,24,12,24,36,8,10,6,18,134,1.43,1.9,526.3,0.06,52.6,Inf,71.4,0,13.9,71.4,0,3.5,20.8,"2023-2024"
"BAS","RMB","38_2","Play offs","Sergio  Llull",17,13,2,3,66.7,3,5,60,0,1,0,0,2,2,3,0,1,0,0,0,1,14,"H","W",101,39,29,12,25,14,9,24,12,24,36,8,10,6,18,134,101,39,29,12,25,14,9,24,12,24,36,8,10,6,18,134,1.44,9.1,142.9,0.06,33,3,81.2,0.12,10.7,77,10.99,5.3,0,"2023-2024"
"RMB","BAS","38_2","Play offs","Tadas  Sedekerskis",31,9,3,7,42.9,1,3,33.3,0,0,NA,2,4,6,3,1,3,0,1,2,1,8,"A","L",90,29,34,13,15,16,12,19,8,16,24,6,12,0,19,84,90,29,34,13,15,16,12,19,8,16,24,6,12,0,19,84,0.9,10.6,84.9,0.05,28.3,1,45,0,5.5,45,28.3,4.2,12.5,"2023-2024"
"RMB","BAS","38_2","Play offs","Vanja  Marinkovic",33,20,3,4,75,2,3,66.7,8,8,100,1,1,2,4,0,1,0,0,4,5,24,"A","L",90,29,34,13,15,16,12,19,8,16,24,6,12,0,19,84,90,29,34,13,15,16,12,19,8,16,24,6,12,0,19,84,1.33,10.1,198,0.13,39.6,4,85.7,1.14,18.3,95.1,9.9,3.5,6.2,"2023-2024"
"RMB","BAS","38_2","Play offs","Codi  Miller-McIntyre",34,13,5,6,83.3,1,3,33.3,0,0,NA,2,4,6,8,1,2,0,1,2,2,22,"A","L",90,29,34,13,15,16,12,19,8,16,24,6,12,0,19,84,90,29,34,13,15,16,12,19,8,16,24,6,12,0,19,84,1.44,8.6,151.2,0.14,93,4,72.2,0,15.5,72.2,23.26,3.2,12.5,"2023-2024"
"RMB","BAS","38_2","Play offs","Nikos  Rogkavopoulos",13,9,0,2,0,3,4,75,0,0,NA,0,2,2,2,0,2,0,2,1,0,5,"A","L",90,29,34,13,15,16,12,19,8,16,24,6,12,0,19,84,90,29,34,13,15,16,12,19,8,16,24,6,12,0,19,84,1.5,7.7,116.9,0.05,26,1,75,0,5.6,75,25.97,6.1,0,"2023-2024"
"RMB","BAS","38_2","Play offs","Matthew  Costello",21,10,2,5,40,2,5,40,0,0,NA,2,2,4,0,1,2,0,1,3,0,3,"A","L",90,29,34,13,15,16,12,19,8,16,24,6,12,0,19,84,90,29,34,13,15,16,12,19,8,16,24,6,12,0,19,84,1,9.6,104.2,0.02,0,0,50,0,4.4,50,20.83,5.7,12.5,"2023-2024"
"RMB","BAS","38_2","Play offs","Markus  Howard",16,12,1,2,50,3,8,37.5,1,2,50,1,0,1,1,2,1,0,0,4,3,7,"A","L",90,29,34,13,15,16,12,19,8,16,24,6,12,0,19,84,90,29,34,13,15,16,12,19,8,16,24,6,12,0,19,84,1,10.4,115.4,0.02,9.6,1,55,0.2,7,55.1,9.62,7.4,6.2,"2023-2024"
"RMB","BAS","38_2","Play offs","Sander  Raieste",11,3,0,0,NA,1,2,50,0,0,NA,0,0,0,1,1,0,0,0,1,0,3,"A","L",90,29,34,13,15,16,12,19,8,16,24,6,12,0,19,84,90,29,34,13,15,16,12,19,8,16,24,6,12,0,19,84,1.5,1.9,157.9,0.02,52.6,Inf,75,0,3.3,75,0,1.8,0,"2023-2024"
"RMB","BAS","38_2","Play offs","Christopher  Chiozza",8,8,0,1,0,2,4,50,2,2,100,0,0,0,0,0,0,0,0,0,1,6,"A","L",90,29,34,13,15,16,12,19,8,16,24,6,12,0,19,84,90,29,34,13,15,16,12,19,8,16,24,6,12,0,19,84,1.14,5.6,142.9,0.04,0,NA,60,0.4,5.3,68,0,7.3,0,"2023-2024"
"RMB","BAS","38_2","Play offs","Daniel  Diez",11,3,0,0,NA,1,2,50,0,0,NA,0,2,2,0,0,0,0,0,1,0,3,"A","L",90,29,34,13,15,16,12,19,8,16,24,6,12,0,19,84,90,29,34,13,15,16,12,19,8,16,24,6,12,0,19,84,1.5,1.9,157.9,0.02,0,NA,75,0,2.2,75,0,1.8,0,"2023-2024"
"RMB","BAS","38_2","Play offs","Maik  Kotsar",19,3,1,2,50,0,0,NA,1,1,100,0,1,1,0,0,1,0,1,0,3,4,"A","L",90,29,34,13,15,16,12,19,8,16,24,6,12,0,19,84,90,29,34,13,15,16,12,19,8,16,24,6,12,0,19,84,1,3.3,90.9,0.01,0,0,50,0.5,1.3,61.5,30.3,1.8,0,"2023-2024"
"RMB","BAS","38_2","Play offs","Jordan  Theodore",1,0,0,0,NA,0,0,NA,0,0,NA,0,0,0,0,0,0,0,0,1,0,-1,"A","L",90,29,34,13,15,16,12,19,8,16,24,6,12,0,19,84,90,29,34,13,15,16,12,19,8,16,24,6,12,0,19,84,NA,0,NA,-0.01,NA,NA,NA,NA,-0.4,NA,NA,0,0,"2023-2024"
"BAR","OLY","38_3","Play offs","Thomas  Walkup",31,7,2,2,100,1,8,12.5,0,0,NA,1,2,3,7,2,3,0,0,1,0,8,"A","L",69,23,27,13,18,8,9,18,9,23,32,6,18,3,19,81,69,23,27,13,18,8,9,18,9,23,32,6,18,3,19,81,0.7,11.5,60.9,0.07,60.9,2.3,35,0,6,35,26.09,4.6,5.6,"2023-2024"
"BAR","OLY","38_3","Play offs","Isaiah  Canaan",18,2,0,0,NA,0,4,0,2,2,100,0,0,0,1,0,1,0,0,4,1,-5,"A","L",69,23,27,13,18,8,9,18,9,23,32,6,18,3,19,81,69,23,27,13,18,8,9,18,9,23,32,6,18,3,19,81,0.33,5.6,35.7,-0.05,17.9,1,0,0.5,-2.7,20.5,17.86,3.5,0,"2023-2024"
"BAR","OLY","38_3","Play offs","Moustapha  Fall",20,3,1,1,100,0,0,NA,1,2,50,1,2,3,1,0,3,2,0,2,3,6,"A","L",69,23,27,13,18,8,9,18,9,23,32,6,18,3,19,81,69,23,27,13,18,8,9,18,9,23,32,6,18,3,19,81,1,3.7,81.1,0.01,27,0.3,100,2,1.9,79.8,81.08,2.6,5.6,"2023-2024"
"BAR","OLY","38_3","Play offs","Alec  Peters",29,20,5,7,71.4,3,5,60,1,1,100,2,3,5,0,1,3,0,0,2,2,19,"A","L",69,23,27,13,18,8,9,18,9,23,32,6,18,3,19,81,69,23,27,13,18,8,9,18,9,23,32,6,18,3,19,81,1.54,12.9,155,0.14,0,0,79.2,0.08,14.3,80.4,23.26,5.8,11.1,"2023-2024"
"BAR","OLY","38_3","Play offs","Luke  Sikma",16,5,1,1,100,1,1,100,0,0,NA,2,4,6,0,1,1,0,0,2,0,9,"A","L",69,23,27,13,18,8,9,18,9,23,32,6,18,3,19,81,69,23,27,13,18,8,9,18,9,23,32,6,18,3,19,81,2.5,1,500,0.07,0,0,125,0,6.2,125,100,2,11.1,"2023-2024"
"BAR","OLY","38_3","Play offs","Nigel  Williams-Goss",20,10,2,4,50,2,2,100,0,0,NA,0,2,2,3,0,1,0,0,4,2,10,"A","L",69,23,27,13,18,8,9,18,9,23,32,6,18,3,19,81,69,23,27,13,18,8,9,18,9,23,32,6,18,3,19,81,1.67,6.7,149.3,0.07,44.8,3,83.3,0,7.5,83.3,14.93,3.8,0,"2023-2024"
"BAR","OLY","38_3","Play offs","Moses  Wright",12,6,2,2,100,0,1,0,2,2,100,1,2,3,1,0,0,0,0,1,1,9,"A","L",69,23,27,13,18,8,9,18,9,23,32,6,18,3,19,81,69,23,27,13,18,8,9,18,9,23,32,6,18,3,19,81,1.2,2.8,214.3,0.07,35.7,Inf,66.7,0.67,6.3,77.3,0,3.5,5.6,"2023-2024"
"BAR","OLY","38_3","Play offs","Giannoulis  Larentzakis",7,0,0,0,NA,0,1,0,0,0,NA,0,1,1,1,0,1,0,0,1,0,-1,"A","L",69,23,27,13,18,8,9,18,9,23,32,6,18,3,19,81,69,23,27,13,18,8,9,18,9,23,32,6,18,3,19,81,0,1.9,0,-0.01,52.6,1,0,0,-1.1,0,52.63,3.1,0,"2023-2024"
"BAR","OLY","38_3","Play offs","Filip  Petrusev",20,6,3,4,75,0,2,0,0,0,NA,0,4,4,1,1,1,1,0,0,3,12,"A","L",69,23,27,13,18,8,9,18,9,23,32,6,18,3,19,81,69,23,27,13,18,8,9,18,9,23,32,6,18,3,19,81,1,6.7,89.6,0.07,14.9,1,50,0,5.6,50,14.93,3.8,0,"2023-2024"
"BAR","OLY","38_3","Play offs","Nikola  Milutinov",8,0,0,0,NA,0,0,NA,0,0,NA,1,2,3,2,0,0,0,0,0,1,6,"A","L",69,23,27,13,18,8,9,18,9,23,32,6,18,3,19,81,69,23,27,13,18,8,9,18,9,23,32,6,18,3,19,81,NA,-1,0,0.04,-200,Inf,NA,NA,2.7,NA,0,0,5.6,"2023-2024"
"BAR","OLY","38_3","Play offs","Shaquielle  McKissic",19,10,2,2,100,1,3,33.3,3,6,50,1,1,2,1,1,4,0,0,2,5,8,"A","L",69,23,27,13,18,8,9,18,9,23,32,6,18,3,19,81,69,23,27,13,18,8,9,18,9,23,32,6,18,3,19,81,0.91,10.2,98,0.02,9.8,0.2,70,1.2,4.4,65.4,39.22,6.6,5.6,"2023-2024"
"OLY","BAR","38_3","Play offs","Jan  Vesely",23,10,3,8,37.5,0,0,NA,4,4,100,7,0,7,0,0,0,0,1,3,3,11,"H","W",77,49,19,10,22,9,6,21,15,15,30,7,10,0,18,80,77,49,19,10,22,9,6,21,15,15,30,7,10,0,18,80,0.83,2.6,384.6,0.05,0,NA,37.5,0.5,9.3,51.2,0,4.1,23.3,"2023-2024"
"OLY","BAR","38_3","Play offs","Ricard  Rubio",20,0,0,4,0,0,2,0,0,1,0,0,3,3,6,1,1,0,0,1,3,4,"H","W",77,49,19,10,22,9,6,21,15,15,30,7,10,0,18,80,77,49,19,10,22,9,6,21,15,15,30,7,10,0,18,80,0,7.1,0,0.01,84.5,6,0,0.17,0.1,0,14.08,3.6,0,"2023-2024"
"OLY","BAR","38_3","Play offs","Nikola  Kalinic",23,5,1,3,33.3,1,2,50,0,0,NA,0,3,3,1,2,1,0,0,1,2,8,"H","W",77,49,19,10,22,9,6,21,15,15,30,7,10,0,18,80,77,49,19,10,22,9,6,21,15,15,30,7,10,0,18,80,1,5.8,86.2,0.05,17.2,1,50,0,4.5,50,17.24,2.5,0,"2023-2024"
"OLY","BAR","38_3","Play offs","Nicolas  Laprovittola",19,5,1,1,100,1,2,50,0,1,0,0,2,2,2,1,5,0,0,2,0,1,"H","W",77,49,19,10,22,9,6,21,15,15,30,7,10,0,18,80,77,49,19,10,22,9,6,21,15,15,30,7,10,0,18,80,1.25,8.1,61.7,0.01,24.7,0.4,83.3,0.33,0.5,72.7,61.73,4.3,0,"2023-2024"
"OLY","BAR","38_3","Play offs","Jabari  Parker",32,24,6,9,66.7,4,7,57.1,0,2,0,2,3,5,0,0,0,0,0,1,2,22,"H","W",77,49,19,10,22,9,6,21,15,15,30,7,10,0,18,80,77,49,19,10,22,9,6,21,15,15,30,7,10,0,18,80,1.33,14.3,167.8,0.16,0,NA,75,0.12,17.9,71.1,0,5.1,6.7,"2023-2024"
"OLY","BAR","38_3","Play offs","Oscar  da Silva",8,0,0,1,0,0,0,NA,0,0,NA,0,0,0,1,0,0,0,0,3,1,-2,"H","W",77,49,19,10,22,9,6,21,15,15,30,7,10,0,18,80,77,49,19,10,22,9,6,21,15,15,30,7,10,0,18,80,0,1,0,-0.03,100,Inf,0,0,-1.2,0,0,1.2,0,"2023-2024"
"OLY","BAR","38_3","Play offs","Tomas  Satoransky",22,7,2,6,33.3,1,2,50,0,0,NA,1,1,2,4,2,1,0,2,2,1,6,"H","W",77,49,19,10,22,9,6,21,15,15,30,7,10,0,18,80,77,49,19,10,22,9,6,21,15,15,30,7,10,0,18,80,0.88,7.7,90.9,0.06,51.9,4,43.8,0,6.6,43.8,12.99,4,3.3,"2023-2024"
"OLY","BAR","38_3","Play offs","Willy  Hernangomez",17,11,5,10,50,0,0,NA,1,1,100,4,0,4,1,0,1,0,0,1,3,12,"H","W",77,49,19,10,22,9,6,21,15,15,30,7,10,0,18,80,77,49,19,10,22,9,6,21,15,15,30,7,10,0,18,80,1,7.1,154.9,0.06,14.1,1,50,0.1,8.1,52.7,14.08,6.5,13.3,"2023-2024"
"OLY","BAR","38_3","Play offs","Alejandro  Abrines",17,9,1,1,100,2,3,66.7,1,1,100,1,0,1,2,1,0,0,0,2,2,12,"H","W",77,49,19,10,22,9,6,21,15,15,30,7,10,0,18,80,77,49,19,10,22,9,6,21,15,15,30,7,10,0,18,80,1.8,3.3,272.7,0.08,60.6,Inf,100,0.25,9.7,101.4,0,2.5,3.3,"2023-2024"
"OLY","BAR","38_3","Play offs","Rokas  Jokubaitis",19,6,3,6,50,0,1,0,0,0,NA,0,3,3,4,0,1,0,0,2,0,6,"H","W",77,49,19,10,22,9,6,21,15,15,30,7,10,0,18,80,77,49,19,10,22,9,6,21,15,15,30,7,10,0,18,80,0.86,7.7,77.9,0.05,51.9,4,42.9,0,4.2,42.9,12.99,4.1,0,"2023-2024"
"ASM","FEN","38_4","Play offs","Sertac  Sanli",4,0,0,1,0,0,0,NA,0,0,NA,1,1,2,0,0,0,0,0,2,0,-1,"A","L",88,29,34,13,15,16,10,18,5,19,24,6,12,1,25,86,88,29,34,13,15,16,10,18,5,19,24,6,12,1,25,86,0,0,NA,-0.01,NA,NA,0,0,-0.5,0,NA,2.5,10,"2023-2024"
"ASM","FEN","38_4","Play offs","Nigel  Hayes-Davis",29,10,3,4,75,0,3,0,4,4,100,2,4,6,1,2,1,0,0,3,6,17,"A","L",88,29,34,13,15,16,10,18,5,19,24,6,12,1,25,86,88,29,34,13,15,16,10,18,5,19,24,6,12,1,25,86,0.91,7.4,135.1,0.08,13.5,1,42.9,0.57,9.4,57.1,13.51,3.3,20,"2023-2024"
"ASM","FEN","38_4","Play offs","Tarik  Biberovic",10,2,1,2,50,0,1,0,0,0,NA,0,0,0,0,0,2,0,1,3,1,-5,"A","L",88,29,34,13,15,16,10,18,5,19,24,6,12,1,25,86,88,29,34,13,15,16,10,18,5,19,24,6,12,1,25,86,0.67,4.8,41.7,-0.04,0,0,33.3,0,-2.9,33.3,41.67,5,0,"2023-2024"
"ASM","FEN","38_4","Play offs","Tyler  Dorsey",27,25,3,5,60,6,8,75,1,1,100,0,1,1,0,0,1,0,0,2,1,20,"A","L",88,29,34,13,15,16,10,18,5,19,24,6,12,1,25,86,88,29,34,13,15,16,10,18,5,19,24,6,12,1,25,86,1.79,13.9,179.9,0.15,0,0,92.3,0.08,18,93,7.19,5.3,0,"2023-2024"
"ASM","FEN","38_4","Play offs","Nick  Calathes",25,7,2,3,66.7,1,1,100,0,0,NA,0,4,4,7,0,3,0,0,3,2,13,"A","L",88,29,34,13,15,16,10,18,5,19,24,6,12,1,25,86,88,29,34,13,15,16,10,18,5,19,24,6,12,1,25,86,1.75,6.7,104.5,0.09,104.5,2.3,87.5,0,7.3,87.5,44.78,2.8,0,"2023-2024"
"ASM","FEN","38_4","Play offs","Scottie  Wilbekin",25,23,1,2,50,6,14,42.9,3,3,100,0,1,1,3,1,3,0,0,3,3,16,"A","L",88,29,34,13,15,16,10,18,5,19,24,6,12,1,25,86,88,29,34,13,15,16,10,18,5,19,24,6,12,1,25,86,1.21,19.5,117.9,0.1,15.4,1,62.5,0.19,13.8,66.4,15.38,8.1,0,"2023-2024"
"ASM","FEN","38_4","Play offs","Georgios  Papagiannis",25,6,3,4,75,0,0,NA,0,0,NA,1,5,6,5,0,2,1,0,2,1,14,"A","L",88,29,34,13,15,16,10,18,5,19,24,6,12,1,25,86,88,29,34,13,15,16,10,18,5,19,24,6,12,1,25,86,1.5,4.8,125,0.1,104.2,2.5,75,0,8,75,41.67,2.4,10,"2023-2024"
"ASM","FEN","38_4","Play offs","Dyshawn  Pierre",15,8,1,2,50,2,3,66.7,0,0,NA,0,0,0,0,2,0,0,0,2,1,7,"A","L",88,29,34,13,15,16,10,18,5,19,24,6,12,1,25,86,88,29,34,13,15,16,10,18,5,19,24,6,12,1,25,86,1.6,4.8,166.7,0.05,0,NA,80,0,6.9,80,0,3.3,0,"2023-2024"
"ASM","FEN","38_4","Play offs","Marko  Guduric",19,5,0,2,0,1,2,50,2,4,50,0,1,1,1,0,0,0,0,3,4,3,"A","L",88,29,34,13,15,16,10,18,5,19,24,6,12,1,25,86,88,29,34,13,15,16,10,18,5,19,24,6,12,1,25,86,0.62,5.5,90.9,-0.01,18.2,Inf,37.5,1,1.6,43.4,0,3,0,"2023-2024"
"ASM","FEN","38_4","Play offs","Nathan  Sestina",20,2,1,4,25,0,2,0,0,1,0,1,2,3,1,1,0,0,0,2,3,2,"A","L",88,29,34,13,15,16,10,18,5,19,24,6,12,1,25,86,88,29,34,13,15,16,10,18,5,19,24,6,12,1,25,86,0.29,5.2,38.5,-0.01,19.2,Inf,16.7,0.17,0,15.5,0,3.2,10,"2023-2024"
"FEN","ASM","38_4","Play offs","John  Brown III",23,11,4,6,66.7,0,0,NA,3,3,100,1,2,3,1,0,0,0,0,2,3,14,"H","W",93,34,21,27,19,11,22,16,5,24,29,7,13,1,22,105,93,34,21,27,19,11,22,16,5,24,29,7,13,1,22,105,1.22,6.1,180.3,0.07,16.4,Inf,66.7,0.5,9.6,75.1,0,3.2,10,"2023-2024"
"FEN","ASM","38_4","Play offs","Jaron  Blossomgame",26,8,2,3,66.7,1,3,33.3,1,2,50,1,2,3,0,1,1,1,0,2,2,8,"H","W",93,34,21,27,19,11,22,16,5,24,29,7,13,1,22,105,93,34,21,27,19,11,22,16,5,24,29,7,13,1,22,105,1,6.6,121.2,0.03,0,0,58.3,0.33,5.8,58.1,15.15,3,10,"2023-2024"
"FEN","ASM","38_4","Play offs","Donatas  Motiejunas",20,18,2,4,50,3,4,75,5,6,83.3,0,2,2,2,2,1,0,1,2,5,21,"H","W",93,34,21,27,19,11,22,16,5,24,29,7,13,1,22,105,93,34,21,27,19,11,22,16,5,24,29,7,13,1,22,105,1.29,11.2,160.7,0.11,17.9,2,81.2,0.75,16.2,84.6,8.93,5.8,0,"2023-2024"
"FEN","ASM","38_4","Play offs","Matthew  Strazel",12,5,0,0,NA,1,1,100,2,4,50,0,0,0,3,1,1,0,0,1,2,7,"H","W",93,34,21,27,19,11,22,16,5,24,29,7,13,1,22,105,93,34,21,27,19,11,22,16,5,24,29,7,13,1,22,105,1,3.6,138.9,0.03,83.3,3,150,4,5.6,90.6,27.78,3.1,0,"2023-2024"
"FEN","ASM","38_4","Play offs","Mike  James",28,8,0,4,0,2,3,66.7,2,2,100,0,7,7,7,0,3,0,0,2,6,18,"H","W",93,34,21,27,19,11,22,16,5,24,29,7,13,1,22,105,93,34,21,27,19,11,22,16,5,24,29,7,13,1,22,105,0.89,10.4,76.9,0.08,67.3,2.3,42.9,0.29,7.1,50.8,28.85,3.9,0,"2023-2024"
"FEN","ASM","38_4","Play offs","Elie  Okobo",28,13,3,6,50,2,5,40,1,1,100,0,1,1,2,1,1,0,0,3,2,9,"H","W",93,34,21,27,19,11,22,16,5,24,29,7,13,1,22,105,93,34,21,27,19,11,22,16,5,24,29,7,13,1,22,105,1.08,11.9,109.2,0.04,16.8,2,54.5,0.09,7.8,56.8,8.4,4.4,0,"2023-2024"
"FEN","ASM","38_4","Play offs","Jordan  Loyd",24,15,2,4,50,2,3,66.7,5,6,83.3,1,4,5,1,1,1,0,0,3,3,17,"H","W",93,34,21,27,19,11,22,16,5,24,29,7,13,1,22,105,93,34,21,27,19,11,22,16,5,24,29,7,13,1,22,105,1.15,9.3,161.3,0.09,10.8,1,71.4,0.86,12.7,77.8,10.75,4.4,10,"2023-2024"
"FEN","ASM","38_4","Play offs","Alpha  Diallo",20,8,4,4,100,0,2,0,0,0,NA,1,3,4,0,0,3,0,0,3,0,4,"H","W",93,34,21,27,19,11,22,16,5,24,29,7,13,1,22,105,93,34,21,27,19,11,22,16,5,24,29,7,13,1,22,105,1.33,7.7,103.9,0.02,0,0,66.7,0,2.8,66.7,38.96,4.5,10,"2023-2024"
"FEN","ASM","38_4","Play offs","Mouhammadou  Jaiteh",13,2,1,2,50,0,0,NA,0,0,NA,0,2,2,0,1,2,0,0,4,0,-2,"H","W",93,34,21,27,19,11,22,16,5,24,29,7,13,1,22,105,93,34,21,27,19,11,22,16,5,24,29,7,13,1,22,105,1,3.8,52.6,-0.01,0,0,50,0,-1,50,52.63,3.1,0,"2023-2024"
"FEN","ASM","38_4","Play offs","Donta  Hall",5,5,1,1,100,0,0,NA,3,3,100,1,1,2,0,0,0,0,0,0,2,9,"H","W",93,34,21,27,19,11,22,16,5,24,29,7,13,1,22,105,93,34,21,27,19,11,22,16,5,24,29,7,13,1,22,105,1.25,1.3,384.6,0.04,0,NA,100,3,5.7,107.8,0,4.6,10,"2023-2024"
"MAC","PAN","39_1","Play offs","Jerian  Grant",30,6,2,3,66.7,0,2,0,2,2,100,1,4,5,3,1,1,0,0,3,2,10,"A","L",83,33,26,20,16,13,12,19,8,20,28,4,11,1,19,88,83,33,26,20,16,13,12,19,8,20,28,4,11,1,19,88,0.86,5.6,107.1,0.06,53.6,3,40,0.4,6.1,51,17.86,2.3,6.2,"2023-2024"
"MAC","PAN","39_1","Play offs","Kendrick  Nunn",32,25,4,13,30.8,5,8,62.5,2,4,50,0,2,2,3,2,4,0,1,3,4,14,"A","L",83,33,26,20,16,13,12,19,8,20,28,4,11,1,19,88,83,33,26,20,16,13,12,19,8,20,28,4,11,1,19,88,1,25.7,97.3,0.09,11.7,0.8,54.8,0.19,12.6,54.9,15.56,8.5,0,"2023-2024"
"MAC","PAN","39_1","Play offs","Mathias  Lessort",33,14,4,5,80,0,0,NA,6,12,50,2,4,6,5,0,0,1,0,1,13,31,"A","L",83,33,26,20,16,13,12,19,8,20,28,4,11,1,19,88,83,33,26,20,16,13,12,19,8,20,28,4,11,1,19,88,0.82,7.9,177.2,0.13,63.3,Inf,80,2.4,16.1,68.1,0,3.2,12.5,"2023-2024"
"MAC","PAN","39_1","Play offs","Marius  Grigonis",9,2,1,1,100,0,3,0,0,0,NA,0,0,0,2,0,0,0,0,2,0,-1,"A","L",83,33,26,20,16,13,12,19,8,20,28,4,11,1,19,88,83,33,26,20,16,13,12,19,8,20,28,4,11,1,19,88,0.5,3.8,52.6,-0.01,52.6,Inf,25,0,0.2,25,0,4.5,0,"2023-2024"
"MAC","PAN","39_1","Play offs","Konstantinos  Mitoglou",21,10,1,3,33.3,2,4,50,2,2,100,0,1,1,0,0,2,0,1,3,1,2,"A","L",83,33,26,20,16,13,12,19,8,20,28,4,11,1,19,88,83,33,26,20,16,13,12,19,8,20,28,4,11,1,19,88,1.11,9.5,105.3,0.02,0,0,57.1,0.29,3.4,63.5,21.05,4.8,0,"2023-2024"
"MAC","PAN","39_1","Play offs","Panagiotis  Kalaitzakis",1,0,0,0,NA,0,0,NA,0,0,NA,0,0,0,0,0,0,0,0,0,0,0,"A","L",83,33,26,20,16,13,12,19,8,20,28,4,11,1,19,88,83,33,26,20,16,13,12,19,8,20,28,4,11,1,19,88,NA,0,NA,0,NA,NA,NA,NA,0,NA,NA,0,0,"2023-2024"
"MAC","PAN","39_1","Play offs","Luca  Vildoza",19,9,0,0,NA,3,4,75,0,0,NA,0,0,0,3,1,1,0,0,1,0,10,"A","L",83,33,26,20,16,13,12,19,8,20,28,4,11,1,19,88,83,33,26,20,16,13,12,19,8,20,28,4,11,1,19,88,2.25,4.8,187.5,0.08,62.5,3,112.5,0,9.1,112.5,20.83,2.7,0,"2023-2024"
"MAC","PAN","39_1","Play offs","Aleksander  Balcerowski",6,0,0,0,NA,0,0,NA,0,0,NA,1,2,3,0,0,2,0,0,1,1,1,"A","L",83,33,26,20,16,13,12,19,8,20,28,4,11,1,19,88,83,33,26,20,16,13,12,19,8,20,28,4,11,1,19,88,NA,1,0,0,0,0,NA,NA,-1.1,NA,200,3.4,6.2,"2023-2024"
"MAC","PAN","39_1","Play offs","Kostas  Sloukas",20,0,0,1,0,0,2,0,0,0,NA,2,2,4,3,0,1,0,0,1,0,2,"A","L",83,33,26,20,16,13,12,19,8,20,28,4,11,1,19,88,83,33,26,20,16,13,12,19,8,20,28,4,11,1,19,88,0,1.9,0,0.01,157.9,3,0,0,0.6,0,52.63,2,12.5,"2023-2024"
"MAC","PAN","39_1","Play offs","Ioannis  Papapetrou",28,17,4,6,66.7,3,3,100,0,0,NA,2,4,6,0,0,0,0,0,4,2,19,"A","L",83,33,26,20,16,13,12,19,8,20,28,4,11,1,19,88,83,33,26,20,16,13,12,19,8,20,28,4,11,1,19,88,1.89,6.7,253.7,0.13,0,NA,94.4,0,14.5,94.4,0,3.3,12.5,"2023-2024"
"MAC","PAN","39_1","Play offs","Kostas  Antetokounmpo",1,0,0,1,0,0,0,NA,0,0,NA,0,1,1,0,0,0,0,0,0,0,0,"A","L",83,33,26,20,16,13,12,19,8,20,28,4,11,1,19,88,83,33,26,20,16,13,12,19,8,20,28,4,11,1,19,88,0,1,0,0,0,NA,0,0,-0.4,0,0,10.2,0,"2023-2024"
"PAN","MAC","39_1","Play offs","Lorenzo  Brown",32,16,4,7,57.1,2,5,40,2,2,100,0,2,2,8,1,2,0,1,3,3,18,"H","W",85,42,23,17,27,6,13,23,9,19,28,6,7,2,24,95,85,42,23,17,27,6,13,23,9,19,28,6,7,2,24,95,1.14,14.3,111.9,0.11,55.9,4,58.3,0.17,14,62.1,13.99,4.7,0,"2023-2024"
"PAN","MAC","39_1","Play offs","John  Dibartolomeo",12,2,1,2,50,0,2,0,0,0,NA,0,0,0,1,1,0,0,0,3,1,-1,"H","W",85,42,23,17,27,6,13,23,9,19,28,6,7,2,24,95,85,42,23,17,27,6,13,23,9,19,28,6,7,2,24,95,0.5,3.8,52.6,-0.01,26.3,Inf,25,0,0.1,25,0,3.4,0,"2023-2024"
"PAN","MAC","39_1","Play offs","Jake  Cohen",12,3,0,0,NA,1,2,50,0,0,NA,0,2,2,4,0,0,0,0,3,0,5,"H","W",85,42,23,17,27,6,13,23,9,19,28,6,7,2,24,95,85,42,23,17,27,6,13,23,9,19,28,6,7,2,24,95,1.5,1.9,157.9,0.03,210.5,Inf,75,0,4.2,75,0,1.7,0,"2023-2024"
"PAN","MAC","39_1","Play offs","Josh  Nebo",30,22,10,13,76.9,0,0,NA,2,5,40,4,5,9,0,2,1,1,0,1,5,31,"H","W",85,42,23,17,27,6,13,23,9,19,28,6,7,2,24,95,85,42,23,17,27,6,13,23,9,19,28,6,7,2,24,95,1.22,11.7,188,0.16,0,0,76.9,0.38,21.3,72.4,8.55,5.4,22.2,"2023-2024"
"PAN","MAC","39_1","Play offs","Bonzie  Colson",31,13,3,6,50,1,2,50,4,4,100,2,3,5,2,0,1,1,0,3,5,18,"H","W",85,42,23,17,27,6,13,23,9,19,28,6,7,2,24,95,85,42,23,17,27,6,13,23,9,19,28,6,7,2,24,95,1.08,8.4,154.8,0.08,23.8,2,56.2,0.5,11.2,66.6,11.9,3.5,11.1,"2023-2024"
"PAN","MAC","39_1","Play offs","Antonius  Cleveland",25,5,1,1,100,1,5,20,0,0,NA,0,0,0,0,2,0,0,0,1,1,3,"H","W",85,42,23,17,27,6,13,23,9,19,28,6,7,2,24,95,85,42,23,17,27,6,13,23,9,19,28,6,7,2,24,95,0.83,5.8,86.2,0.01,0,NA,41.7,0,3.2,41.7,0,2.4,0,"2023-2024"
"PAN","MAC","39_1","Play offs","James  Webb III",15,8,2,2,100,1,2,50,1,2,50,1,3,4,0,0,0,0,0,4,2,8,"H","W",85,42,23,17,27,6,13,23,9,19,28,6,7,2,24,95,85,42,23,17,27,6,13,23,9,19,28,6,7,2,24,95,1.33,3.7,216.2,0.04,0,NA,87.5,0.5,6,82,0,3.3,5.6,"2023-2024"
"PAN","MAC","39_1","Play offs","Roman  Sorkin",9,6,1,2,50,0,1,0,4,4,100,0,3,3,0,0,1,0,0,1,2,7,"H","W",85,42,23,17,27,6,13,23,9,19,28,6,7,2,24,95,85,42,23,17,27,6,13,23,9,19,28,6,7,2,24,95,0.86,5.5,109.1,0.03,0,0,33.3,1.33,3.8,63,18.18,6.4,0,"2023-2024"
"PAN","MAC","39_1","Play offs","Jasiel  Rivero",14,8,4,6,66.7,0,0,NA,0,0,NA,2,0,2,2,0,1,0,0,4,0,5,"H","W",85,42,23,17,27,6,13,23,9,19,28,6,7,2,24,95,85,42,23,17,27,6,13,23,9,19,28,6,7,2,24,95,1.33,4.8,166.7,0.03,41.7,2,66.7,0,5.6,66.7,20.83,5,11.1,"2023-2024"
"PAN","MAC","39_1","Play offs","Tamir  Blatt",19,2,1,3,33.3,0,4,0,0,0,NA,0,1,1,6,0,1,0,0,1,0,1,"H","W",85,42,23,17,27,6,13,23,9,19,28,6,7,2,24,95,85,42,23,17,27,6,13,23,9,19,28,6,7,2,24,95,0.29,7.7,26,0.01,77.9,6,14.3,0,0.6,14.3,12.99,4.2,0,"2023-2024"
"BAR","OLY","39_3","Play offs","Thomas  Walkup",36,10,2,6,33.3,2,5,40,0,0,NA,0,5,5,6,4,1,0,0,2,3,18,"H","L",80,47,26,15,24,7,11,18,10,27,37,9,9,3,18,92,80,47,26,15,24,7,11,18,10,27,37,9,9,3,18,92,0.91,11.5,87,0.11,52.2,6,45.5,0,11.8,45.5,8.7,3,0,"2023-2024"
"BAR","OLY","39_3","Play offs","Isaiah  Canaan",17,0,0,1,0,0,5,0,0,0,NA,0,1,1,1,2,0,0,0,2,2,-2,"H","L",80,47,26,15,24,7,11,18,10,27,37,9,9,3,18,92,80,47,26,15,24,7,11,18,10,27,37,9,9,3,18,92,0,5.8,0,-0.03,17.2,Inf,0,0,-2,0,0,3.2,0,"2023-2024"
"BAR","OLY","39_3","Play offs","Moustapha  Fall",22,8,4,7,57.1,0,0,NA,0,0,NA,5,2,7,2,0,0,0,0,0,1,15,"H","L",80,47,26,15,24,7,11,18,10,27,37,9,9,3,18,92,80,47,26,15,24,7,11,18,10,27,37,9,9,3,18,92,1.14,1.9,421.1,0.09,105.3,Inf,57.1,0,10.2,57.1,0,2.9,25,"2023-2024"
"BAR","OLY","39_3","Play offs","Alec  Peters",19,8,1,2,50,2,3,66.7,0,0,NA,2,1,3,2,0,3,0,0,2,0,6,"H","L",80,47,26,15,24,7,11,18,10,27,37,9,9,3,18,92,80,47,26,15,24,7,11,18,10,27,37,9,9,3,18,92,1.6,5.8,137.9,0.04,34.5,0.7,80,0,5,80,51.72,3.8,10,"2023-2024"
"BAR","OLY","39_3","Play offs","Luke  Sikma",5,0,0,1,0,0,1,0,0,0,NA,0,0,0,0,0,0,0,0,1,0,-3,"H","L",80,47,26,15,24,7,11,18,10,27,37,9,9,3,18,92,80,47,26,15,24,7,11,18,10,27,37,9,9,3,18,92,0,1.9,0,-0.02,0,NA,0,0,-1.8,0,0,3.6,0,"2023-2024"
"BAR","OLY","39_3","Play offs","Nigel  Williams-Goss",30,9,4,8,50,0,4,0,1,2,50,0,3,3,5,2,2,0,1,3,3,7,"H","L",80,47,26,15,24,7,11,18,10,27,37,9,9,3,18,92,80,47,26,15,24,7,11,18,10,27,37,9,9,3,18,92,0.64,14.3,62.9,0.04,35,2.5,33.3,0.17,5,34.9,13.99,4.5,0,"2023-2024"
"BAR","OLY","39_3","Play offs","Moses  Wright",23,16,5,7,71.4,0,0,NA,6,8,75,2,6,8,0,0,0,1,0,1,4,24,"H","L",80,47,26,15,24,7,11,18,10,27,37,9,9,3,18,92,80,47,26,15,24,7,11,18,10,27,37,9,9,3,18,92,1.07,8.2,195.1,0.14,0,NA,71.4,1.14,15.8,76,0,4.1,10,"2023-2024"
"BAR","OLY","39_3","Play offs","Giannoulis  Larentzakis",17,3,0,0,NA,1,3,33.3,0,0,NA,0,0,0,0,0,0,0,0,3,1,-1,"H","L",80,47,26,15,24,7,11,18,10,27,37,9,9,3,18,92,80,47,26,15,24,7,11,18,10,27,37,9,9,3,18,92,1,2.9,103.4,-0.01,0,NA,50,0,0.1,50,0,1.6,0,"2023-2024"
"BAR","OLY","39_3","Play offs","Filip  Petrusev",30,18,6,11,54.5,1,1,100,3,4,75,0,5,5,0,0,1,2,1,3,5,19,"H","L",80,47,26,15,24,7,11,18,10,27,37,9,9,3,18,92,80,47,26,15,24,7,11,18,10,27,37,9,9,3,18,92,1.12,14.2,126.8,0.1,0,0,62.5,0.33,12.7,65.4,7.04,4.4,0,"2023-2024"
"BAR","OLY","39_3","Play offs","Shaquielle  McKissic",25,8,2,4,50,1,4,25,1,1,100,1,4,5,2,1,2,0,0,1,1,9,"H","L",80,47,26,15,24,7,11,18,10,27,37,9,9,3,18,92,80,47,26,15,24,7,11,18,10,27,37,9,9,3,18,92,0.89,9.1,87.9,0.06,22,1,43.8,0.12,5.5,47.4,21.98,3.8,5,"2023-2024"
"OLY","BAR","39_3","Play offs","Jan  Vesely",31,16,7,16,43.8,0,0,NA,2,2,100,2,1,3,1,0,0,0,2,4,3,8,"A","W",82,48,25,8,21,11,7,26,10,27,37,4,12,2,20,92,82,48,25,8,21,11,7,26,10,27,37,4,12,2,20,92,0.89,14.3,111.9,0.04,7,Inf,43.8,0.12,8.4,47.4,0,4.9,10,"2023-2024"
"OLY","BAR","39_3","Play offs","Ricard  Rubio",17,0,0,2,0,0,0,NA,0,0,NA,3,1,4,5,1,2,0,0,4,1,3,"A","W",82,48,25,8,21,11,7,26,10,27,37,4,12,2,20,92,82,48,25,8,21,11,7,26,10,27,37,4,12,2,20,92,0,1,0,0,500,2.5,0,0,1.9,0,200,2.1,15,"2023-2024"
"OLY","BAR","39_3","Play offs","Nikola  Kalinic",23,5,1,3,33.3,1,1,100,0,0,NA,2,4,6,1,0,3,0,0,1,2,8,"A","W",82,48,25,8,21,11,7,26,10,27,37,4,12,2,20,92,82,48,25,8,21,11,7,26,10,27,37,4,12,2,20,92,1.25,4.8,104.2,0.04,20.8,0.3,62.5,0,2.9,62.5,62.5,2.8,10,"2023-2024"
"OLY","BAR","39_3","Play offs","Nicolas  Laprovittola",30,12,3,6,50,2,7,28.6,0,0,NA,0,2,2,8,2,2,0,0,2,3,15,"A","W",82,48,25,8,21,11,7,26,10,27,37,4,12,2,20,92,82,48,25,8,21,11,7,26,10,27,37,4,12,2,20,92,0.92,14.4,83.3,0.08,55.6,4,46.2,0,10.3,46.2,13.89,4.5,0,"2023-2024"
"OLY","BAR","39_3","Play offs","Jabari  Parker",38,13,1,6,16.7,3,4,75,2,3,66.7,0,9,9,2,0,1,1,0,2,1,16,"A","W",82,48,25,8,21,11,7,26,10,27,37,4,12,2,20,92,82,48,25,8,21,11,7,26,10,27,37,4,12,2,20,92,1,11.8,110.2,0.1,16.9,2,55,0.3,10.2,57.4,8.47,2.9,0,"2023-2024"
"OLY","BAR","39_3","Play offs","Oscar  da Silva",7,2,1,2,50,0,1,0,0,0,NA,0,0,0,0,0,0,0,0,2,0,-2,"A","W",82,48,25,8,21,11,7,26,10,27,37,4,12,2,20,92,82,48,25,8,21,11,7,26,10,27,37,4,12,2,20,92,0.67,2.9,69,-0.01,0,NA,33.3,0,-0.5,33.3,0,3.9,0,"2023-2024"
"OLY","BAR","39_3","Play offs","Dario  Brizuela",3,2,1,1,100,0,2,0,0,0,NA,0,0,0,1,0,0,0,0,0,0,1,"A","W",82,48,25,8,21,11,7,26,10,27,37,4,12,2,20,92,82,48,25,8,21,11,7,26,10,27,37,4,12,2,20,92,0.67,2.9,69,0.01,34.5,Inf,33.3,0,1,33.3,0,9,0,"2023-2024"
"OLY","BAR","39_3","Play offs","Tomas  Satoransky",28,13,2,3,66.7,3,4,75,0,0,NA,1,3,4,5,0,1,0,0,3,4,20,"A","W",82,48,25,8,21,11,7,26,10,27,37,4,12,2,20,92,82,48,25,8,21,11,7,26,10,27,37,4,12,2,20,92,1.86,6.7,194,0.11,74.6,5,92.9,0,13,92.9,14.93,2.6,5,"2023-2024"
"OLY","BAR","39_3","Play offs","Willy  Hernangomez",14,13,5,8,62.5,0,0,NA,3,3,100,2,3,5,0,0,0,0,1,1,3,16,"A","W",82,48,25,8,21,11,7,26,10,27,37,4,12,2,20,92,82,48,25,8,21,11,7,26,10,27,37,4,12,2,20,92,1.18,7,185.7,0.09,0,NA,62.5,0.38,11.3,69.7,0,6,10,"2023-2024"
"OLY","BAR","39_3","Play offs","Alejandro  Abrines",25,6,0,1,0,2,4,50,0,0,NA,0,4,4,2,1,3,1,0,1,1,8,"A","W",82,48,25,8,21,11,7,26,10,27,37,4,12,2,20,92,82,48,25,8,21,11,7,26,10,27,37,4,12,2,20,92,1.2,7.7,77.9,0.05,26,0.7,60,0,4.2,60,38.96,2.9,0,"2023-2024"
"OLY","BAR","39_3","Play offs","Rokas  Jokubaitis",9,0,0,0,NA,0,2,0,0,0,NA,0,0,0,1,0,0,0,0,0,0,-1,"A","W",82,48,25,8,21,11,7,26,10,27,37,4,12,2,20,92,82,48,25,8,21,11,7,26,10,27,37,4,12,2,20,92,0,1.9,0,-0.01,52.6,Inf,0,0,-0.7,0,0,2,0,"2023-2024"
"BAS","RMB","39_2","Play offs","Facundo  Campazzo",27,13,5,6,83.3,0,0,NA,3,4,75,0,4,4,8,1,4,0,0,2,8,26,"A","W",102,44,33,7,29,13,5,28,8,23,31,8,8,5,15,133,102,44,33,7,29,13,5,28,8,23,31,8,8,5,15,133,1.3,11.3,115,0.08,70.8,2,83.3,0.67,13.4,83.8,35.4,4,0,"2023-2024"
"BAS","RMB","39_2","Play offs","Mario  Hezonja",31,16,2,3,66.7,4,10,40,0,0,NA,0,4,4,2,2,0,1,0,2,1,17,"A","W",102,44,33,7,29,13,5,28,8,23,31,8,8,5,15,133,102,44,33,7,29,13,5,28,8,23,31,8,8,5,15,133,1.23,12.5,128,0.07,16,Inf,61.5,0,13.8,61.5,0,3.8,0,"2023-2024"
"BAS","RMB","39_2","Play offs","Walter  Tavares",30,12,5,11,45.5,0,0,NA,2,3,66.7,6,7,13,1,1,2,4,1,1,6,26,"A","W",102,44,33,7,29,13,5,28,8,23,31,8,8,5,15,133,102,44,33,7,29,13,5,28,8,23,31,8,8,5,15,133,0.86,8,150,0.07,12.5,0.5,45.5,0.27,14.3,48.7,25,4.3,37.5,"2023-2024"
"BAS","RMB","39_2","Play offs","Guerschon  Yabusele",31,23,7,8,87.5,3,8,37.5,0,0,NA,2,5,7,3,0,0,0,0,2,1,26,"A","W",102,44,33,7,29,13,5,28,8,23,31,8,8,5,15,133,102,44,33,7,29,13,5,28,8,23,31,8,8,5,15,133,1.44,13.4,171.6,0.11,22.4,Inf,71.9,0,20,71.9,0,4.7,12.5,"2023-2024"
"BAS","RMB","39_2","Play offs","Dzanan  Musa",12,3,0,1,0,1,3,33.3,0,0,NA,0,1,1,1,0,0,0,0,1,1,2,"A","W",102,44,33,7,29,13,5,28,8,23,31,8,8,5,15,133,102,44,33,7,29,13,5,28,8,23,31,8,8,5,15,133,0.75,3.8,78.9,0,26.3,Inf,37.5,0,1.2,37.5,0,3,0,"2023-2024"
"BAS","RMB","39_2","Play offs","Rudy  Fernandez",7,0,0,0,NA,0,0,NA,0,0,NA,0,0,0,3,0,0,0,0,0,0,3,"A","W",102,44,33,7,29,13,5,28,8,23,31,8,8,5,15,133,102,44,33,7,29,13,5,28,8,23,31,8,8,5,15,133,NA,0,NA,0.01,Inf,Inf,NA,NA,2.1,NA,NA,0,0,"2023-2024"
"BAS","RMB","39_2","Play offs","Sergio  Rodriguez",13,6,0,1,0,2,2,100,0,0,NA,0,1,1,9,1,1,0,0,1,1,15,"A","W",102,44,33,7,29,13,5,28,8,23,31,8,8,5,15,133,102,44,33,7,29,13,5,28,8,23,31,8,8,5,15,133,2,3.8,157.9,0.07,236.8,9,100,0,10.9,100,26.32,2.8,0,"2023-2024"
"BAS","RMB","39_2","Play offs","Gabriel  Deck",22,13,5,8,62.5,1,3,33.3,0,0,NA,0,0,0,1,2,0,0,0,2,2,11,"A","W",102,44,33,7,29,13,5,28,8,23,31,8,8,5,15,133,102,44,33,7,29,13,5,28,8,23,31,8,8,5,15,133,1.18,10.6,122.6,0.04,9.4,Inf,59.1,0,9.6,59.1,0,4.5,0,"2023-2024"
"BAS","RMB","39_2","Play offs","Vincent  Poirier",9,8,4,5,80,0,0,NA,0,0,NA,0,1,1,0,0,1,0,0,1,0,6,"A","W",102,44,33,7,29,13,5,28,8,23,31,8,8,5,15,133,102,44,33,7,29,13,5,28,8,23,31,8,8,5,15,133,1.6,5.8,137.9,0.03,0,0,80,0,5,80,17.24,6.1,0,"2023-2024"
"BAS","RMB","39_2","Play offs","Sergio  Llull",17,8,1,1,100,2,7,28.6,0,0,NA,0,0,0,0,1,0,0,0,3,0,1,"A","W",102,44,33,7,29,13,5,28,8,23,31,8,8,5,15,133,102,44,33,7,29,13,5,28,8,23,31,8,8,5,15,133,1,7.7,103.9,0,0,NA,50,0,3.4,50,0,4.3,0,"2023-2024"
"RMB","BAS","39_2","Play offs","Tadas  Sedekerskis",19,2,1,1,100,0,1,0,0,0,NA,1,3,4,1,0,0,0,0,0,0,6,"H","L",98,34,37,14,19,16,12,19,9,21,30,5,14,1,20,91,98,34,37,14,19,16,12,19,9,21,30,5,14,1,20,91,1,1,200,0.04,100,Inf,50,0,3.3,50,0,0.9,5.6,"2023-2024"
"RMB","BAS","39_2","Play offs","Vanja  Marinkovic",27,17,0,3,0,5,8,62.5,2,2,100,2,2,4,0,0,3,0,1,2,2,11,"H","L",98,34,37,14,19,16,12,19,9,21,30,5,14,1,20,91,98,34,37,14,19,16,12,19,9,21,30,5,14,1,20,91,1.31,12.4,137.1,0.06,0,0,68.2,0.18,9.5,71.5,24.19,4.8,11.1,"2023-2024"
"RMB","BAS","39_2","Play offs","Codi  Miller-McIntyre",36,17,5,11,45.5,2,4,50,1,3,33.3,1,6,7,11,2,3,0,2,2,5,25,"H","L",98,34,37,14,19,16,12,19,9,21,30,5,14,1,20,91,98,34,37,14,19,16,12,19,9,21,30,5,14,1,20,91,0.94,17.6,96.6,0.14,62.5,3.7,53.3,0.2,16.9,52.1,17.05,4.7,5.6,"2023-2024"
"RMB","BAS","39_2","Play offs","Nikos  Rogkavopoulos",29,18,3,4,75,3,5,60,3,3,100,2,2,4,1,1,0,0,1,3,3,20,"H","L",98,34,37,14,19,16,12,19,9,21,30,5,14,1,20,91,98,34,37,14,19,16,12,19,9,21,30,5,14,1,20,91,1.5,8,225,0.11,12.5,Inf,83.3,0.33,16.6,87.2,0,3.1,11.1,"2023-2024"
"RMB","BAS","39_2","Play offs","Matthew  Costello",28,11,4,5,80,1,5,20,0,0,NA,2,2,4,1,2,0,1,0,4,1,11,"H","L",98,34,37,14,19,16,12,19,9,21,30,5,14,1,20,91,98,34,37,14,19,16,12,19,9,21,30,5,14,1,20,91,1.1,7.7,142.9,0.06,13,Inf,55,0,9.8,55,0,3.1,11.1,"2023-2024"
"RMB","BAS","39_2","Play offs","Markus  Howard",24,29,4,7,57.1,5,12,41.7,6,6,100,0,2,2,2,0,5,0,1,2,3,18,"H","L",98,34,37,14,19,16,12,19,9,21,30,5,14,1,20,91,98,34,37,14,19,16,12,19,9,21,30,5,14,1,20,91,1.16,25.6,113.3,0.11,7.8,0.4,60.5,0.32,15.5,67,19.53,9.7,0,"2023-2024"
"RMB","BAS","39_2","Play offs","Sander  Raieste",4,0,0,0,NA,0,0,NA,0,0,NA,0,1,1,0,0,0,0,0,3,0,-2,"H","L",98,34,37,14,19,16,12,19,9,21,30,5,14,1,20,91,98,34,37,14,19,16,12,19,9,21,30,5,14,1,20,91,NA,0,NA,-0.01,NA,NA,NA,NA,-0.9,NA,NA,0,0,"2023-2024"
"RMB","BAS","39_2","Play offs","Christopher  Chiozza",4,2,1,1,100,0,1,0,0,0,NA,0,0,0,2,0,1,0,0,0,0,2,"H","L",98,34,37,14,19,16,12,19,9,21,30,5,14,1,20,91,98,34,37,14,19,16,12,19,9,21,30,5,14,1,20,91,1,2.9,69,0.01,69,2,50,0,1.4,50,34.48,6.6,0,"2023-2024"
"RMB","BAS","39_2","Play offs","Daniel  Diez",17,0,0,0,NA,0,1,0,0,0,NA,0,1,1,0,0,1,0,0,2,0,-3,"H","L",98,34,37,14,19,16,12,19,9,21,30,5,14,1,20,91,98,34,37,14,19,16,12,19,9,21,30,5,14,1,20,91,0,1.9,0,-0.02,0,0,0,0,-2.2,0,52.63,1,0,"2023-2024"
"RMB","BAS","39_2","Play offs","Maik  Kotsar",12,2,1,2,50,0,0,NA,0,0,NA,1,2,3,1,0,1,0,0,2,1,3,"H","L",98,34,37,14,19,16,12,19,9,21,30,5,14,1,20,91,98,34,37,14,19,16,12,19,9,21,30,5,14,1,20,91,1,1.9,105.3,0.01,52.6,1,50,0,1.2,50,52.63,2.2,5.6,"2023-2024"
"ASM","FEN","39_4","Play offs","Georgios  Papagiannis",22,8,4,5,80,0,1,0,0,0,NA,2,4,6,2,0,2,1,0,3,1,11,"H","W",89,36,28,13,23,11,10,22,7,22,29,8,8,2,20,105,89,36,28,13,23,11,10,22,7,22,29,8,8,2,20,105,1.33,5.8,137.9,0.05,34.5,1,66.7,0,6.9,66.7,34.48,3.7,14.3,"2023-2024"
"ASM","FEN","39_4","Play offs","Nigel  Hayes-Davis",33,10,1,5,20,2,5,40,2,2,100,1,2,3,3,1,1,0,0,2,4,11,"H","W",89,36,28,13,23,11,10,22,7,22,29,8,8,2,20,105,89,36,28,13,23,11,10,22,7,22,29,8,8,2,20,105,0.83,10.4,96.2,0.04,28.8,3,40,0.2,6.8,46,9.62,3.7,7.1,"2023-2024"
"ASM","FEN","39_4","Play offs","Dyshawn  Pierre",17,8,2,2,100,1,1,100,1,2,50,0,2,2,1,0,0,0,0,0,1,11,"H","W",89,36,28,13,23,11,10,22,7,22,29,8,8,2,20,105,89,36,28,13,23,11,10,22,7,22,29,8,8,2,20,105,1.6,3.7,216.2,0.06,27,Inf,116.7,0.67,8,103.1,0,2.3,0,"2023-2024"
"ASM","FEN","39_4","Play offs","Tyler  Dorsey",17,8,2,4,50,1,2,50,1,2,50,1,2,3,0,0,0,0,0,2,2,7,"H","W",89,36,28,13,23,11,10,22,7,22,29,8,8,2,20,105,89,36,28,13,23,11,10,22,7,22,29,8,8,2,20,105,1,5.6,142.9,0.03,0,NA,58.3,0.33,5.1,58.1,0,4.2,7.1,"2023-2024"
"ASM","FEN","39_4","Play offs","Nick  Calathes",28,13,5,9,55.6,1,1,100,0,0,NA,0,4,4,5,2,1,0,1,3,3,18,"H","W",89,36,28,13,23,11,10,22,7,22,29,8,8,2,20,105,89,36,28,13,23,11,10,22,7,22,29,8,8,2,20,105,1.3,10.6,122.6,0.09,47.2,5,65,0,12.9,65,9.43,4,0,"2023-2024"
"ASM","FEN","39_4","Play offs","Amine  Noua",7,0,0,0,NA,0,0,NA,0,0,NA,0,1,1,0,0,0,1,0,2,0,0,"H","W",89,36,28,13,23,11,10,22,7,22,29,8,8,2,20,105,89,36,28,13,23,11,10,22,7,22,29,8,8,2,20,105,NA,0,NA,0,NA,NA,NA,NA,0.2,NA,NA,0,0,"2023-2024"
"ASM","FEN","39_4","Play offs","Scottie  Wilbekin",23,11,2,3,66.7,2,6,33.3,1,1,100,1,2,3,4,1,1,0,0,1,1,13,"H","W",89,36,28,13,23,11,10,22,7,22,29,8,8,2,20,105,89,36,28,13,23,11,10,22,7,22,29,8,8,2,20,105,1.1,9.1,120.9,0.07,44,4,55.6,0.11,10,58.3,10.99,4.7,7.1,"2023-2024"
"ASM","FEN","39_4","Play offs","Sertac  Sanli",3,1,0,0,NA,0,0,NA,1,2,50,2,0,2,0,0,0,0,0,0,1,3,"H","W",89,36,28,13,23,11,10,22,7,22,29,8,8,2,20,105,89,36,28,13,23,11,10,22,7,22,29,8,8,2,20,105,0.5,-1.1,-90.9,0.01,0,NA,NA,Inf,2,56.8,0,3,14.3,"2023-2024"
"ASM","FEN","39_4","Play offs","Tarik  Biberovic",20,14,2,3,66.7,2,5,40,4,4,100,0,4,4,1,2,2,0,0,2,2,15,"H","W",89,36,28,13,23,11,10,22,7,22,29,8,8,2,20,105,89,36,28,13,23,11,10,22,7,22,29,8,8,2,20,105,1.17,11.3,123.9,0.08,8.8,0.5,62.5,0.5,11.1,71.7,17.7,6.1,0,"2023-2024"
"ASM","FEN","39_4","Play offs","Marko  Guduric",18,11,4,4,100,1,5,20,0,0,NA,0,0,0,6,1,1,0,0,1,2,14,"H","W",89,36,28,13,23,11,10,22,7,22,29,8,8,2,20,105,89,36,28,13,23,11,10,22,7,22,29,8,8,2,20,105,1.22,9.6,114.6,0.07,62.5,6,61.1,0,10.5,61.1,10.42,5.7,0,"2023-2024"
"ASM","FEN","39_4","Play offs","Nathan  Sestina",11,5,1,1,100,1,2,50,0,0,NA,0,1,1,0,1,0,0,0,4,0,2,"H","W",89,36,28,13,23,11,10,22,7,22,29,8,8,2,20,105,89,36,28,13,23,11,10,22,7,22,29,8,8,2,20,105,1.67,2.9,172.4,0.01,0,NA,83.3,0,3.4,83.3,0,2.8,0,"2023-2024"
"FEN","ASM","39_4","Play offs","Alpha  Diallo",33,23,8,12,66.7,0,1,0,7,7,100,3,4,7,0,1,2,0,0,1,5,28,"A","L",78,41,21,21,25,4,16,20,7,21,28,5,10,1,17,85,78,41,21,21,25,4,16,20,7,21,28,5,10,1,17,85,1.15,14.5,158.6,0.17,0,0,61.5,0.54,19,71.5,13.79,5.4,21.4,"2023-2024"
"FEN","ASM","39_4","Play offs","Petr  Cornelie",11,2,1,1,100,0,2,0,0,0,NA,0,2,2,1,1,0,1,0,3,0,2,"A","L",78,41,21,21,25,4,16,20,7,21,28,5,10,1,17,85,78,41,21,21,25,4,16,20,7,21,28,5,10,1,17,85,0.67,2.9,69,0.01,34.5,Inf,33.3,0,2.1,33.3,0,2.7,0,"2023-2024"
"FEN","ASM","39_4","Play offs","Donatas  Motiejunas",24,10,3,4,75,0,1,0,4,4,100,1,2,3,3,0,2,0,0,3,2,11,"A","L",78,41,21,21,25,4,16,20,7,21,28,5,10,1,17,85,78,41,21,21,25,4,16,20,7,21,28,5,10,1,17,85,1.11,7.4,135.1,0.07,40.5,1.5,60,0.8,7.9,74,27.03,3.6,7.1,"2023-2024"
"FEN","ASM","39_4","Play offs","Matthew  Strazel",13,4,0,2,0,1,1,100,1,2,50,0,1,1,3,0,0,0,1,1,1,4,"A","L",78,41,21,21,25,4,16,20,7,21,28,5,10,1,17,85,78,41,21,21,25,4,16,20,7,21,28,5,10,1,17,85,0.8,3.7,108.1,0.03,81.1,Inf,50,0.67,3.9,51.5,0,2.9,0,"2023-2024"
"FEN","ASM","39_4","Play offs","Mike  James",32,11,3,7,42.9,1,6,16.7,2,4,50,1,1,2,7,1,1,0,0,1,6,14,"A","L",78,41,21,21,25,4,16,20,7,21,28,5,10,1,17,85,78,41,21,21,25,4,16,20,7,21,28,5,10,1,17,85,0.65,14.2,77.5,0.06,49.3,7,34.6,0.31,8.2,37.3,7.04,4.8,7.1,"2023-2024"
"FEN","ASM","39_4","Play offs","Elie  Okobo",18,2,1,5,20,0,1,0,0,0,NA,0,3,3,1,0,1,0,1,2,1,-2,"A","L",78,41,21,21,25,4,16,20,7,21,28,5,10,1,17,85,78,41,21,21,25,4,16,20,7,21,28,5,10,1,17,85,0.33,6.7,29.9,-0.02,14.9,1,16.7,0,-2,16.7,14.93,3.8,0,"2023-2024"
"FEN","ASM","39_4","Play offs","Jordan  Loyd",26,11,3,4,75,1,6,16.7,2,2,100,0,3,3,5,0,2,0,0,3,3,11,"A","L",78,41,21,21,25,4,16,20,7,21,28,5,10,1,17,85,78,41,21,21,25,4,16,20,7,21,28,5,10,1,17,85,0.92,12.4,88.7,0.06,40.3,2.5,45,0.2,6.8,50.6,16.13,4.9,0,"2023-2024"
"FEN","ASM","39_4","Play offs","Jaron  Blossomgame",27,11,4,4,100,1,3,33.3,0,0,NA,0,2,2,0,2,1,0,0,2,1,11,"A","L",78,41,21,21,25,4,16,20,7,21,28,5,10,1,17,85,78,41,21,21,25,4,16,20,7,21,28,5,10,1,17,85,1.57,7.7,142.9,0.08,0,0,78.6,0,8.9,78.6,12.99,2.9,0,"2023-2024"
"FEN","ASM","39_4","Play offs","Mouhammadou  Jaiteh",11,4,2,2,100,0,0,NA,0,0,NA,2,2,4,0,0,1,0,0,0,0,7,"A","L",78,41,21,21,25,4,16,20,7,21,28,5,10,1,17,85,78,41,21,21,25,4,16,20,7,21,28,5,10,1,17,85,2,1,400,0.05,0,0,100,0,4.4,100,100,2.7,14.3,"2023-2024"
"FEN","ASM","39_4","Play offs","Donta  Hall",5,0,0,0,NA,0,0,NA,0,2,0,0,1,1,0,0,0,0,0,1,1,-1,"A","L",78,41,21,21,25,4,16,20,7,21,28,5,10,1,17,85,78,41,21,21,25,4,16,20,7,21,28,5,10,1,17,85,0,0.8,0,-0.02,0,NA,NA,Inf,-0.9,0,0,1.7,0,"2023-2024"
"MAC","PAN","40_1","Play offs","Kostas  Sloukas",34,20,5,9,55.6,1,2,50,7,7,100,1,7,8,6,1,1,0,1,1,5,32,"A","W",95,40,19,22,25,9,18,20,4,22,26,2,6,6,20,113,95,40,19,22,25,9,18,20,4,22,26,2,6,6,20,113,1.11,13.5,148.1,0.15,44.4,6,59.1,0.64,21.3,71,7.41,4.8,12.5,"2023-2024"
"MAC","PAN","40_1","Play offs","Ioannis  Papapetrou",27,8,1,3,33.3,2,3,66.7,0,0,NA,0,1,1,0,0,0,0,0,2,0,4,"A","W",95,40,19,22,25,9,18,20,4,22,26,2,6,6,20,113,95,40,19,22,25,9,18,20,4,22,26,2,6,6,20,113,1.33,5.8,137.9,0.02,0,NA,66.7,0,4.5,66.7,0,2.4,0,"2023-2024"
"MAC","PAN","40_1","Play offs","Kendrick  Nunn",33,27,6,8,75,3,7,42.9,6,6,100,0,3,3,4,0,2,1,1,4,5,27,"A","W",95,40,19,22,25,9,18,20,4,22,26,2,6,6,20,113,95,40,19,22,25,9,18,20,4,22,26,2,6,6,20,113,1.29,18.9,142.9,0.13,21.2,2,70,0.4,20.9,76.5,10.58,6.4,0,"2023-2024"
"MAC","PAN","40_1","Play offs","Mathias  Lessort",38,17,6,10,60,0,0,NA,5,9,55.6,2,5,7,3,0,1,4,1,4,9,26,"A","W",95,40,19,22,25,9,18,20,4,22,26,2,6,6,20,113,95,40,19,22,25,9,18,20,4,22,26,2,6,6,20,113,0.89,12.4,137.1,0.08,24.2,3,60,0.9,16,60.9,8.06,4.2,25,"2023-2024"
"MAC","PAN","40_1","Play offs","Konstantinos  Mitoglou",37,13,5,8,62.5,1,1,100,0,0,NA,1,3,4,3,0,1,0,0,3,1,14,"A","W",95,40,19,22,25,9,18,20,4,22,26,2,6,6,20,113,95,40,19,22,25,9,18,20,4,22,26,2,6,6,20,113,1.44,8.6,151.2,0.07,34.9,3,72.2,0,10.6,72.2,11.63,2.9,12.5,"2023-2024"
"MAC","PAN","40_1","Play offs","Panagiotis  Kalaitzakis",5,2,1,1,100,0,0,NA,0,0,NA,0,2,2,0,1,0,0,0,1,0,4,"A","W",95,40,19,22,25,9,18,20,4,22,26,2,6,6,20,113,95,40,19,22,25,9,18,20,4,22,26,2,6,6,20,113,2,1,200,0.02,0,NA,100,0,2.9,100,0,2.1,0,"2023-2024"
"MAC","PAN","40_1","Play offs","Jerian  Grant",10,0,0,0,NA,0,1,0,0,0,NA,0,0,0,4,0,0,0,0,3,1,1,"A","W",95,40,19,22,25,9,18,20,4,22,26,2,6,6,20,113,95,40,19,22,25,9,18,20,4,22,26,2,6,6,20,113,0,1,0,0,400,Inf,0,0,0.9,0,0,1.1,0,"2023-2024"
"MAC","PAN","40_1","Play offs","Kostas  Antetokounmpo",2,0,0,0,NA,0,0,NA,0,0,NA,0,0,0,0,0,0,1,0,1,0,0,"A","W",95,40,19,22,25,9,18,20,4,22,26,2,6,6,20,113,95,40,19,22,25,9,18,20,4,22,26,2,6,6,20,113,NA,0,NA,0,NA,NA,NA,NA,0.3,NA,NA,0,0,"2023-2024"
"MAC","PAN","40_1","Play offs","Marius  Grigonis",15,8,1,1,100,2,5,40,0,0,NA,0,1,1,0,0,1,0,0,1,1,5,"A","W",95,40,19,22,25,9,18,20,4,22,26,2,6,6,20,113,95,40,19,22,25,9,18,20,4,22,26,2,6,6,20,113,1.33,6.7,119.4,0.02,0,0,66.7,0,3.9,66.7,14.93,5,0,"2023-2024"
"PAN","MAC","40_1","Play offs","Lorenzo  Brown",31,17,8,11,72.7,0,6,0,1,1,100,1,4,5,5,2,0,0,2,2,3,19,"H","L",88,40,34,16,25,9,11,16,11,17,28,5,3,3,22,84,88,40,34,16,25,9,11,16,11,17,28,5,3,3,22,84,0.94,15.8,107.6,0.14,31.6,Inf,47.1,0.06,14.9,48.7,0,5.4,4.5,"2023-2024"
"PAN","MAC","40_1","Play offs","Wade  Baldwin IV",7,3,1,1,100,0,1,0,1,2,50,0,0,0,3,0,0,0,0,1,2,5,"H","L",88,40,34,16,25,9,11,16,11,17,28,5,3,3,22,84,88,40,34,16,25,9,11,16,11,17,28,5,3,3,22,84,0.75,2.8,107.1,0.02,107.1,Inf,50,1,3.3,52.1,0,3.9,0,"2023-2024"
"PAN","MAC","40_1","Play offs","Jake  Cohen",7,2,1,1,100,0,0,NA,0,0,NA,0,0,0,0,0,0,0,0,1,1,2,"H","L",88,40,34,16,25,9,11,16,11,17,28,5,3,3,22,84,88,40,34,16,25,9,11,16,11,17,28,5,3,3,22,84,2,1,200,0.01,0,NA,100,0,1.3,100,0,1.4,0,"2023-2024"
"PAN","MAC","40_1","Play offs","Josh  Nebo",29,12,6,7,85.7,0,0,NA,0,1,0,1,1,2,1,0,0,3,0,2,2,16,"H","L",88,40,34,16,25,9,11,16,11,17,28,5,3,3,22,84,88,40,34,16,25,9,11,16,11,17,28,5,3,3,22,84,1.5,6.2,193.5,0.1,16.1,Inf,85.7,0.14,12.1,80.6,0,2.4,4.5,"2023-2024"
"PAN","MAC","40_1","Play offs","Bonzie  Colson",32,14,3,6,50,2,6,33.3,2,4,50,1,5,6,0,1,0,0,2,2,3,11,"H","L",88,40,34,16,25,9,11,16,11,17,28,5,3,3,22,84,88,40,34,16,25,9,11,16,11,17,28,5,3,3,22,84,0.88,12.2,114.8,0.08,0,NA,50,0.33,9.2,50.9,0,4.1,4.5,"2023-2024"
"PAN","MAC","40_1","Play offs","Antonius  Cleveland",14,5,0,0,NA,1,3,33.3,2,2,100,1,0,1,0,0,0,0,0,3,1,2,"H","L",88,40,34,16,25,9,11,16,11,17,28,5,3,3,22,84,88,40,34,16,25,9,11,16,11,17,28,5,3,3,22,84,1,2.8,178.6,0,0,NA,50,0.67,2.8,64.4,0,2.6,4.5,"2023-2024"
"PAN","MAC","40_1","Play offs","James  Webb III",13,0,0,1,0,0,1,0,0,0,NA,1,1,2,0,0,1,0,0,4,1,-4,"H","L",88,40,34,16,25,9,11,16,11,17,28,5,3,3,22,84,88,40,34,16,25,9,11,16,11,17,28,5,3,3,22,84,0,1.9,0,-0.04,0,0,0,0,-3,0,52.63,2.2,4.5,"2023-2024"
"PAN","MAC","40_1","Play offs","Roman  Sorkin",6,2,0,0,NA,0,1,0,2,2,100,1,0,1,0,0,0,0,0,2,2,2,"H","L",88,40,34,16,25,9,11,16,11,17,28,5,3,3,22,84,88,40,34,16,25,9,11,16,11,17,28,5,3,3,22,84,0.67,0.8,250,0,0,NA,0,2,1.2,53.2,0,3,4.5,"2023-2024"
"PAN","MAC","40_1","Play offs","John  Dibartolomeo",14,10,1,1,100,2,7,28.6,2,2,100,0,2,2,0,0,1,0,0,1,2,7,"H","L",88,40,34,16,25,9,11,16,11,17,28,5,3,3,22,84,88,40,34,16,25,9,11,16,11,17,28,5,3,3,22,84,1,9.5,105.3,0.04,0,0,50,0.25,4.8,56.3,10.53,6.7,0,"2023-2024"
"PAN","MAC","40_1","Play offs","Jasiel  Rivero",18,9,3,9,33.3,1,1,100,0,0,NA,4,0,4,0,1,1,0,2,2,2,5,"H","L",88,40,34,16,25,9,11,16,11,17,28,5,3,3,22,84,88,40,34,16,25,9,11,16,11,17,28,5,3,3,22,84,0.9,6.7,134.3,0.02,0,0,45,0,5.6,45,14.93,5.8,18.2,"2023-2024"
"PAN","MAC","40_1","Play offs","Tamir  Blatt",27,14,2,3,66.7,3,8,37.5,1,2,50,1,4,5,7,1,0,0,0,2,1,19,"H","L",88,40,34,16,25,9,11,16,11,17,28,5,3,3,22,84,88,40,34,16,25,9,11,16,11,17,28,5,3,3,22,84,1.08,10.4,134.6,0.14,67.3,Inf,59.1,0.18,14.9,58.9,0,4.2,4.5,"2023-2024"
"BAR","OLY","40_3","Play offs","Thomas  Walkup",20,0,0,0,NA,0,1,0,0,2,0,0,2,2,3,2,1,0,0,3,2,2,"H","W",92,41,24,11,24,12,8,18,9,33,42,6,12,0,18,114,92,41,24,11,24,12,8,18,9,33,42,6,12,0,18,114,0,2.8,0,0,107.1,3,0,2,1,0,35.71,1.4,0,"2023-2024"
"BAR","OLY","40_3","Play offs","Isaiah  Canaan",20,11,1,3,33.3,3,5,60,0,0,NA,1,0,1,3,0,3,0,0,4,1,5,"H","W",92,41,24,11,24,12,8,18,9,33,42,6,12,0,18,114,92,41,24,11,24,12,8,18,9,33,42,6,12,0,18,114,1.38,9.6,114.6,0.02,31.2,1,68.8,0,5.2,68.8,31.25,5.4,5.6,"2023-2024"
"BAR","OLY","40_3","Play offs","Moustapha  Fall",18,12,6,7,85.7,0,0,NA,0,0,NA,2,3,5,0,0,0,0,0,1,2,17,"H","W",92,41,24,11,24,12,8,18,9,33,42,6,12,0,18,114,92,41,24,11,24,12,8,18,9,33,42,6,12,0,18,114,1.71,4.8,250,0.08,0,NA,85.7,0,11.4,85.7,0,3.8,11.1,"2023-2024"
"BAR","OLY","40_3","Play offs","Kostas  Papanikolaou",19,9,0,1,0,3,6,50,0,0,NA,0,6,6,2,1,1,0,0,1,1,13,"H","W",92,41,24,11,24,12,8,18,9,33,42,6,12,0,18,114,92,41,24,11,24,12,8,18,9,33,42,6,12,0,18,114,1.29,7.7,116.9,0.07,26,2,64.3,0,8.1,64.3,12.99,4.1,0,"2023-2024"
"BAR","OLY","40_3","Play offs","Alec  Peters",23,4,2,4,50,0,1,0,0,0,NA,0,2,2,3,0,2,0,0,1,3,6,"H","W",92,41,24,11,24,12,8,18,9,33,42,6,12,0,18,114,92,41,24,11,24,12,8,18,9,33,42,6,12,0,18,114,0.8,6.7,59.7,0.02,44.8,1.5,40,0,1.6,40,29.85,3,0,"2023-2024"
"BAR","OLY","40_3","Play offs","Nigel  Williams-Goss",23,11,1,6,16.7,3,4,75,0,1,0,0,4,4,4,1,2,0,1,3,3,10,"H","W",92,41,24,11,24,12,8,18,9,33,42,6,12,0,18,114,92,41,24,11,24,12,8,18,9,33,42,6,12,0,18,114,1,11.9,92.4,0.04,33.6,2,55,0.1,7,52.7,16.81,5.3,0,"2023-2024"
"BAR","OLY","40_3","Play offs","Giannoulis  Larentzakis",2,4,0,0,NA,1,1,100,1,1,100,0,0,0,0,0,0,0,0,0,1,5,"H","W",92,41,24,11,24,12,8,18,9,33,42,6,12,0,18,114,92,41,24,11,24,12,8,18,9,33,42,6,12,0,18,114,2,1.4,285.7,0.02,0,NA,150,1,3.7,138.9,0,7,0,"2023-2024"
"BAR","OLY","40_3","Play offs","Naz  Mitrou-Long",9,2,1,1,100,0,2,0,0,0,NA,0,0,0,0,0,0,0,0,1,0,-1,"H","W",92,41,24,11,24,12,8,18,9,33,42,6,12,0,18,114,92,41,24,11,24,12,8,18,9,33,42,6,12,0,18,114,0.67,2.9,69,-0.01,0,NA,33.3,0,-0.1,33.3,0,3.3,0,"2023-2024"
"BAR","OLY","40_3","Play offs","Filip  Petrusev",17,10,4,8,50,0,0,NA,2,2,100,1,4,5,1,0,0,0,0,3,2,11,"H","W",92,41,24,11,24,12,8,18,9,33,42,6,12,0,18,114,92,41,24,11,24,12,8,18,9,33,42,6,12,0,18,114,1,7.6,131.6,0.05,13.2,Inf,50,0.25,7.4,56.3,0,5.1,5.6,"2023-2024"
"BAR","OLY","40_3","Play offs","Nikola  Milutinov",22,8,3,4,75,0,0,NA,2,2,100,3,8,11,0,0,1,0,0,1,2,18,"H","W",92,41,24,11,24,12,8,18,9,33,42,6,12,0,18,114,92,41,24,11,24,12,8,18,9,33,42,6,12,0,18,114,1.33,2.8,285.7,0.08,0,0,75,0.5,9.5,82,35.71,2.6,16.7,"2023-2024"
"BAR","OLY","40_3","Play offs","Shaquielle  McKissic",27,21,6,7,85.7,2,4,50,3,3,100,2,4,6,2,2,2,0,0,0,2,28,"H","W",92,41,24,11,24,12,8,18,9,33,42,6,12,0,18,114,92,41,24,11,24,12,8,18,9,33,42,6,12,0,18,114,1.5,11.8,178,0.14,16.9,1,81.8,0.27,20.5,85.2,16.95,5.2,11.1,"2023-2024"
"OLY","BAR","40_3","Play offs","Jan  Vesely",16,9,4,6,66.7,0,1,0,1,2,50,1,2,3,2,2,1,0,0,2,3,12,"A","L",58,43,22,17,18,5,7,12,12,19,31,8,12,1,19,45,58,43,22,17,18,5,7,12,12,19,31,8,12,1,19,45,1,7.6,118.4,0.21,26.3,2,57.1,0.29,8.2,57.1,13.16,5.3,4.2,"2023-2024"
"OLY","BAR","40_3","Play offs","Ricard  Rubio",16,3,0,2,0,1,2,50,0,0,NA,0,1,1,2,0,1,0,0,1,1,2,"A","L",58,43,22,17,18,5,7,12,12,19,31,8,12,1,19,45,58,43,22,17,18,5,7,12,12,19,31,8,12,1,19,45,0.75,4.8,62.5,0.02,41.7,2,37.5,0,0.9,37.5,20.83,3,0,"2023-2024"
"OLY","BAR","40_3","Play offs","Nikola  Kalinic",24,2,1,3,33.3,0,3,0,0,2,0,2,4,6,2,0,0,0,0,2,2,3,"A","L",58,43,22,17,18,5,7,12,12,19,31,8,12,1,19,45,58,43,22,17,18,5,7,12,12,19,31,8,12,1,19,45,0.25,4.7,42.6,0,42.6,Inf,16.7,0.33,0.6,14.5,0,2.7,8.3,"2023-2024"
"OLY","BAR","40_3","Play offs","Nicolas  Laprovittola",16,5,1,1,100,1,3,33.3,0,0,NA,0,1,1,1,0,1,0,0,2,0,2,"A","L",58,43,22,17,18,5,7,12,12,19,31,8,12,1,19,45,58,43,22,17,18,5,7,12,12,19,31,8,12,1,19,45,1.25,4.8,104.2,0.05,20.8,1,62.5,0,2.2,62.5,20.83,3,0,"2023-2024"
"OLY","BAR","40_3","Play offs","Jabari  Parker",19,10,2,3,66.7,2,3,66.7,0,0,NA,0,2,2,1,0,2,0,0,1,1,9,"A","L",58,43,22,17,18,5,7,12,12,19,31,8,12,1,19,45,58,43,22,17,18,5,7,12,12,19,31,8,12,1,19,45,1.67,7.7,129.9,0.2,13,0.5,83.3,0,6.3,83.3,25.97,4,0,"2023-2024"
"OLY","BAR","40_3","Play offs","Oscar  da Silva",21,4,2,4,50,0,1,0,0,2,0,4,3,7,0,2,0,0,0,3,1,6,"A","L",58,43,22,17,18,5,7,12,12,19,31,8,12,1,19,45,58,43,22,17,18,5,7,12,12,19,31,8,12,1,19,45,0.57,1.8,222.2,0.07,0,NA,40,0.4,5,34,0,2.7,16.7,"2023-2024"
"OLY","BAR","40_3","Play offs","Dario  Brizuela",20,3,1,6,16.7,0,4,0,1,2,50,2,0,2,3,1,1,1,0,1,1,-1,"A","L",58,43,22,17,18,5,7,12,12,19,31,8,12,1,19,45,58,43,22,17,18,5,7,12,12,19,31,8,12,1,19,45,0.25,9.5,31.6,-0.09,31.6,3,10,0.2,-0.2,13.8,10.53,5.6,8.3,"2023-2024"
"OLY","BAR","40_3","Play offs","Tomas  Satoransky",16,6,2,4,50,0,0,NA,2,2,100,0,1,1,0,3,2,0,0,2,2,6,"A","L",58,43,22,17,18,5,7,12,12,19,31,8,12,1,19,45,58,43,22,17,18,5,7,12,12,19,31,8,12,1,19,45,1,6.6,90.9,0.1,0,0,50,0.5,4.5,61.5,30.3,4.1,0,"2023-2024"
"OLY","BAR","40_3","Play offs","Willy  Hernangomez",19,5,1,6,16.7,0,0,NA,3,5,60,1,4,5,0,0,3,0,0,2,3,1,"A","L",58,43,22,17,18,5,7,12,12,19,31,8,12,1,19,45,58,43,22,17,18,5,7,12,12,19,31,8,12,1,19,45,0.45,9.8,51,-0.06,0,0,16.7,0.83,-1.5,30.5,30.61,5.6,4.2,"2023-2024"
"OLY","BAR","40_3","Play offs","Alejandro  Abrines",15,3,0,0,NA,1,4,25,0,0,NA,0,0,0,0,0,1,0,0,2,1,-2,"A","L",58,43,22,17,18,5,7,12,12,19,31,8,12,1,19,45,58,43,22,17,18,5,7,12,12,19,31,8,12,1,19,45,0.75,4.8,62.5,-0.07,0,0,37.5,0,-1.2,37.5,20.83,3.2,0,"2023-2024"
"OLY","BAR","40_3","Play offs","James  Nnaji",5,6,3,3,100,0,0,NA,0,2,0,1,0,1,0,0,0,0,0,0,1,6,"A","L",58,43,22,17,18,5,7,12,12,19,31,8,12,1,19,45,58,43,22,17,18,5,7,12,12,19,31,8,12,1,19,45,1.2,2.8,214.3,0.11,0,NA,100,0.67,5,77.3,0,7.3,4.2,"2023-2024"
"OLY","BAR","40_3","Play offs","Rokas  Jokubaitis",12,2,1,5,20,0,1,0,0,0,NA,1,1,2,1,0,0,0,0,1,2,1,"A","L",58,43,22,17,18,5,7,12,12,19,31,8,12,1,19,45,58,43,22,17,18,5,7,12,12,19,31,8,12,1,19,45,0.33,4.8,41.7,-0.04,20.8,Inf,16.7,0,-0.5,16.7,0,4.7,4.2,"2023-2024"
"ASM","FEN","40_4","Play offs","Georgios  Papagiannis",32,10,3,4,75,1,3,33.3,1,1,100,4,7,11,1,0,1,1,0,3,4,20,"H","L",62,31,32,7,12,11,5,13,15,25,40,3,10,1,16,66,62,31,32,7,12,11,5,13,15,25,40,3,10,1,16,66,1.25,4.3,232.6,0.16,23.3,1,64.3,0.14,10.8,67.2,23.26,2.8,13.3,"2023-2024"
"ASM","FEN","40_4","Play offs","Nigel  Hayes-Davis",33,10,2,7,28.6,2,7,28.6,0,0,NA,2,2,4,1,0,1,0,1,2,3,4,"H","L",62,31,32,7,12,11,5,13,15,25,40,3,10,1,16,66,62,31,32,7,12,11,5,13,15,25,40,3,10,1,16,66,0.71,12.5,80,0.01,8,1,35.7,0,2.7,35.7,8,4.8,6.7,"2023-2024"
"ASM","FEN","40_4","Play offs","Dyshawn  Pierre",13,4,2,3,66.7,0,1,0,0,0,NA,1,2,3,0,0,0,0,0,0,2,7,"H","L",62,31,32,7,12,11,5,13,15,25,40,3,10,1,16,66,62,31,32,7,12,11,5,13,15,25,40,3,10,1,16,66,1,2.9,137.9,0.05,0,NA,50,0,3.3,50,0,3.2,3.3,"2023-2024"
"ASM","FEN","40_4","Play offs","Tyler  Dorsey",14,2,1,3,33.3,0,3,0,0,0,NA,2,2,4,0,0,1,0,0,1,2,1,"H","L",62,31,32,7,12,11,5,13,15,25,40,3,10,1,16,66,62,31,32,7,12,11,5,13,15,25,40,3,10,1,16,66,0.33,4.8,41.7,-0.02,0,0,16.7,0,-1.2,16.7,20.83,5.3,6.7,"2023-2024"
"ASM","FEN","40_4","Play offs","Nick  Calathes",25,8,2,3,66.7,1,4,25,1,2,50,2,4,6,5,2,3,0,1,2,3,13,"H","L",62,31,32,7,12,11,5,13,15,25,40,3,10,1,16,66,62,31,32,7,12,11,5,13,15,25,40,3,10,1,16,66,0.89,8.5,94.1,0.12,58.8,1.7,50,0.29,8.2,50.8,35.29,4.6,6.7,"2023-2024"
"ASM","FEN","40_4","Play offs","Scottie  Wilbekin",26,11,0,3,0,3,6,50,2,2,100,1,1,2,4,0,1,0,0,2,4,12,"H","L",62,31,32,7,12,11,5,13,15,25,40,3,10,1,16,66,62,31,32,7,12,11,5,13,15,25,40,3,10,1,16,66,1,9.5,115.8,0.09,42.1,4,50,0.22,7.9,55.7,10.53,4.4,3.3,"2023-2024"
"ASM","FEN","40_4","Play offs","Sertac  Sanli",5,0,0,0,NA,0,0,NA,0,0,NA,0,0,0,1,0,0,0,0,2,0,-1,"H","L",62,31,32,7,12,11,5,13,15,25,40,3,10,1,16,66,62,31,32,7,12,11,5,13,15,25,40,3,10,1,16,66,NA,0,NA,-0.01,Inf,Inf,NA,NA,-0.1,NA,NA,0,0,"2023-2024"
"ASM","FEN","40_4","Play offs","Tarik  Biberovic",24,3,0,4,0,1,4,25,0,0,NA,3,5,8,0,1,2,0,0,2,0,1,"H","L",62,31,32,7,12,11,5,13,15,25,40,3,10,1,16,66,62,31,32,7,12,11,5,13,15,25,40,3,10,1,16,66,0.38,6.7,44.8,-0.01,0,0,18.8,0,-0.4,18.8,29.85,4.4,10,"2023-2024"
"ASM","FEN","40_4","Play offs","Marko  Guduric",19,14,2,4,50,3,3,100,1,2,50,0,2,2,1,0,1,0,2,1,1,11,"H","L",62,31,32,7,12,11,5,13,15,25,40,3,10,1,16,66,62,31,32,7,12,11,5,13,15,25,40,3,10,1,16,66,1.56,8.5,164.7,0.14,11.8,1,92.9,0.29,10.6,88.8,11.76,4.9,0,"2023-2024"
"ASM","FEN","40_4","Play offs","Nathan  Sestina",8,0,0,0,NA,0,1,0,0,0,NA,0,0,0,0,0,0,0,0,1,0,-2,"H","L",62,31,32,7,12,11,5,13,15,25,40,3,10,1,16,66,62,31,32,7,12,11,5,13,15,25,40,3,10,1,16,66,0,1,0,-0.02,0,NA,0,0,-1.1,0,0,1.3,0,"2023-2024"
"FEN","ASM","40_4","Play offs","Jordan  Loyd",27,8,1,4,25,2,4,50,0,0,NA,0,3,3,3,1,0,0,0,3,1,8,"A","W",65,39,22,11,17,8,7,12,7,23,30,6,5,4,19,68,65,39,22,11,17,8,7,12,7,23,30,6,5,4,19,68,1,7.7,103.9,0.07,39,Inf,50,0,6.4,50,0,3.3,0,"2023-2024"
"FEN","ASM","40_4","Play offs","Jaron  Blossomgame",24,6,3,7,42.9,0,2,0,0,0,NA,3,2,5,0,1,0,0,1,2,1,4,"A","W",65,39,22,11,17,8,7,12,7,23,30,6,5,4,19,68,65,39,22,11,17,8,7,12,7,23,30,6,5,4,19,68,0.67,5.8,103.4,0.03,0,NA,33.3,0,3.8,33.3,0,4.2,21.4,"2023-2024"
"FEN","ASM","40_4","Play offs","Donatas  Motiejunas",24,10,3,5,60,1,2,50,1,2,50,1,1,2,1,2,1,0,0,2,4,12,"A","W",65,39,22,11,17,8,7,12,7,23,30,6,5,4,19,68,65,39,22,11,17,8,7,12,7,23,30,6,5,4,19,68,1.11,7.6,131.6,0.08,13.2,1,64.3,0.29,8.2,63.5,13.16,4.2,7.1,"2023-2024"
"FEN","ASM","40_4","Play offs","Yakuba  Ouattara",14,5,1,1,100,1,1,100,0,0,NA,0,1,1,0,0,0,1,0,1,0,6,"A","W",65,39,22,11,17,8,7,12,7,23,30,6,5,4,19,68,65,39,22,11,17,8,7,12,7,23,30,6,5,4,19,68,2.5,1.9,263.2,0.06,0,NA,125,0,5,125,0,1.6,0,"2023-2024"
"FEN","ASM","40_4","Play offs","Mike  James",33,10,3,8,37.5,1,6,16.7,1,2,50,0,2,2,3,0,0,0,0,3,5,6,"A","W",65,39,22,11,17,8,7,12,7,23,30,6,5,4,19,68,65,39,22,11,17,8,7,12,7,23,30,6,5,4,19,68,0.62,14.3,69.9,0.01,21,Inf,32.1,0.14,2.9,33.6,0,5.1,0,"2023-2024"
"FEN","ASM","40_4","Play offs","Elie  Okobo",26,13,2,4,50,2,5,40,3,3,100,0,1,1,3,0,2,0,0,2,2,10,"A","W",65,39,22,11,17,8,7,12,7,23,30,6,5,4,19,68,65,39,22,11,17,8,7,12,7,23,30,6,5,4,19,68,1.08,11.8,110.2,0.08,25.4,1.5,55.6,0.33,7.9,63,16.95,5.4,0,"2023-2024"
"FEN","ASM","40_4","Play offs","Alpha  Diallo",26,7,1,4,25,1,2,50,2,2,100,0,6,6,1,0,0,1,0,3,1,9,"A","W",65,39,22,11,17,8,7,12,7,23,30,6,5,4,19,68,65,39,22,11,17,8,7,12,7,23,30,6,5,4,19,68,0.88,6.6,106.1,0.08,15.2,Inf,41.7,0.33,5.6,50.9,0,3,0,"2023-2024"
"FEN","ASM","40_4","Play offs","Mouhammadou  Jaiteh",5,0,0,2,0,0,0,NA,0,0,NA,0,3,3,0,0,0,0,0,0,0,1,"A","W",65,39,22,11,17,8,7,12,7,23,30,6,5,4,19,68,65,39,22,11,17,8,7,12,7,23,30,6,5,4,19,68,0,1.9,0,0.01,0,NA,0,0,-0.5,0,0,4.5,0,"2023-2024"
"FEN","ASM","40_4","Play offs","Donta  Hall",20,6,3,4,75,0,0,NA,0,2,0,3,4,7,1,2,2,2,0,3,2,12,"A","W",65,39,22,11,17,8,7,12,7,23,30,6,5,4,19,68,65,39,22,11,17,8,7,12,7,23,30,6,5,4,19,68,1,3.7,162.2,0.08,27,0.5,75,0.5,7.8,61.5,54.05,3.9,21.4,"2023-2024"
"MAC","PAN","41_1","Play offs","Kostas  Sloukas",20,15,4,4,100,2,6,33.3,1,1,100,2,4,6,2,2,3,0,0,0,0,18,"H","W",81,32,28,35,12,12,21,15,14,22,36,7,9,3,17,85,81,32,28,35,12,12,21,15,14,22,36,7,9,3,17,85,1.36,11,136.4,0.15,18.2,0.7,70,0.1,13.4,71.8,27.27,6.4,7.1,"2023-2024"
"MAC","PAN","41_1","Play offs","Ioannis  Papapetrou",29,10,1,3,33.3,2,5,40,2,2,100,0,1,1,3,1,1,0,0,3,1,7,"H","W",81,32,28,35,12,12,21,15,14,22,36,7,9,3,17,85,81,32,28,35,12,12,21,15,14,22,36,7,9,3,17,85,1,9.5,105.3,0.05,31.6,3,50,0.25,6.8,56.3,10.53,3.2,0,"2023-2024"
"MAC","PAN","41_1","Play offs","Kendrick  Nunn",38,26,2,7,28.6,6,10,60,4,4,100,1,4,5,4,1,3,1,1,1,4,27,"H","W",81,32,28,35,12,12,21,15,14,22,36,7,9,3,17,85,81,32,28,35,12,12,21,15,14,22,36,7,9,3,17,85,1.24,19.9,130.7,0.2,20.1,1.3,64.7,0.24,20.3,69.3,15.08,5.4,3.6,"2023-2024"
"MAC","PAN","41_1","Play offs","Mathias  Lessort",35,9,3,8,37.5,0,0,NA,3,14,21.4,6,5,11,1,1,1,2,2,3,8,10,"H","W",81,32,28,35,12,12,21,15,14,22,36,7,9,3,17,85,81,32,28,35,12,12,21,15,14,22,36,7,9,3,17,85,0.41,8.8,102.3,0,11.4,1,37.5,1.75,6.8,31.8,11.36,4.1,21.4,"2023-2024"
"MAC","PAN","41_1","Play offs","Konstantinos  Mitoglou",26,3,0,3,0,0,1,0,3,4,75,4,3,7,0,0,1,0,0,3,3,4,"H","W",81,32,28,35,12,12,21,15,14,22,36,7,9,3,17,85,81,32,28,35,12,12,21,15,14,22,36,7,9,3,17,85,0.38,2.6,115.4,-0.01,0,0,0,1,1.3,26,38.46,2.5,14.3,"2023-2024"
"MAC","PAN","41_1","Play offs","Panagiotis  Kalaitzakis",13,2,1,1,100,0,0,NA,0,0,NA,0,0,0,0,2,0,0,0,3,0,1,"H","W",81,32,28,35,12,12,21,15,14,22,36,7,9,3,17,85,81,32,28,35,12,12,21,15,14,22,36,7,9,3,17,85,2,1,200,0.01,0,NA,100,0,2.5,100,0,0.7,0,"2023-2024"
"MAC","PAN","41_1","Play offs","Jerian  Grant",14,3,0,2,0,1,2,50,0,0,NA,0,3,3,4,0,0,0,0,1,1,7,"H","W",81,32,28,35,12,12,21,15,14,22,36,7,9,3,17,85,81,32,28,35,12,12,21,15,14,22,36,7,9,3,17,85,0.75,3.8,78.9,0.05,105.3,Inf,37.5,0,3.9,37.5,0,2.7,0,"2023-2024"
"MAC","PAN","41_1","Play offs","Kostas  Antetokounmpo",4,2,0,0,NA,0,0,NA,2,4,50,0,1,1,0,0,0,0,0,1,2,2,"H","W",81,32,28,35,12,12,21,15,14,22,36,7,9,3,17,85,81,32,28,35,12,12,21,15,14,22,36,7,9,3,17,85,0.5,1.7,117.6,0,0,NA,NA,Inf,1.1,56.8,0,4.2,0,"2023-2024"
"MAC","PAN","41_1","Play offs","Marius  Grigonis",7,0,0,0,NA,0,1,0,0,0,NA,0,1,1,1,0,0,0,0,0,1,2,"H","W",81,32,28,35,12,12,21,15,14,22,36,7,9,3,17,85,81,32,28,35,12,12,21,15,14,22,36,7,9,3,17,85,0,1,0,0.01,100,Inf,0,0,0.3,0,0,1.4,0,"2023-2024"
"MAC","PAN","41_1","Play offs","Juan  Hernangomez",14,11,1,4,25,1,3,33.3,6,6,100,1,0,1,0,0,0,0,1,2,3,7,"H","W",81,32,28,35,12,12,21,15,14,22,36,7,9,3,17,85,81,32,28,35,12,12,21,15,14,22,36,7,9,3,17,85,0.85,8.3,132.5,0.04,0,NA,35.7,0.86,6.8,57.1,0,6.5,3.6,"2023-2024"
"PAN","MAC","41_1","Play offs","Lorenzo  Brown",34,19,5,10,50,2,3,66.7,3,4,75,0,4,4,7,0,3,0,0,1,5,24,"A","L",72,39,24,10,17,10,8,17,10,20,30,5,12,4,24,68,72,39,24,10,17,10,8,17,10,20,30,5,12,4,24,68,1.12,17,111.8,0.2,41.2,2.3,61.5,0.31,15,64.4,17.65,5.3,0,"2023-2024"
"PAN","MAC","41_1","Play offs","John  Dibartolomeo",26,9,0,1,0,3,5,60,0,0,NA,1,2,3,3,1,0,0,1,4,2,10,"A","L",72,39,24,10,17,10,8,17,10,20,30,5,12,4,24,68,72,39,24,10,17,10,8,17,10,20,30,5,12,4,24,68,1.5,4.8,187.5,0.09,62.5,Inf,75,0,8.8,75,0,2.3,5,"2023-2024"
"PAN","MAC","41_1","Play offs","Jake  Cohen",16,4,2,4,50,0,2,0,0,0,NA,1,2,3,1,0,2,0,1,4,1,-2,"A","L",72,39,24,10,17,10,8,17,10,20,30,5,12,4,24,68,72,39,24,10,17,10,8,17,10,20,30,5,12,4,24,68,0.67,6.7,59.7,-0.03,14.9,0.5,33.3,0,-1,33.3,29.85,5,5,"2023-2024"
"PAN","MAC","41_1","Play offs","Josh  Nebo",30,14,6,10,60,0,0,NA,2,2,100,4,3,7,1,2,1,2,1,3,2,19,"A","L",72,39,24,10,17,10,8,17,10,20,30,5,12,4,24,68,72,39,24,10,17,10,8,17,10,20,30,5,12,4,24,68,1.17,7.6,184.2,0.16,13.2,1,60,0.2,15,64.3,13.16,4,20,"2023-2024"
"PAN","MAC","41_1","Play offs","Bonzie  Colson",31,4,0,3,0,1,8,12.5,1,2,50,0,3,3,0,0,0,1,0,2,2,-3,"A","L",72,39,24,10,17,10,8,17,10,20,30,5,12,4,24,68,72,39,24,10,17,10,8,17,10,20,30,5,12,4,24,68,0.31,11.4,35.1,-0.06,0,NA,13.6,0.18,-2.9,16.8,0,3.9,0,"2023-2024"
"PAN","MAC","41_1","Play offs","Antonius  Cleveland",15,2,1,2,50,0,1,0,0,0,NA,0,2,2,1,1,1,1,0,2,1,3,"A","L",72,39,24,10,17,10,8,17,10,20,30,5,12,4,24,68,72,39,24,10,17,10,8,17,10,20,30,5,12,4,24,68,0.67,3.8,52.6,0.02,26.3,1,33.3,0,1.5,33.3,26.32,2.7,0,"2023-2024"
"PAN","MAC","41_1","Play offs","James  Webb III",13,3,0,2,0,1,2,50,0,0,NA,2,2,4,0,0,0,0,0,2,1,3,"A","L",72,39,24,10,17,10,8,17,10,20,30,5,12,4,24,68,72,39,24,10,17,10,8,17,10,20,30,5,12,4,24,68,0.75,1.9,157.9,0.01,0,NA,37.5,0,1.8,37.5,0,3.1,10,"2023-2024"
"PAN","MAC","41_1","Play offs","Jasiel  Rivero",14,8,3,5,60,0,0,NA,2,2,100,2,2,4,1,1,1,0,0,4,2,9,"A","L",72,39,24,10,17,10,8,17,10,20,30,5,12,4,24,68,72,39,24,10,17,10,8,17,10,20,30,5,12,4,24,68,1.14,4.7,170.2,0.06,21.3,1,60,0.4,6.8,68,21.28,5,10,"2023-2024"
"PAN","MAC","41_1","Play offs","Tamir  Blatt",20,9,0,2,0,3,3,100,0,0,NA,0,0,0,3,0,4,0,0,2,1,5,"A","L",72,39,24,10,17,10,8,17,10,20,30,5,12,4,24,68,72,39,24,10,17,10,8,17,10,20,30,5,12,4,24,68,1.8,8.6,104.7,0.04,34.9,0.8,90,0,4,90,46.51,4.5,0,"2023-2024"
"BAR","OLY","41_3","Play offs","Thomas  Walkup",20,3,0,0,NA,1,6,16.7,0,0,NA,1,1,2,2,1,2,0,0,3,1,-1,"A","W",63,32,23,24,16,6,13,15,8,27,35,7,15,3,19,70,63,32,23,24,16,6,13,15,8,27,35,7,15,3,19,70,0.5,6.7,44.8,-0.03,29.9,1,25,0,-0.6,25,29.85,4,6.2,"2023-2024"
"BAR","OLY","41_3","Play offs","Isaiah  Canaan",19,6,1,3,33.3,0,4,0,4,5,80,0,3,3,2,0,1,0,0,3,4,4,"A","W",63,32,23,24,16,6,13,15,8,27,35,7,15,3,19,70,63,32,23,24,16,6,13,15,8,27,35,7,15,3,19,70,0.5,9.8,61.2,0,20.4,2,14.3,0.71,1.2,32.6,10.2,5.3,0,"2023-2024"
"BAR","OLY","41_3","Play offs","Moustapha  Fall",12,0,0,0,NA,0,0,NA,0,4,0,2,3,5,1,0,0,2,0,2,2,4,"A","W",63,32,23,24,16,6,13,15,8,27,35,7,15,3,19,70,63,32,23,24,16,6,13,15,8,27,35,7,15,3,19,70,0,-0.2,0,0,-500,Inf,NA,Inf,2,0,0,1.5,12.5,"2023-2024"
"BAR","OLY","41_3","Play offs","Kostas  Papanikolaou",28,11,0,0,NA,3,6,50,2,2,100,0,2,2,2,2,1,0,0,1,1,13,"A","W",63,32,23,24,16,6,13,15,8,27,35,7,15,3,19,70,63,32,23,24,16,6,13,15,8,27,35,7,15,3,19,70,1.38,7.6,144.7,0.15,26.3,2,75,0.33,10.6,79.9,13.16,2.8,0,"2023-2024"
"BAR","OLY","41_3","Play offs","Alec  Peters",16,6,3,6,50,0,0,NA,0,0,NA,0,4,4,1,0,0,0,2,0,1,7,"A","W",63,32,23,24,16,6,13,15,8,27,35,7,15,3,19,70,63,32,23,24,16,6,13,15,8,27,35,7,15,3,19,70,1,5.8,103.4,0.1,17.2,Inf,50,0,4.9,50,0,3.7,0,"2023-2024"
"BAR","OLY","41_3","Play offs","Nigel  Williams-Goss",28,8,4,7,57.1,0,2,0,0,0,NA,0,2,2,4,1,6,0,0,2,1,3,"A","W",63,32,23,24,16,6,13,15,8,27,35,7,15,3,19,70,63,32,23,24,16,6,13,15,8,27,35,7,15,3,19,70,0.89,14.4,55.6,0.03,27.8,0.7,44.4,0,0.9,44.4,41.67,5.3,0,"2023-2024"
"BAR","OLY","41_3","Play offs","Moses  Wright",2,2,1,2,50,0,0,NA,0,0,NA,1,1,2,0,0,0,0,0,0,0,3,"A","W",63,32,23,24,16,6,13,15,8,27,35,7,15,3,19,70,63,32,23,24,16,6,13,15,8,27,35,7,15,3,19,70,1,1,200,0.03,0,NA,50,0,2,50,0,9.9,6.2,"2023-2024"
"BAR","OLY","41_3","Play offs","Giannoulis  Larentzakis",6,0,0,0,NA,0,1,0,0,0,NA,0,0,0,1,1,1,0,0,0,0,0,"A","W",63,32,23,24,16,6,13,15,8,27,35,7,15,3,19,70,63,32,23,24,16,6,13,15,8,27,35,7,15,3,19,70,0,1.9,0,0,52.6,1,0,0,0,0,52.63,3.3,0,"2023-2024"
"BAR","OLY","41_3","Play offs","Filip  Petrusev",19,5,1,4,25,0,0,NA,3,4,75,1,2,3,0,0,3,0,0,4,7,4,"A","W",63,32,23,24,16,6,13,15,8,27,35,7,15,3,19,70,63,32,23,24,16,6,13,15,8,27,35,7,15,3,19,70,0.62,7.4,67.6,-0.04,0,0,25,1,-1.1,43.4,40.54,4.6,6.2,"2023-2024"
"BAR","OLY","41_3","Play offs","Nikola  Milutinov",25,10,4,5,80,0,0,NA,2,4,50,3,7,10,2,1,1,1,0,1,7,26,"A","W",63,32,23,24,16,6,13,15,8,27,35,7,15,3,19,70,63,32,23,24,16,6,13,15,8,27,35,7,15,3,19,70,1.11,4.6,217.4,0.22,43.5,2,80,0.8,13.2,74,21.74,3.1,18.8,"2023-2024"
"BAR","OLY","41_3","Play offs","Shaquielle  McKissic",24,12,2,5,40,2,4,50,2,5,40,0,2,2,0,1,0,0,0,3,3,7,"A","W",63,32,23,24,16,6,13,15,8,27,35,7,15,3,19,70,63,32,23,24,16,6,13,15,8,27,35,7,15,3,19,70,0.86,10.8,111.1,0.05,0,NA,55.6,0.56,6.5,53.6,0,4.6,0,"2023-2024"
"OLY","BAR","41_3","Play offs","Jan  Vesely",28,6,3,6,50,0,0,NA,0,0,NA,1,0,1,0,1,4,1,0,4,0,-2,"H","L",59,38,26,13,18,4,11,17,12,25,37,12,13,2,27,59,59,38,26,13,18,4,11,17,12,25,37,12,13,2,27,59,1,8.6,69.8,-0.04,0,0,50,0,-0.2,50,46.51,3.5,4.2,"2023-2024"
"OLY","BAR","41_3","Play offs","Nikola  Kalinic",19,0,0,4,0,0,3,0,0,0,NA,1,2,3,0,0,0,0,1,4,0,-9,"H","L",59,38,26,13,18,4,11,17,12,25,37,12,13,2,27,59,59,38,26,13,18,4,11,17,12,25,37,12,13,2,27,59,0,5.8,0,-0.12,0,NA,0,0,-5.2,0,0,3.6,4.2,"2023-2024"
"OLY","BAR","41_3","Play offs","Tomas  Satoransky",26,2,0,0,NA,0,0,NA,2,2,100,1,7,8,5,3,1,0,0,2,3,18,"H","L",59,38,26,13,18,4,11,17,12,25,37,12,13,2,27,59,59,38,26,13,18,4,11,17,12,25,37,12,13,2,27,59,1,0.8,250,0.2,625,5,NA,Inf,9.5,113.6,125,0.7,4.2,"2023-2024"
"OLY","BAR","41_3","Play offs","Nicolas  Laprovittola",25,17,3,8,37.5,2,7,28.6,5,5,100,3,4,7,4,1,2,0,1,2,4,18,"H","L",59,38,26,13,18,4,11,17,12,25,37,12,13,2,27,59,59,38,26,13,18,4,11,17,12,25,37,12,13,2,27,59,0.85,15.6,109,0.19,25.6,2,40,0.33,12.8,49.4,12.82,7.4,12.5,"2023-2024"
"OLY","BAR","41_3","Play offs","Jabari  Parker",31,4,2,6,33.3,0,7,0,0,0,NA,0,5,5,1,1,1,1,0,5,3,-2,"H","L",59,38,26,13,18,4,11,17,12,25,37,12,13,2,27,59,59,38,26,13,18,4,11,17,12,25,37,12,13,2,27,59,0.31,13.4,29.9,-0.08,7.5,1,15.4,0,-3.4,15.4,7.46,4.4,0,"2023-2024"
"OLY","BAR","41_3","Play offs","Oscar  da Silva",9,0,0,0,NA,0,1,0,0,0,NA,1,0,1,0,1,0,0,0,4,0,-3,"H","L",59,38,26,13,18,4,11,17,12,25,37,12,13,2,27,59,59,38,26,13,18,4,11,17,12,25,37,12,13,2,27,59,0,0,NA,-0.05,NA,NA,0,0,-0.6,0,NA,1.1,4.2,"2023-2024"
"OLY","BAR","41_3","Play offs","Ricard  Rubio",20,6,2,3,66.7,0,2,0,2,2,100,1,3,4,4,5,2,0,0,2,4,16,"H","L",59,38,26,13,18,4,11,17,12,25,37,12,13,2,27,59,59,38,26,13,18,4,11,17,12,25,37,12,13,2,27,59,0.86,6.6,90.9,0.16,60.6,2,40,0.4,9.9,51,30.3,3.8,4.2,"2023-2024"
"OLY","BAR","41_3","Play offs","Willy  Hernangomez",12,9,4,6,66.7,0,0,NA,1,2,50,2,1,3,0,0,3,0,1,2,3,6,"H","L",59,38,26,13,18,4,11,17,12,25,37,12,13,2,27,59,59,38,26,13,18,4,11,17,12,25,37,12,13,2,27,59,1.12,7.6,118.4,0.04,0,0,66.7,0.33,3.9,65.4,39.47,8,8.3,"2023-2024"
"OLY","BAR","41_3","Play offs","Alejandro  Abrines",23,13,3,3,100,2,5,40,1,2,50,1,3,4,1,0,0,0,0,2,2,14,"H","L",59,38,26,13,18,4,11,17,12,25,37,12,13,2,27,59,59,38,26,13,18,4,11,17,12,25,37,12,13,2,27,59,1.3,7.6,171.1,0.16,13.2,Inf,75,0.25,10.5,73.2,0,3.7,4.2,"2023-2024"
"OLY","BAR","41_3","Play offs","Rokas  Jokubaitis",7,2,1,2,50,0,1,0,0,0,NA,1,0,1,2,0,0,0,0,0,0,3,"H","L",59,38,26,13,18,4,11,17,12,25,37,12,13,2,27,59,59,38,26,13,18,4,11,17,12,25,37,12,13,2,27,59,0.67,1.9,105.3,0.03,105.3,Inf,33.3,0,2.4,33.3,0,4.1,4.2,"2023-2024"
"ASM","FEN","41_4","Play offs","Johnathan  Motley",10,6,3,5,60,0,0,NA,0,0,NA,3,1,4,0,0,2,0,0,2,5,9,"A","W",80,27,35,9,14,15,7,17,11,17,28,8,14,2,17,86,80,27,35,9,14,15,7,17,11,17,28,8,14,2,17,86,1.2,3.8,157.9,0.02,0,0,60,0,3.3,60,52.63,7,13.6,"2023-2024"
"ASM","FEN","41_4","Play offs","Scottie  Wilbekin",35,14,1,1,100,4,8,50,0,0,NA,2,2,4,2,3,4,0,0,1,0,14,"A","W",80,27,35,9,14,15,7,17,11,17,28,8,14,2,17,86,80,27,35,9,14,15,7,17,11,17,28,8,14,2,17,86,1.56,10.6,132.1,0.1,18.9,0.5,77.8,0,11.7,77.8,37.74,3.7,9.1,"2023-2024"
"ASM","FEN","41_4","Play offs","Nigel  Hayes-Davis",36,7,2,3,66.7,1,4,25,0,0,NA,1,1,2,4,1,2,0,0,2,3,9,"A","W",80,27,35,9,14,15,7,17,11,17,28,8,14,2,17,86,80,27,35,9,14,15,7,17,11,17,28,8,14,2,17,86,1,7.7,90.9,0.04,51.9,2,50,0,5.3,50,25.97,2.5,4.5,"2023-2024"
"ASM","FEN","41_4","Play offs","Dyshawn  Pierre",12,2,1,1,100,0,1,0,0,0,NA,0,1,1,1,0,0,0,0,1,0,2,"A","W",80,27,35,9,14,15,7,17,11,17,28,8,14,2,17,86,80,27,35,9,14,15,7,17,11,17,28,8,14,2,17,86,1,1.9,105.3,0.02,52.6,Inf,50,0,1.6,50,0,1.7,0,"2023-2024"
"ASM","FEN","41_4","Play offs","Nick  Calathes",38,14,1,5,20,3,10,30,3,5,60,1,5,6,4,1,1,0,1,3,2,9,"A","W",80,27,35,9,14,15,7,17,11,17,28,8,14,2,17,86,80,27,35,9,14,15,7,17,11,17,28,8,14,2,17,86,0.7,16.5,84.8,0.06,24.2,4,36.7,0.33,8.1,40.7,6.06,4.8,4.5,"2023-2024"
"ASM","FEN","41_4","Play offs","Sertac  Sanli",4,0,0,0,NA,0,0,NA,0,0,NA,0,0,0,1,0,0,0,0,0,2,3,"A","W",80,27,35,9,14,15,7,17,11,17,28,8,14,2,17,86,80,27,35,9,14,15,7,17,11,17,28,8,14,2,17,86,NA,0,NA,0.01,Inf,Inf,NA,NA,0.7,NA,NA,0,0,"2023-2024"
"ASM","FEN","41_4","Play offs","Georgios  Papagiannis",24,6,2,3,66.7,0,2,0,2,2,100,1,1,2,1,2,1,2,0,4,2,7,"A","W",80,27,35,9,14,15,7,17,11,17,28,8,14,2,17,86,80,27,35,9,14,15,7,17,11,17,28,8,14,2,17,86,0.86,5.6,107.1,0.03,17.9,1,40,0.4,5.8,51,17.86,2.9,4.5,"2023-2024"
"ASM","FEN","41_4","Play offs","Tarik  Biberovic",20,13,1,4,25,3,3,100,2,2,100,2,3,5,0,0,0,0,0,0,2,17,"A","W",80,27,35,9,14,15,7,17,11,17,28,8,14,2,17,86,80,27,35,9,14,15,7,17,11,17,28,8,14,2,17,86,1.44,5.6,232.1,0.11,0,NA,78.6,0.29,12,82.5,0,3.9,9.1,"2023-2024"
"ASM","FEN","41_4","Play offs","Marko  Guduric",28,10,2,3,66.7,2,2,100,0,0,NA,0,3,3,3,0,2,0,0,3,2,12,"A","W",80,27,35,9,14,15,7,17,11,17,28,8,14,2,17,86,80,27,35,9,14,15,7,17,11,17,28,8,14,2,17,86,2,6.7,149.3,0.08,44.8,1.5,100,0,7.9,100,29.85,2.5,0,"2023-2024"
"ASM","FEN","41_4","Play offs","Tyler  Dorsey",3,0,0,1,0,0,0,NA,0,0,NA,0,0,0,0,0,1,0,0,0,0,-2,"A","W",80,27,35,9,14,15,7,17,11,17,28,8,14,2,17,86,80,27,35,9,14,15,7,17,11,17,28,8,14,2,17,86,0,1.9,0,-0.02,0,0,0,0,-1.7,0,52.63,6.7,0,"2023-2024"
"ASM","FEN","41_4","Play offs","Nathan  Sestina",15,8,1,1,100,2,5,40,0,0,NA,1,0,1,1,1,1,0,0,1,0,6,"A","W",80,27,35,9,14,15,7,17,11,17,28,8,14,2,17,86,80,27,35,9,14,15,7,17,11,17,28,8,14,2,17,86,1.33,5.8,137.9,0.04,17.2,1,66.7,0,6,66.7,17.24,4.7,4.5,"2023-2024"
"FEN","ASM","41_4","Play offs","John  Brown III",29,3,1,7,14.3,0,0,NA,1,2,50,3,0,3,2,1,0,0,1,1,3,3,"H","L",79,45,19,17,25,5,14,15,9,17,26,8,10,1,18,79,79,45,19,17,25,5,14,15,9,17,26,8,10,1,18,79,0.33,4.7,63.8,0,42.6,Inf,14.3,0.29,2.2,19,0,2.7,16.7,"2023-2024"
"FEN","ASM","41_4","Play offs","Jordan  Loyd",25,5,2,5,40,0,1,0,1,1,100,1,1,2,3,0,2,0,0,4,1,1,"H","L",79,45,19,17,25,5,14,15,9,17,26,8,10,1,18,79,79,45,19,17,25,5,14,15,9,17,26,8,10,1,18,79,0.71,7.1,70.4,0,42.3,1.5,33.3,0.17,1.1,38.8,28.17,3.3,5.6,"2023-2024"
"FEN","ASM","41_4","Play offs","Donatas  Motiejunas",29,16,5,8,62.5,1,2,50,3,4,75,2,6,8,1,1,1,0,1,4,4,19,"H","L",79,45,19,17,25,5,14,15,9,17,26,8,10,1,18,79,79,45,19,17,25,5,14,15,9,17,26,8,10,1,18,79,1.14,10.3,155.3,0.13,9.7,1,65,0.4,13.3,68,9.71,4.3,11.1,"2023-2024"
"FEN","ASM","41_4","Play offs","Yakuba  Ouattara",10,0,0,0,NA,0,2,0,0,0,NA,0,0,0,0,0,0,0,0,1,1,-2,"H","L",79,45,19,17,25,5,14,15,9,17,26,8,10,1,18,79,79,45,19,17,25,5,14,15,9,17,26,8,10,1,18,79,0,1.9,0,-0.03,0,NA,0,0,-1.8,0,0,2,0,"2023-2024"
"FEN","ASM","41_4","Play offs","Mike  James",38,20,3,7,42.9,3,5,60,5,6,83.3,1,2,3,3,1,4,0,0,1,5,20,"H","L",79,45,19,17,25,5,14,15,9,17,26,8,10,1,18,79,79,45,19,17,25,5,14,15,9,17,26,8,10,1,18,79,1.11,16.9,118.3,0.12,17.8,0.8,62.5,0.5,13.6,68.3,23.67,4.8,5.6,"2023-2024"
"FEN","ASM","41_4","Play offs","Elie  Okobo",32,15,6,9,66.7,0,5,0,3,3,100,0,3,3,5,1,1,0,0,2,2,15,"H","L",79,45,19,17,25,5,14,15,9,17,26,8,10,1,18,79,79,45,19,17,25,5,14,15,9,17,26,8,10,1,18,79,0.88,15.7,95.5,0.11,31.8,5,42.9,0.21,11.2,49,6.37,5,0,"2023-2024"
"FEN","ASM","41_4","Play offs","Jaron  Blossomgame",23,5,1,2,50,1,1,100,0,0,NA,1,2,3,0,2,0,0,0,1,0,8,"H","L",79,45,19,17,25,5,14,15,9,17,26,8,10,1,18,79,79,45,19,17,25,5,14,15,9,17,26,8,10,1,18,79,1.67,1.9,263.2,0.06,0,NA,83.3,0,6.6,83.3,0,1.3,5.6,"2023-2024"
"FEN","ASM","41_4","Play offs","Alpha  Diallo",29,10,5,5,100,0,3,0,0,0,NA,1,1,2,1,2,1,1,0,3,0,9,"H","L",79,45,19,17,25,5,14,15,9,17,26,8,10,1,18,79,79,45,19,17,25,5,14,15,9,17,26,8,10,1,18,79,1.25,7.7,129.9,0.07,13,1,62.5,0,8.6,62.5,12.99,3,5.6,"2023-2024"
"FEN","ASM","41_4","Play offs","Donta  Hall",9,5,2,2,100,0,0,NA,1,1,100,0,2,2,0,0,1,0,0,1,1,6,"H","L",79,45,19,17,25,5,14,15,9,17,26,8,10,1,18,79,79,45,19,17,25,5,14,15,9,17,26,8,10,1,18,79,1.67,3.3,151.5,0.04,0,0,100,0.5,3.6,102.5,30.3,3.8,0,"2023-2024"
"FEN","PAN","42_1","Final Four","Ioannis  Papapetrou",23,9,2,3,66.7,1,2,50,2,2,100,0,3,3,2,0,0,0,0,2,1,11,"H","W",73,31,19,22,19,7,14,13,6,27,33,8,15,3,15,89,73,31,19,22,19,7,14,13,6,27,33,8,15,3,15,89,1.29,5.6,160.7,0.08,35.7,Inf,70,0.4,8.2,76.5,0,2.7,0,"2023-2024"
"FEN","PAN","42_1","Final Four","Jerian  Grant",27,13,4,6,66.7,1,2,50,2,3,66.7,1,1,2,2,1,2,0,0,2,2,12,"H","W",73,31,19,22,19,7,14,13,6,27,33,8,15,3,15,89,73,31,19,22,19,7,14,13,6,27,33,8,15,3,15,89,1.18,9.9,131.3,0.07,20.2,1,68.8,0.38,9.6,69.7,20.2,4.5,8.3,"2023-2024"
"FEN","PAN","42_1","Final Four","Kendrick  Nunn",34,14,2,4,50,3,6,50,1,1,100,1,3,4,3,1,4,0,0,3,2,12,"H","W",73,31,19,22,19,7,14,13,6,27,33,8,15,3,15,89,73,31,19,22,19,7,14,13,6,27,33,8,15,3,15,89,1.27,12.9,108.5,0.07,23.3,0.8,65,0.1,8.5,67,31.01,4.5,8.3,"2023-2024"
"FEN","PAN","42_1","Final Four","Mathias  Lessort",32,17,6,10,60,0,0,NA,5,10,50,2,8,10,0,2,5,1,0,3,7,20,"H","W",73,31,19,22,19,7,14,13,6,27,33,8,15,3,15,89,73,31,19,22,19,7,14,13,6,27,33,8,15,3,15,89,0.85,16.7,101.8,0.09,0,0,60,1,10.7,59,29.94,6.5,16.7,"2023-2024"
"FEN","PAN","42_1","Final Four","Konstantinos  Mitoglou",26,2,1,1,100,0,2,0,0,0,NA,0,4,4,0,2,0,1,0,2,2,7,"H","W",73,31,19,22,19,7,14,13,6,27,33,8,15,3,15,89,73,31,19,22,19,7,14,13,6,27,33,8,15,3,15,89,0.67,2.9,69,0.04,0,NA,33.3,0,3.4,33.3,0,1.2,0,"2023-2024"
"FEN","PAN","42_1","Final Four","Panagiotis  Kalaitzakis",8,5,0,0,NA,1,1,100,2,2,100,1,3,4,0,0,0,0,0,0,2,11,"H","W",73,31,19,22,19,7,14,13,6,27,33,8,15,3,15,89,73,31,19,22,19,7,14,13,6,27,33,8,15,3,15,89,1.67,0.8,625,0.07,0,NA,150,2,6.3,133,0,2.5,8.3,"2023-2024"
"FEN","PAN","42_1","Final Four","Kostas  Sloukas",18,4,1,2,50,0,3,0,2,2,100,0,2,2,3,0,2,0,0,1,2,4,"H","W",73,31,19,22,19,7,14,13,6,27,33,8,15,3,15,89,73,31,19,22,19,7,14,13,6,27,33,8,15,3,15,89,0.57,7.6,52.6,0.02,39.5,1.5,20,0.4,1.2,34,26.32,4.7,0,"2023-2024"
"FEN","PAN","42_1","Final Four","Kostas  Antetokounmpo",7,0,0,1,0,0,0,NA,0,2,0,0,2,2,0,0,1,1,0,1,2,0,"H","W",73,31,19,22,19,7,14,13,6,27,33,8,15,3,15,89,73,31,19,22,19,7,14,13,6,27,33,8,15,3,15,89,0,2.8,0,-0.02,0,0,0,2,-1.6,0,35.71,4.4,0,"2023-2024"
"FEN","PAN","42_1","Final Four","Marius  Grigonis",17,6,3,4,75,0,1,0,0,0,NA,1,0,1,3,1,0,0,0,1,1,9,"H","W",73,31,19,22,19,7,14,13,6,27,33,8,15,3,15,89,73,31,19,22,19,7,14,13,6,27,33,8,15,3,15,89,1.2,3.8,157.9,0.06,78.9,Inf,60,0,7.1,60,0,3.2,8.3,"2023-2024"
"FEN","PAN","42_1","Final Four","Juan  Hernangomez",7,3,0,0,NA,1,2,50,0,0,NA,0,1,1,0,1,1,0,0,0,0,3,"H","W",73,31,19,22,19,7,14,13,6,27,33,8,15,3,15,89,73,31,19,22,19,7,14,13,6,27,33,8,15,3,15,89,1.5,2.9,103.4,0.02,0,0,75,0,2.3,75,34.48,4.6,0,"2023-2024"
"PAN","FEN","42_1","Final Four","Johnathan  Motley",3,0,0,0,NA,0,0,NA,0,0,NA,0,1,1,0,0,0,0,0,1,0,0,"A","L",57,24,35,9,11,9,8,14,6,20,26,6,15,0,21,39,57,24,35,9,11,9,8,14,6,20,26,6,15,0,21,39,NA,0,NA,0,NA,NA,NA,NA,-0.1,NA,NA,0,0,"2023-2024"
"PAN","FEN","42_1","Final Four","Scottie  Wilbekin",24,2,1,5,20,0,5,0,0,0,NA,1,1,2,2,1,4,0,1,3,1,-9,"A","L",57,24,35,9,11,9,8,14,6,20,26,6,15,0,21,39,57,24,35,9,11,9,8,14,6,20,26,6,15,0,21,39,0.2,12.5,16,-0.2,16,0.5,10,0,-6.4,10,32,6,8.3,"2023-2024"
"PAN","FEN","42_1","Final Four","Nigel  Hayes-Davis",32,14,3,4,75,2,6,33.3,2,3,66.7,1,3,4,2,1,1,0,1,1,6,18,"A","L",57,24,35,9,11,9,8,14,6,20,26,6,15,0,21,39,57,24,35,9,11,9,8,14,6,20,26,6,15,0,21,39,1.08,10.9,128.4,0.26,18.3,2,60,0.3,11.2,61.8,9.17,4,8.3,"2023-2024"
"PAN","FEN","42_1","Final Four","Dyshawn  Pierre",9,0,0,1,0,0,2,0,0,0,NA,0,0,0,0,0,0,0,0,1,0,-4,"A","L",57,24,35,9,11,9,8,14,6,20,26,6,15,0,21,39,57,24,35,9,11,9,8,14,6,20,26,6,15,0,21,39,0,2.9,0,-0.08,0,NA,0,0,-2.5,0,0,3.4,0,"2023-2024"
"PAN","FEN","42_1","Final Four","Nick  Calathes",34,5,1,2,50,1,3,33.3,0,0,NA,2,7,9,4,3,3,0,0,3,1,13,"A","L",57,24,35,9,11,9,8,14,6,20,26,6,15,0,21,39,57,24,35,9,11,9,8,14,6,20,26,6,15,0,21,39,1,5.8,86.2,0.23,69,1.3,50,0,7.4,50,51.72,2.4,16.7,"2023-2024"
"PAN","FEN","42_1","Final Four","Sertac  Sanli",21,7,1,3,33.3,1,2,50,2,2,100,1,1,2,1,0,1,0,0,1,3,8,"A","L",57,24,35,9,11,9,8,14,6,20,26,6,15,0,21,39,57,24,35,9,11,9,8,14,6,20,26,6,15,0,21,39,1,5.6,125,0.09,17.9,1,50,0.4,4.6,59.5,17.86,3.4,8.3,"2023-2024"
"PAN","FEN","42_1","Final Four","Georgios  Papagiannis",4,3,0,0,NA,1,2,50,0,0,NA,0,1,1,0,0,0,0,0,1,0,2,"A","L",57,24,35,9,11,9,8,14,6,20,26,6,15,0,21,39,57,24,35,9,11,9,8,14,6,20,26,6,15,0,21,39,1.5,1.9,157.9,0.04,0,NA,75,0,1.9,75,0,5.1,0,"2023-2024"
"PAN","FEN","42_1","Final Four","Tarik  Biberovic",18,4,1,2,50,0,2,0,2,2,100,0,2,2,2,0,1,0,0,4,2,2,"A","L",57,24,35,9,11,9,8,14,6,20,26,6,15,0,21,39,57,24,35,9,11,9,8,14,6,20,26,6,15,0,21,39,0.67,5.6,71.4,0,35.7,2,25,0.5,1,41,17.86,3.4,0,"2023-2024"
"PAN","FEN","42_1","Final Four","Marko  Guduric",25,10,2,5,40,2,6,33.3,0,0,NA,1,1,2,2,1,3,0,1,3,0,1,"A","L",57,24,35,9,11,9,8,14,6,20,26,6,15,0,21,39,57,24,35,9,11,9,8,14,6,20,26,6,15,0,21,39,0.91,12.5,80,0.03,16,0.7,45.5,0,3.1,45.5,24,5.7,8.3,"2023-2024"
"PAN","FEN","42_1","Final Four","Tyler  Dorsey",10,2,1,1,100,0,2,0,0,0,NA,0,1,1,1,0,0,0,0,1,1,2,"A","L",57,24,35,9,11,9,8,14,6,20,26,6,15,0,21,39,57,24,35,9,11,9,8,14,6,20,26,6,15,0,21,39,0.67,2.9,69,0.02,34.5,Inf,33.3,0,0.9,33.3,0,3.1,0,"2023-2024"
"PAN","FEN","42_1","Final Four","Nathan  Sestina",19,10,1,1,100,2,5,40,2,2,100,0,2,2,0,0,2,0,0,2,1,6,"A","L",57,24,35,9,11,9,8,14,6,20,26,6,15,0,21,39,57,24,35,9,11,9,8,14,6,20,26,6,15,0,21,39,1.25,8.5,117.6,0.1,0,0,66.7,0.33,4.8,72.7,23.53,4.8,0,"2023-2024"
"OLY","RMB","42_2","Final Four","Facundo  Campazzo",30,3,1,2,50,0,2,0,1,2,50,2,3,5,9,2,3,0,0,2,5,15,"H","W",87,28,27,19,19,12,13,19,7,23,30,8,13,7,22,107,87,28,27,19,19,12,13,19,7,23,30,8,13,7,22,107,0.5,5.6,53.6,0.06,160.7,3,25,0.5,7,30.7,53.57,2.8,14.3,"2023-2024"
"OLY","RMB","42_2","Final Four","Mario  Hezonja",33,12,1,1,100,3,11,27.3,1,1,100,0,6,6,0,2,1,0,0,3,1,9,"H","W",87,28,27,19,19,12,13,19,7,23,30,8,13,7,22,107,87,28,27,19,19,12,13,19,7,23,30,8,13,7,22,107,0.92,12.9,93,0.05,0,0,45.8,0.08,6.8,48.2,7.75,4.3,0,"2023-2024"
"OLY","RMB","42_2","Final Four","Walter  Tavares",22,9,3,3,100,0,0,NA,3,4,75,1,3,4,0,0,2,3,0,5,3,11,"H","W",87,28,27,19,19,12,13,19,7,23,30,8,13,7,22,107,87,28,27,19,19,12,13,19,7,23,30,8,13,7,22,107,1.29,5.5,163.6,0.04,0,0,100,1.33,7.4,94.5,36.36,3.2,7.1,"2023-2024"
"OLY","RMB","42_2","Final Four","Eli  Ndiaye",10,0,0,0,NA,0,0,NA,0,0,NA,0,1,1,0,0,0,0,0,2,0,-1,"H","W",87,28,27,19,19,12,13,19,7,23,30,8,13,7,22,107,87,28,27,19,19,12,13,19,7,23,30,8,13,7,22,107,NA,0,NA,-0.01,NA,NA,NA,NA,-0.5,NA,NA,0,0,"2023-2024"
"OLY","RMB","42_2","Final Four","Dzanan  Musa",26,20,5,9,55.6,3,5,60,1,1,100,2,1,3,2,1,1,2,1,1,4,23,"H","W",87,28,27,19,19,12,13,19,7,23,30,8,13,7,22,107,87,28,27,19,19,12,13,19,7,23,30,8,13,7,22,107,1.33,12.9,155,0.11,15.5,2,67.9,0.07,17.5,69.3,7.75,6.2,14.3,"2023-2024"
"OLY","RMB","42_2","Final Four","Fabien  Causeur",6,4,0,0,NA,1,1,100,1,2,50,0,1,1,0,0,1,1,0,0,2,6,"H","W",87,28,27,19,19,12,13,19,7,23,30,8,13,7,22,107,87,28,27,19,19,12,13,19,7,23,30,8,13,7,22,107,1.33,2.8,142.9,0.02,0,0,150,2,3.3,106.4,35.71,5,0,"2023-2024"
"OLY","RMB","42_2","Final Four","Rudy  Fernandez",5,0,0,0,NA,0,0,NA,0,0,NA,0,1,1,1,0,0,0,0,2,0,0,"H","W",87,28,27,19,19,12,13,19,7,23,30,8,13,7,22,107,87,28,27,19,19,12,13,19,7,23,30,8,13,7,22,107,NA,0,NA,0,Inf,Inf,NA,NA,0.2,NA,NA,0,0,"2023-2024"
"OLY","RMB","42_2","Final Four","Alberto   Abalde",0,0,0,0,NA,0,0,NA,0,0,NA,0,0,0,0,0,0,0,0,0,0,0,"H","W",87,28,27,19,19,12,13,19,7,23,30,8,13,7,22,107,87,28,27,19,19,12,13,19,7,23,30,8,13,7,22,107,NA,0,NA,0,NA,NA,NA,NA,0,NA,NA,NA,0,"2023-2024"
"OLY","RMB","42_2","Final Four","Sergio  Rodriguez",14,8,1,2,50,2,2,100,0,0,NA,0,3,3,4,1,1,0,0,1,0,13,"H","W",87,28,27,19,19,12,13,19,7,23,30,8,13,7,22,107,87,28,27,19,19,12,13,19,7,23,30,8,13,7,22,107,2,4.8,166.7,0.08,83.3,4,100,0,9.7,100,20.83,3.7,0,"2023-2024"
"OLY","RMB","42_2","Final Four","Vincent  Poirier",17,11,4,5,80,0,0,NA,3,3,100,1,2,3,0,1,2,1,0,1,2,14,"H","W",87,28,27,19,19,12,13,19,7,23,30,8,13,7,22,107,87,28,27,19,19,12,13,19,7,23,30,8,13,7,22,107,1.38,7,157.1,0.07,0,0,80,0.6,9.7,87,28.57,5.1,7.1,"2023-2024"
"OLY","RMB","42_2","Final Four","Sergio  Llull",11,9,2,4,50,1,2,50,2,5,40,0,1,1,3,0,1,0,0,1,3,8,"H","W",87,28,27,19,19,12,13,19,7,23,30,8,13,7,22,107,87,28,27,19,19,12,13,19,7,23,30,8,13,7,22,107,0.82,8.8,102.3,0.03,34.1,3,58.3,0.83,5.8,54.9,11.36,8.8,0,"2023-2024"
"OLY","RMB","42_2","Final Four","Guerschon  Yabusele",23,11,2,2,100,2,4,50,1,1,100,1,1,2,0,1,1,0,0,4,2,9,"H","W",87,28,27,19,19,12,13,19,7,23,30,8,13,7,22,107,87,28,27,19,19,12,13,19,7,23,30,8,13,7,22,107,1.57,6.2,177.4,0.04,0,0,83.3,0.17,7.8,85.4,16.13,3.4,7.1,"2023-2024"
"RMB","OLY","42_2","Final Four","Thomas  Walkup",27,4,2,5,40,0,6,0,0,0,NA,2,1,3,5,2,0,0,2,4,2,1,"A","L",76,29,33,15,12,14,10,15,14,17,31,9,14,1,22,70,76,29,33,15,12,14,10,15,14,17,31,9,14,1,22,70,0.36,8.6,46.5,0,58.1,Inf,18.2,0,2.7,18.2,0,3.9,7.1,"2023-2024"
"RMB","OLY","42_2","Final Four","Isaiah  Canaan",19,7,0,0,NA,2,5,40,1,1,100,0,0,0,1,0,2,0,0,3,1,1,"A","L",76,29,33,15,12,14,10,15,14,17,31,9,14,1,22,70,76,29,33,15,12,14,10,15,14,17,31,9,14,1,22,70,1.17,7.1,98.6,0,14.1,0.5,60,0.2,1.8,64.3,28.17,3.8,0,"2023-2024"
"RMB","OLY","42_2","Final Four","Moustapha  Fall",27,2,1,1,100,0,0,NA,0,2,0,3,3,6,2,0,1,1,0,3,2,7,"A","L",76,29,33,15,12,14,10,15,14,17,31,9,14,1,22,70,76,29,33,15,12,14,10,15,14,17,31,9,14,1,22,70,0.67,-0.1,-2000,0.03,-2000,2,100,2,3.8,53.2,-1000,1,10.7,"2023-2024"
"RMB","OLY","42_2","Final Four","Kostas  Papanikolaou",21,3,1,2,50,0,3,0,1,3,33.3,1,2,3,0,0,0,0,0,2,3,1,"A","L",76,29,33,15,12,14,10,15,14,17,31,9,14,1,22,70,76,29,33,15,12,14,10,15,14,17,31,9,14,1,22,70,0.38,5.1,58.8,-0.03,0,NA,20,0.6,-0.4,23.7,0,2.9,3.6,"2023-2024"
"RMB","OLY","42_2","Final Four","Alec  Peters",29,23,3,6,50,5,6,83.3,2,2,100,6,4,10,1,0,2,0,2,4,4,26,"A","L",76,29,33,15,12,14,10,15,14,17,31,9,14,1,22,70,76,29,33,15,12,14,10,15,14,17,31,9,14,1,22,70,1.64,8.5,270.6,0.22,11.8,0.5,87.5,0.17,20.3,89.3,23.53,5,21.4,"2023-2024"
"RMB","OLY","42_2","Final Four","Nigel  Williams-Goss",30,15,3,9,33.3,3,5,60,0,0,NA,2,2,4,3,4,3,0,2,2,2,13,"A","L",76,29,33,15,12,14,10,15,14,17,31,9,14,1,22,70,76,29,33,15,12,14,10,15,14,17,31,9,14,1,22,70,1.07,14.4,104.2,0.13,20.8,1,53.6,0,11.9,53.6,20.83,5.5,7.1,"2023-2024"
"RMB","OLY","42_2","Final Four","Moses  Wright",2,0,0,0,NA,0,0,NA,0,0,NA,0,0,0,0,0,1,0,0,1,0,-2,"A","L",76,29,33,15,12,14,10,15,14,17,31,9,14,1,22,70,76,29,33,15,12,14,10,15,14,17,31,9,14,1,22,70,NA,1,0,-0.02,0,0,NA,NA,-1.4,NA,100,4.8,0,"2023-2024"
"RMB","OLY","42_2","Final Four","Filip  Petrusev",8,5,0,1,0,1,2,50,2,2,100,0,1,1,0,0,1,0,1,0,3,5,"A","L",76,29,33,15,12,14,10,15,14,17,31,9,14,1,22,70,76,29,33,15,12,14,10,15,14,17,31,9,14,1,22,70,1,4.7,106.4,0.03,0,0,50,0.67,2.6,64.4,21.28,5.9,0,"2023-2024"
"RMB","OLY","42_2","Final Four","Nikola  Milutinov",10,0,0,0,NA,0,0,NA,0,0,NA,0,0,0,2,0,1,0,0,0,1,2,"A","L",76,29,33,15,12,14,10,15,14,17,31,9,14,1,22,70,76,29,33,15,12,14,10,15,14,17,31,9,14,1,22,70,NA,1,0,0.01,200,2,NA,NA,0.4,NA,100,1,0,"2023-2024"
"RMB","OLY","42_2","Final Four","Shaquielle  McKissic",26,17,2,5,40,3,6,50,4,5,80,0,4,4,1,3,3,0,0,3,4,16,"A","L",76,29,33,15,12,14,10,15,14,17,31,9,14,1,22,70,76,29,33,15,12,14,10,15,14,17,31,9,14,1,22,70,1.06,15.6,109,0.13,6.4,0.3,59.1,0.45,11.6,64.4,19.23,6,0,"2023-2024"
"PAN","RMB","44_1","Final Four","Facundo  Campazzo",22,12,2,4,50,2,4,50,2,2,100,1,1,2,4,1,1,0,0,5,5,14,"H","L",80,29,36,18,16,11,15,17,8,20,28,6,7,1,25,79,80,29,36,18,16,11,15,17,8,20,28,6,7,1,25,79,1.2,8.5,141.2,0.08,47.1,4,62.5,0.25,9.8,67.6,11.76,4.5,6.2,"2023-2024"
"PAN","RMB","44_1","Final Four","Mario  Hezonja",32,8,2,4,50,1,7,14.3,1,1,100,1,7,8,2,0,1,0,0,0,4,13,"H","L",80,29,36,18,16,11,15,17,8,20,28,6,7,1,25,79,80,29,36,18,16,11,15,17,8,20,28,6,7,1,25,79,0.67,11,72.7,0.08,18.2,2,31.8,0.09,4.7,35,9.09,3.9,6.2,"2023-2024"
"PAN","RMB","44_1","Final Four","Walter  Tavares",21,4,1,2,50,0,0,NA,2,2,100,1,3,4,1,0,1,1,0,4,2,6,"H","L",80,29,36,18,16,11,15,17,8,20,28,6,7,1,25,79,80,29,36,18,16,11,15,17,8,20,28,6,7,1,25,79,1,2.8,142.9,0.03,35.7,1,50,1,3.4,69.4,35.71,1.8,6.2,"2023-2024"
"PAN","RMB","44_1","Final Four","Eli  Ndiaye",7,8,1,1,100,2,2,100,0,0,NA,0,1,1,0,0,0,0,0,1,0,8,"H","L",80,29,36,18,16,11,15,17,8,20,28,6,7,1,25,79,80,29,36,18,16,11,15,17,8,20,28,6,7,1,25,79,2.67,2.9,275.9,0.07,0,NA,133.3,0,7,133.3,0,4.3,0,"2023-2024"
"PAN","RMB","44_1","Final Four","Dzanan  Musa",28,15,3,4,75,1,6,16.7,6,9,66.7,3,2,5,4,1,1,0,0,1,5,19,"H","L",80,29,36,18,16,11,15,17,8,20,28,6,7,1,25,79,80,29,36,18,16,11,15,17,8,20,28,6,7,1,25,79,0.79,11.5,130.4,0.11,34.8,4,45,0.9,13.5,53.7,8.7,5.3,18.8,"2023-2024"
"PAN","RMB","44_1","Final Four","Fabien  Causeur",4,2,1,1,100,0,0,NA,0,0,NA,0,0,0,0,0,0,0,0,1,2,3,"H","L",80,29,36,18,16,11,15,17,8,20,28,6,7,1,25,79,80,29,36,18,16,11,15,17,8,20,28,6,7,1,25,79,2,1,200,0.01,0,NA,100,0,1.3,100,0,2.5,0,"2023-2024"
"PAN","RMB","44_1","Final Four","Rudy  Fernandez",10,0,0,0,NA,0,1,0,0,0,NA,0,1,1,1,3,1,0,0,1,0,2,"H","L",80,29,36,18,16,11,15,17,8,20,28,6,7,1,25,79,80,29,36,18,16,11,15,17,8,20,28,6,7,1,25,79,0,1.9,0,0.02,52.6,1,0,0,1.9,0,52.63,2,0,"2023-2024"
"PAN","RMB","44_1","Final Four","Sergio  Rodriguez",17,11,3,5,60,1,4,25,2,2,100,0,2,2,2,0,0,0,0,4,1,7,"H","L",80,29,36,18,16,11,15,17,8,20,28,6,7,1,25,79,80,29,36,18,16,11,15,17,8,20,28,6,7,1,25,79,1,9.5,115.8,0.06,21.1,Inf,50,0.22,6.7,55.7,0,5.8,0,"2023-2024"
"PAN","RMB","44_1","Final Four","Vincent  Poirier",16,8,3,6,50,0,0,NA,2,2,100,2,2,4,2,1,0,0,0,5,1,8,"H","L",80,29,36,18,16,11,15,17,8,20,28,6,7,1,25,79,80,29,36,18,16,11,15,17,8,20,28,6,7,1,25,79,1,4.7,170.2,0.06,42.6,Inf,50,0.33,7.4,58.1,0,4.3,12.5,"2023-2024"
"PAN","RMB","44_1","Final Four","Sergio  Llull",21,6,0,2,0,2,7,28.6,0,0,NA,0,0,0,1,0,1,0,0,1,0,-2,"H","L",80,29,36,18,16,11,15,17,8,20,28,6,7,1,25,79,80,29,36,18,16,11,15,17,8,20,28,6,7,1,25,79,0.67,9.6,62.5,-0.02,10.4,1,33.3,0,-0.2,33.3,10.42,4.8,0,"2023-2024"
"PAN","RMB","44_1","Final Four","Guerschon  Yabusele",20,6,0,0,NA,2,5,40,0,0,NA,0,1,1,0,0,1,0,0,2,0,1,"H","L",80,29,36,18,16,11,15,17,8,20,28,6,7,1,25,79,80,29,36,18,16,11,15,17,8,20,28,6,7,1,25,79,1.2,5.8,103.4,0.01,0,0,60,0,1.8,60,17.24,3,0,"2023-2024"
"RMB","PAN","44_1","Final Four","Ioannis  Papapetrou",18,4,0,1,0,1,2,50,1,2,50,1,0,1,0,0,0,0,0,2,1,1,"A","W",95,35,22,30,18,12,23,13,4,25,29,3,9,0,20,100,95,35,22,30,18,12,23,13,4,25,29,3,9,0,20,100,0.8,2.8,142.9,0,0,NA,50,0.67,1.8,51.5,0,2.2,12.5,"2023-2024"
"RMB","PAN","44_1","Final Four","Jerian  Grant",33,11,2,6,33.3,2,2,100,1,2,50,0,6,6,5,2,0,0,0,3,1,17,"A","W",95,35,22,30,18,12,23,13,4,25,29,3,9,0,20,100,95,35,22,30,18,12,23,13,4,25,29,3,9,0,20,100,1.1,8.5,129.4,0.11,58.8,Inf,62.5,0.25,12.7,61.9,0,2.7,0,"2023-2024"
"RMB","PAN","44_1","Final Four","Kendrick  Nunn",24,21,6,12,50,2,6,33.3,3,3,100,1,2,3,3,0,2,0,1,4,2,12,"A","W",95,35,22,30,18,12,23,13,4,25,29,3,9,0,20,100,95,35,22,30,18,12,23,13,4,25,29,3,9,0,20,100,1,19.5,107.7,0.07,15.4,1.5,50,0.17,11.4,54.3,10.26,9,12.5,"2023-2024"
"RMB","PAN","44_1","Final Four","Mathias  Lessort",33,17,5,8,62.5,0,1,0,7,10,70,2,4,6,1,0,1,0,0,4,10,22,"A","W",95,35,22,30,18,12,23,13,4,25,29,3,9,0,20,100,95,35,22,30,18,12,23,13,4,25,29,3,9,0,20,100,0.89,11.9,142.9,0.07,8.4,1,55.6,1.11,12.2,63.4,8.4,4.4,25,"2023-2024"
"RMB","PAN","44_1","Final Four","Konstantinos  Mitoglou",17,8,1,3,33.3,2,2,100,0,0,NA,0,3,3,0,0,0,0,0,1,1,9,"A","W",95,35,22,30,18,12,23,13,4,25,29,3,9,0,20,100,95,35,22,30,18,12,23,13,4,25,29,3,9,0,20,100,1.6,4.8,166.7,0.05,0,NA,80,0,6.2,80,0,3,0,"2023-2024"
"RMB","PAN","44_1","Final Four","Panagiotis  Kalaitzakis",6,2,0,0,NA,0,1,0,2,2,100,0,2,2,0,0,1,0,0,1,1,2,"A","W",95,35,22,30,18,12,23,13,4,25,29,3,9,0,20,100,95,35,22,30,18,12,23,13,4,25,29,3,9,0,20,100,0.67,2.8,71.4,0.01,0,0,0,2,0.5,53.2,35.71,4.8,0,"2023-2024"
"RMB","PAN","44_1","Final Four","Luca  Vildoza",13,3,0,0,NA,1,1,100,0,0,NA,0,1,1,0,0,1,0,0,0,0,3,"A","W",95,35,22,30,18,12,23,13,4,25,29,3,9,0,20,100,95,35,22,30,18,12,23,13,4,25,29,3,9,0,20,100,3,1.9,157.9,0.02,0,0,150,0,2,150,52.63,1.6,0,"2023-2024"
"RMB","PAN","44_1","Final Four","Kostas  Sloukas",25,24,2,2,100,4,4,100,8,9,88.9,0,2,2,3,0,2,0,0,2,7,31,"A","W",95,35,22,30,18,12,23,13,4,25,29,3,9,0,20,100,95,35,22,30,18,12,23,13,4,25,29,3,9,0,20,100,1.6,11.5,208.7,0.16,26.1,1.5,133.3,1.5,21.7,120.5,17.39,4.8,0,"2023-2024"
"RMB","PAN","44_1","Final Four","Kostas  Antetokounmpo",3,0,0,0,NA,0,0,NA,0,0,NA,0,0,0,0,0,0,0,0,0,0,0,"A","W",95,35,22,30,18,12,23,13,4,25,29,3,9,0,20,100,95,35,22,30,18,12,23,13,4,25,29,3,9,0,20,100,NA,0,NA,0,NA,NA,NA,NA,0,NA,NA,0,0,"2023-2024"
"RMB","PAN","44_1","Final Four","Marius  Grigonis",7,0,0,1,0,0,0,NA,0,0,NA,0,1,1,0,0,1,0,0,2,0,-3,"A","W",95,35,22,30,18,12,23,13,4,25,29,3,9,0,20,100,95,35,22,30,18,12,23,13,4,25,29,3,9,0,20,100,0,1.9,0,-0.02,0,0,0,0,-2.2,0,52.63,2.9,0,"2023-2024"
"RMB","PAN","44_1","Final Four","Juan  Hernangomez",20,5,2,2,100,0,3,0,1,2,50,0,4,4,1,1,1,0,0,1,1,6,"A","W",95,35,22,30,18,12,23,13,4,25,29,3,9,0,20,100,95,35,22,30,18,12,23,13,4,25,29,3,9,0,20,100,0.71,6.6,75.8,0.03,15.2,1,40,0.4,3.4,42.5,15.15,3.5,0,"2023-2024"
"FEN","OLY","43_1","Final Four","Thomas  Walkup",16,3,0,2,0,1,1,100,0,0,NA,1,1,2,2,0,1,0,0,2,1,3,"H","W",87,37,23,17,15,15,12,19,13,26,39,8,20,1,18,95,87,37,23,17,15,15,12,19,13,26,39,8,20,1,18,95,1,2.9,103.4,0.01,69,2,50,0,1.9,50,34.48,2.3,3.8,"2023-2024"
"FEN","OLY","43_1","Final Four","Isaiah  Canaan",14,8,0,1,0,2,3,66.7,2,2,100,0,0,0,1,0,1,0,0,1,1,6,"H","W",87,37,23,17,15,15,12,19,13,26,39,8,20,1,18,95,87,37,23,17,15,15,12,19,13,26,39,8,20,1,18,95,1.33,5.6,142.9,0.03,17.9,1,75,0.5,5.3,82,17.86,3.8,0,"2023-2024"
"FEN","OLY","43_1","Final Four","Moustapha  Fall",11,2,1,2,50,0,0,NA,0,2,0,2,3,5,2,0,4,0,0,1,1,2,"H","W",87,37,23,17,15,15,12,19,13,26,39,8,20,1,18,95,87,37,23,17,15,15,12,19,13,26,39,8,20,1,18,95,0.5,4.7,42.6,0,42.6,0.5,50,1,-0.5,34.7,85.11,5.7,7.7,"2023-2024"
"FEN","OLY","43_1","Final Four","Kostas  Papanikolaou",17,5,1,2,50,1,4,25,0,0,NA,1,2,3,1,0,0,0,0,1,2,6,"H","W",87,37,23,17,15,15,12,19,13,26,39,8,20,1,18,95,87,37,23,17,15,15,12,19,13,26,39,8,20,1,18,95,0.83,4.8,104.2,0.02,20.8,Inf,41.7,0,3.2,41.7,0,3.2,3.8,"2023-2024"
"FEN","OLY","43_1","Final Four","Alec  Peters",28,20,2,2,100,5,7,71.4,1,1,100,1,5,6,1,1,3,0,0,3,1,21,"H","W",87,37,23,17,15,15,12,19,13,26,39,8,20,1,18,95,87,37,23,17,15,15,12,19,13,26,39,8,20,1,18,95,2,11,181.8,0.13,9.1,0.3,105.6,0.11,16.2,105.9,27.27,4.1,3.8,"2023-2024"
"FEN","OLY","43_1","Final Four","Nigel  Williams-Goss",26,12,4,10,40,1,1,100,1,1,100,0,2,2,6,0,2,0,2,3,2,9,"H","W",87,37,23,17,15,15,12,19,13,26,39,8,20,1,18,95,87,37,23,17,15,15,12,19,13,26,39,8,20,1,18,95,1,12.9,93,0.06,46.5,3,50,0.09,7.9,52.4,15.5,4.7,0,"2023-2024"
"FEN","OLY","43_1","Final Four","Moses  Wright",14,8,2,2,100,0,0,NA,4,6,66.7,2,5,7,0,0,2,1,0,2,4,14,"H","W",87,37,23,17,15,15,12,19,13,26,39,8,20,1,18,95,87,37,23,17,15,15,12,19,13,26,39,8,20,1,18,95,1,4.5,177.8,0.06,0,0,100,3,7.4,86.2,44.44,4.3,7.7,"2023-2024"
"FEN","OLY","43_1","Final Four","Giannoulis  Larentzakis",23,10,2,5,40,2,3,66.7,0,0,NA,0,2,2,1,4,5,0,1,3,1,5,"H","W",87,37,23,17,15,15,12,19,13,26,39,8,20,1,18,95,87,37,23,17,15,15,12,19,13,26,39,8,20,1,18,95,1.25,12.5,80,0.03,8,0.2,62.5,0,5.1,62.5,40,5.2,0,"2023-2024"
"FEN","OLY","43_1","Final Four","Naz  Mitrou-Long",7,0,0,1,0,0,0,NA,0,0,NA,0,1,1,0,0,0,0,0,0,0,0,"H","W",87,37,23,17,15,15,12,19,13,26,39,8,20,1,18,95,87,37,23,17,15,15,12,19,13,26,39,8,20,1,18,95,0,1,0,0,0,NA,0,0,-0.4,0,0,1.3,0,"2023-2024"
"FEN","OLY","43_1","Final Four","Filip  Petrusev",6,0,0,1,0,0,0,NA,0,0,NA,0,2,2,1,0,0,0,0,2,0,0,"H","W",87,37,23,17,15,15,12,19,13,26,39,8,20,1,18,95,87,37,23,17,15,15,12,19,13,26,39,8,20,1,18,95,0,1,0,0,100,Inf,0,0,-0.2,0,0,1.5,0,"2023-2024"
"FEN","OLY","43_1","Final Four","Nikola  Milutinov",20,10,3,8,37.5,0,0,NA,4,5,80,6,2,8,1,0,0,0,0,0,4,17,"H","W",87,37,23,17,15,15,12,19,13,26,39,8,20,1,18,95,87,37,23,17,15,15,12,19,13,26,39,8,20,1,18,95,0.77,4,250,0.07,25,Inf,37.5,0.62,10.7,49,0,4.7,23.1,"2023-2024"
"FEN","OLY","43_1","Final Four","Shaquielle  McKissic",16,9,0,1,0,3,4,75,0,0,NA,0,1,1,3,3,2,0,0,0,0,12,"H","W",87,37,23,17,15,15,12,19,13,26,39,8,20,1,18,95,87,37,23,17,15,15,12,19,13,26,39,8,20,1,18,95,1.8,6.7,134.3,0.08,44.8,1.5,90,0,10.1,90,29.85,4,0,"2023-2024"
"OLY","FEN","43_1","Final Four","Scottie  Wilbekin",27,16,1,4,25,4,6,66.7,2,2,100,1,3,4,5,4,1,0,0,2,3,24,"A","L",84,36,28,17,19,12,10,24,10,19,29,11,11,3,17,100,84,36,28,17,19,12,10,24,10,19,29,11,11,3,17,100,1.33,10.4,153.8,0.13,48.1,5,70,0.2,18.3,73.5,9.62,4.3,5,"2023-2024"
"OLY","FEN","43_1","Final Four","Sertac  Sanli",19,11,1,1,100,3,7,42.9,0,0,NA,0,2,2,4,1,1,0,0,3,0,10,"A","L",84,36,28,17,19,12,10,24,10,19,29,11,11,3,17,100,84,36,28,17,19,12,10,24,10,19,29,11,11,3,17,100,1.38,8.6,127.9,0.07,46.5,4,68.8,0,9.2,68.8,11.63,4.6,0,"2023-2024"
"OLY","FEN","43_1","Final Four","Nigel  Hayes-Davis",24,3,0,3,0,1,2,50,0,0,NA,1,1,2,3,2,0,0,0,3,2,5,"A","L",84,36,28,17,19,12,10,24,10,19,29,11,11,3,17,100,84,36,28,17,19,12,10,24,10,19,29,11,11,3,17,100,0.6,3.8,78.9,0.02,78.9,Inf,30,0,3.8,30,0,2,5,"2023-2024"
"OLY","FEN","43_1","Final Four","Dyshawn  Pierre",24,19,7,10,70,1,3,33.3,2,2,100,1,4,5,3,0,1,1,0,2,3,23,"A","L",84,36,28,17,19,12,10,24,10,19,29,11,11,3,17,100,84,36,28,17,19,12,10,24,10,19,29,11,11,3,17,100,1.27,13.3,142.9,0.12,22.6,3,65.4,0.15,16,68.4,7.52,6,5,"2023-2024"
"OLY","FEN","43_1","Final Four","Nick  Calathes",29,3,1,3,33.3,0,2,0,1,1,100,3,1,4,4,0,2,0,0,1,2,6,"A","L",84,36,28,17,19,12,10,24,10,19,29,11,11,3,17,100,84,36,28,17,19,12,10,24,10,19,29,11,11,3,17,100,0.5,4.3,69.8,0.02,93,2,20,0.2,2.7,27.6,46.51,2.5,15,"2023-2024"
"OLY","FEN","43_1","Final Four","Johnathan  Motley",15,7,3,6,50,0,0,NA,1,2,50,2,1,3,2,1,2,0,0,1,1,7,"A","L",84,36,28,17,19,12,10,24,10,19,29,11,11,3,17,100,84,36,28,17,19,12,10,24,10,19,29,11,11,3,17,100,0.88,6.6,106.1,0.03,30.3,1,50,0.33,5.3,50.9,30.3,5.7,10,"2023-2024"
"OLY","FEN","43_1","Final Four","Sehmus  Hazer",4,0,0,0,NA,0,0,NA,0,2,0,0,0,0,0,0,0,0,0,0,1,-1,"A","L",84,36,28,17,19,12,10,24,10,19,29,11,11,3,17,100,84,36,28,17,19,12,10,24,10,19,29,11,11,3,17,100,0,0.8,0,-0.01,0,NA,NA,Inf,-0.8,0,0,2.1,0,"2023-2024"
"OLY","FEN","43_1","Final Four","Georgios  Papagiannis",6,6,1,2,50,1,1,100,1,2,50,0,3,3,0,0,0,1,0,0,1,9,"A","L",84,36,28,17,19,12,10,24,10,19,29,11,11,3,17,100,84,36,28,17,19,12,10,24,10,19,29,11,11,3,17,100,1.2,3.7,162.2,0.05,0,NA,83.3,0.67,5.9,77.3,0,6.3,0,"2023-2024"
"OLY","FEN","43_1","Final Four","Marko  Guduric",15,6,3,4,75,0,1,0,0,0,NA,0,1,1,1,1,1,0,0,3,1,4,"A","L",84,36,28,17,19,12,10,24,10,19,29,11,11,3,17,100,84,36,28,17,19,12,10,24,10,19,29,11,11,3,17,100,1.2,5.8,103.4,0.02,17.2,1,60,0,3.5,60,17.24,3.9,0,"2023-2024"
"OLY","FEN","43_1","Final Four","Tyler  Dorsey",13,5,0,1,0,1,3,33.3,2,4,50,0,1,1,0,1,1,0,1,1,2,1,"A","L",84,36,28,17,19,12,10,24,10,19,29,11,11,3,17,100,84,36,28,17,19,12,10,24,10,19,29,11,11,3,17,100,0.62,6.5,76.9,0,0,0,37.5,1,1.7,43.4,15.38,5,0,"2023-2024"
"OLY","FEN","43_1","Final Four","Yam  Madar",7,0,0,0,NA,0,0,NA,0,0,NA,0,0,0,2,0,0,1,0,0,1,4,"A","L",84,36,28,17,19,12,10,24,10,19,29,11,11,3,17,100,84,36,28,17,19,12,10,24,10,19,29,11,11,3,17,100,NA,0,NA,0.02,Inf,Inf,NA,NA,2.1,NA,NA,0,0,"2023-2024"
"OLY","FEN","43_1","Final Four","Nathan  Sestina",16,8,2,2,100,1,3,33.3,1,2,50,2,2,4,0,1,2,0,0,1,1,8,"A","L",84,36,28,17,19,12,10,24,10,19,29,11,11,3,17,100,84,36,28,17,19,12,10,24,10,19,29,11,11,3,17,100,1.14,5.6,142.9,0.04,0,0,70,0.4,5.9,68,35.71,4.8,10,"2023-2024"
